
167
C:/Users/nxconrad/Desktop/REU 2.0/Benchmark Data/16-core/7/flow_freqmine100#1.txt
759
[15, 8, 11, 13, 9, 7, 0, 3, 14, 6, 10, 2, 1, 12, 5, 4]
8   0   100        0          2          102        0          500        1  Right
0   8   500        317        319        819        0          2500       1  Right
8   1   100        376        819        919        1          500        1  Left 
1   8   500        678        919        1419       1          2500       1  Left 
8   1   100        725        1419       1519       2          500        1  Left 
3   0   100        1001       1419       1520       0          100        1  Right
6   0   100        1002       1520       1620       2          300        1  Right
5   0   100        1003       1620       1720       3          800        1  Right
9   0   100        1003       1720       1820       4          200        1  Right
1   0   100        1004       1820       1920       5          600        1  Right
15  0   100        1004       1920       2020       6          600        1  Right
12  0   100        1005       2020       2120       7          700        1  Right
14  0   100        1006       2120       2220       8          200        1  Right
10  0   100        1006       2220       2320       9          400        1  Right
11  0   100        1007       2320       2420       10         400        1  Right
1   8   500        1027       2120       2621       8          2500       1  Left 
4   0   100        1008       2621       2721       12         700        1  Left 
13  0   100        1008       2721       2821       13         300        1  Right
7   0   100        1010       2821       2921       14         100        1  Right
2   0   100        1012       2921       3021       15         500        1  Right
0   15  500        1025       3021       3521       16         3000       1  Right
0   1   500        1025       3521       4021       17         3000       1  Right
0   14  500        1032       4021       4521       18         1000       1  Right
0   2   500        1038       4521       5021       19         2500       1  Right
15  0   100        1042       5021       5121       20         600        1  Right
0   13  500        1052       5121       5621       21         1500       1  Right
0   12  500        1052       5621       6121       22         3500       1  Right
1   0   100        1053       6121       6221       23         600        1  Right
14  0   100        1069       6221       6321       24         200        1  Right
1   8   500        1379       6221       6722       24         2500       1  Left 
0   4   500        1075       6722       7222       26         3500       1  Left 
0   5   500        1075       7222       7722       27         4000       1  Right
8   0   100        1077       7722       7822       28         500        1  Right
8   1   100        1079       7822       7922       29         500        1  Left 
0   11  500        1097       7822       8323       29         2000       1  Right
8   0   100        1080       8323       8423       31         500        1  Right
2   0   100        1086       8423       8523       32         500        1  Right
0   6   500        1097       8523       9023       33         1500       1  Right
13  0   100        1102       9023       9123       34         300        1  Right
12  0   100        1118       9123       9223       35         700        1  Right
0   10  500        1119       9223       9723       36         2000       1  Right
0   9   500        1119       9723       10223      37         1000       1  Right
4   0   100        1129       10223      10323      38         700        1  Left 
0   7   500        1141       10323      10823      39         500        1  Right
5   0   100        1145       10823      10923      40         800        1  Right
11  0   100        1156       10923      11023      41         400        1  Right
6   0   100        1172       11023      11123      42         300        1  Right
10  0   100        1183       11123      11223      43         400        1  Right
9   0   100        1199       11223      11323      44         200        1  Right
7   0   100        1210       11323      11423      45         100        1  Right
0   3   500        1319       11423      11923      46         500        1  Right
0   1   100        1340       11923      12023      47         600        1  Right
3   1   100        1353       12023      12123      48         500        1  Right
0   7   500        1356       12023      12524      48         500        1  Right
0   9   500        1356       12524      13024      50         1000       1  Right
7   1   100        1410       13024      13025      51         900        1  Left 
9   1   100        1421       13025      13125      51         800        1  Left 
0   10  500        1357       13024      13425      51         2000       1  Right
10  1   100        1438       13425      13525      53         200        1  Right
0   6   500        1357       13425      13925      54         1500       1  Right
8   6   100        1542       13925      14025      53         800        1  Left 
0   11  500        1378       13925      14425      56         2000       1  Right
0   5   500        1378       14425      14925      58         4000       1  Right
0   4   500        1400       14925      15425      59         3500       1  Left 
0   12  500        1400       15425      15925      60         3500       1  Right
0   13  500        1422       15925      16425      60         1500       1  Right
0   2   500        1422       16425      16925      61         2500       1  Right
0   14  500        1444       16925      17425      62         1000       1  Right
0   1   500        1444       17425      17925      63         3000       1  Right
6   1   100        1449       17925      18025      64         300        1  Right
0   15  500        1466       17925      18426      64         3000       1  Right
11  1   100        1455       18426      18526      66         600        1  Left 
5   1   100        1466       18526      18626      67         200        1  Right
0   8   100        1466       18526      18627      67         500        1  Right
4   1   100        1472       18626      18727      68         300        1  Right
0   8   100        1466       18627      18728      69         500        1  Right
12  1   100        1483       18727      18828      70         100        1  Right
13  1   100        1489       18828      18928      72         700        1  Left 
2   1   100        1493       18928      19028      73         100        1  Right
14  1   100        1504       19028      19128      74         400        1  Right
15  1   100        1512       19128      19228      75         400        1  Left 
8   1   100        1546       19228      19328      74         500        1  Left 
1   0   500        1612       19328      19828      75         3000       1  Right
1   15  500        1627       19828      20328      75         2000       1  Left 
1   14  500        1627       20328      20828      76         2000       1  Right
1   13  500        1628       20828      21328      77         3500       1  Left 
0   1   100        1631       21328      21428      78         600        1  Right
1   0   100        1633       21428      21528      79         600        1  Right
15  0   100        1651       21528      21628      80         600        1  Right
14  0   100        1657       21628      21728      81         200        1  Right
13  0   100        1673       21728      21828      82         300        1  Right
1   2   500        1640       21528      22028      80         500        1  Right
2   0   100        1682       22028      22128      84         500        1  Right
1   12  500        1640       22028      22528      84         500        1  Right
1   4   500        1662       22528      23028      86         1500       1  Right
1   5   500        1662       23028      23528      87         1000       1  Right
1   11  500        1685       23528      24028      88         3000       1  Left 
12  0   100        1703       24028      24128      89         900        1  Left 
4   0   100        1714       24128      24228      90         700        1  Left 
5   0   100        1730       24228      24328      90         800        1  Left 
11  0   100        1741       24328      24428      91         400        1  Right
1   6   500        1685       24028      24528      89         1500       1  Right
6   0   100        1757       24528      24628      93         300        1  Right
8   6   100        1841       24628      24728      93         800        1  Right
0   6   100        1935       24728      24828      93         300        1  Right
0   15  100        1959       24828      24928      94         600        1  Right
1   10  500        1707       24528      25028      94         1000       1  Right
1   9   500        1707       25028      25528      99         4000       1  Right
4   1   100        1724       25528      25628      99         300        1  Right
10  0   100        1768       25528      25629      99         400        1  Right
1   7   500        1729       25628      26129      100        4500       1  Left 
5   1   100        1730       26129      26229      102        200        1  Right
9   0   100        1784       26129      26230      102        200        1  Right
12  1   100        1735       26229      26330      103        100        1  Right
3   0   100        1786       26230      26331      104        100        1  Right
13  1   100        1741       26330      26431      105        700        1  Left 
3   0   100        1788       26331      26432      106        100        1  Right
11  1   100        1741       26431      26532      107        600        1  Left 
7   0   100        1795       26432      26533      108        100        1  Right
1   3   500        1740       26532      27033      109        2500       1  Right
2   1   100        1745       27033      27133      111        100        1  Right
14  1   100        1756       27133      27233      112        400        1  Right
6   1   100        1757       27233      27333      113        300        1  Right
15  1   100        1764       27333      27433      114        400        1  Left 
10  1   100        1768       27433      27533      115        200        1  Right
6   8   500        1819       27333      27834      113        4000       1  Right
9   1   100        1784       27834      27934      117        800        1  Right
7   1   100        1795       27934      28034      118        700        1  Right
8   1   100        1847       28034      28134      118        500        1  Left 
1   8   500        1848       28134      28634      119        2500       1  Left 
1   8   500        1898       28634      29134      120        2500       1  Left 
8   0   100        1947       29134      29234      120        500        1  Right
15  6   100        1967       29134      29235      120        700        1  Left 
0   1   100        1968       29235      29335      122        600        1  Right
0   14  100        1970       29335      29435      123        200        1  Right
1   6   100        1976       29335      29436      123        300        1  Right
0   13  100        1991       29435      29536      124        300        1  Right
14  6   100        1984       29436      29537      125        100        1  Right
0   2   100        1995       29536      29637      126        1100       1  Left 
2   6   100        2008       29637      29737      128        200        1  Right
1   0   500        2024       29637      30138      127        5000       1  Left 
13  6   100        2009       30138      30238      130        600        1  Right
0   12  100        2026       30238      30338      130        700        1  Right
0   4   100        2037       30338      30438      131        700        1  Left 
3   1   100        2125       30338      30439      130        500        1  Right
0   5   100        2060       30438      30539      132        800        1  Left 
1   7   500        2039       30539      31039      134        3500       1  Right
1   9   500        2039       31039      31539      135        4000       1  Right
1   10  500        2040       31539      32039      136        1000       1  Right
6   8   500        2118       31539      32040      136        4000       1  Right
1   6   500        2040       32040      32540      138        1500       1  Right
12  6   100        2049       32540      32640      139        400        1  Right
1   15  500        2062       32640      33140      140        2000       1  Left 
6   0   500        2232       32640      33141      138        1500       1  Right
1   11  500        2062       33140      33641      141        3000       1  Left 
4   6   100        2068       33641      33741      143        600        1  Right
0   11  100        2069       33641      33742      143        400        1  Right
1   14  500        2085       33741      34242      144        2000       1  Right
0   6   100        2090       34242      34342      146        300        1  Right
0   10  100        2101       34342      34442      147        400        1  Right
0   3   100        2107       34442      34542      148        100        1  Right
0   9   100        2122       34542      34642      148        200        1  Right
0   7   100        2133       34642      34742      149        100        1  Right
1   5   500        2096       34242      34743      146        1000       1  Right
0   3   100        2236       34742      34843      149        100        1  Right
1   13  500        2096       34743      35244      152        3500       1  Left 
5   6   100        2101       35244      35344      154        500        1  Right
0   8   100        2410       35244      35345      151        500        1  Right
11  6   100        2113       35345      35445      156        700        1  Right
10  6   100        2137       35445      35545      156        100        1  Right
0   8   100        2583       35445      35546      153        500        1  Right
9   6   100        2163       35546      35646      158        500        1  Right
7   6   100        2177       35646      35746      159        400        1  Right
1   2   500        2119       35344      35845      154        500        1  Right
3   6   100        2254       35746      35847      159        200        1  Right
1   12  500        2119       35845      36346      161        500        1  Right
1   4   500        2142       36346      36846      163        1500       1  Right
6   1   500        2268       36846      37346      163        1500       1  Right
6   15  500        2280       37346      37846      164        3500       1  Left 
1   0   100        2310       37846      37946      165        600        1  Right
1   0   100        2314       37946      38046      166        1000       1  Left 
15  0   100        2332       38046      38146      166        600        1  Right
15  0   100        2336       38146      38246      167        600        1  Right
6   14  500        2313       37946      38446      166        500        1  Right
1   3   500        2427       38246      38447      167        5500       1  Left 
14  0   100        2360       38447      38547      170        200        1  Right
8   1   100        2453       38447      38548      169        500        1  Left 
6   2   500        2323       38446      38647      169        1000       1  Right
1   8   500        2755       38548      39049      169        2500       1  Left 
6   13  500        2345       38647      39148      173        3000       1  Right
2   0   100        2361       39148      39248      175        500        1  Right
14  0   100        2364       39248      39348      176        200        1  Right
14  8   100        2896       39348      39448      173        700        1  Right
6   12  500        2378       39248      39749      176        2000       1  Right
2   0   100        2365       39749      39849      179        500        1  Right
13  0   100        2387       39849      39949      180        300        1  Right
13  0   100        2391       39949      40049      181        300        1  Right
6   4   500        2400       39849      40350      180        3000       1  Right
12  0   100        2415       40350      40450      183        700        1  Right
12  0   100        2419       40450      40550      183        700        1  Right
4   0   100        2427       40550      40650      184        700        1  Left 
4   0   100        2431       40650      40750      185        700        1  Left 
3   4   100        2455       40750      40751      186        800        1  Left 
3   4   100        2756       40751      40752      185        800        1  Left 
6   5   500        2422       40550      40852      184        2500       1  Right
6   11  500        2433       40852      41352      189        3500       1  Right
5   0   100        2444       41352      41452      190        800        1  Right
5   0   100        2448       41452      41552      191        800        1  Right
6   0   100        2463       41552      41652      192        300        1  Right
11  0   100        2465       41652      41752      193        400        1  Right
6   0   100        2467       41752      41852      194        300        1  Right
11  0   100        2469       41852      41952      195        400        1  Right
6   10  500        2488       41852      42353      195        500        1  Right
6   9   500        2510       42353      42853      197        2500       1  Right
10  0   100        2515       42853      42953      198        400        1  Right
10  0   100        2519       42953      43053      199        400        1  Right
6   7   500        2521       43053      43553      200        2000       1  Right
9   0   100        2532       43553      43653      201        200        1  Right
9   0   100        2536       43653      43753      202        200        1  Right
7   0   100        2543       43753      43853      203        100        1  Right
7   0   100        2547       43853      43953      204        100        1  Right
6   3   500        2554       43553      44054      201        1000       1  Right
0   3   100        2587       44054      44154      206        100        1  Right
4   3   500        2737       44154      44654      205        4000       1  Right
3   0   100        2757       44654      44754      206        100        1  Right
8   0   100        2808       44754      44854      207        500        1  Right
14  3   100        2900       44754      44855      206        100        1  Right
3   0   500        2879       44855      45355      208        500        1  Right
0   14  100        2883       45355      45455      209        200        1  Right
0   14  100        2887       45455      45555      210        200        1  Right
8   0   500        2910       45555      45556      211        2500       1  Right
4   3   500        3042       45555      45557      209        4000       1  Right
8   0   100        2942       45556      45657      211        500        1  Right
3   2   100        3066       45557      45658      211        400        1  Right
0   1   100        2970       45657      45758      213        1000       1  Left 
3   6   100        3095       45658      45759      213        200        1  Right
0   8   100        2985       45758      45859      215        500        1  Right
14  1   100        3228       45759      45860      215        400        1  Right
0   3   100        3077       45859      45960      216        100        1  Right
8   14  500        3041       45860      46361      217        4500       1  Left 
0   8   500        3125       46361      46861      219        2500       1  Right
3   14  500        3192       46361      46862      219        500        1  Right
8   0   100        3181       46861      46962      220        500        1  Right
3   14  100        3233       46862      46963      221        100        1  Right
0   13  100        3185       46962      47063      222        300        1  Right
0   13  100        3189       47063      47163      224        300        1  Right
13  8   100        3203       47163      47263      225        200        1  Right
1   0   500        3242       47163      47664      225        3000       1  Right
8   13  500        3244       47263      47764      226        1000       1  Right
0   1   100        3274       47664      47765      227        600        1  Right
13  3   100        3207       47765      47865      229        400        1  Right
1   14  500        3515       47765      48266      229        2000       1  Right
3   13  500        3282       47865      48366      230        2000       1  Right
14  3   100        3251       48366      48466      232        100        1  Right
13  1   100        3313       48366      48467      232        700        1  Left 
0   5   100        3498       48467      48567      234        800        1  Left 
2   3   500        3338       48466      48967      233        2000       1  Right
3   6   100        3358       48967      49067      236        200        1  Right
0   8   500        3498       48567      49068      235        2500       1  Right
3   1   100        3359       49067      49069      237        500        1  Right
5   8   100        3526       49068      49069      237        300        1  Left 
0   11  100        3499       49068      49070      238        400        1  Right
8   5   500        3557       49069      49569      238        1500       1  Left 
6   3   500        3377       49069      49570      239        1000       1  Right
14  0   100        3537       49570      49670      241        200        1  Right
1   13  500        3530       49569      50070      240        3500       1  Left 
11  3   100        3540       50070      50170      243        500        1  Right
8   1   100        3560       50070      50171      243        500        1  Left 
1   0   500        3546       50171      50671      245        3000       1  Right
13  0   100        3557       50671      50771      246        300        1  Right
1   3   500        3638       50671      51172      246        2500       1  Right
0   1   100        3568       51172      51272      248        600        1  Right
0   2   100        3580       51272      51372      249        500        1  Right
1   8   100        3808       51272      51373      249        500        1  Left 
0   1   100        3800       51373      51473      251        1000       1  Left 
0   7   100        3801       51473      51573      252        100        1  Right
6   3   500        3640       51372      51873      250        1000       1  Right
3   2   100        3676       51873      51973      254        400        1  Right
8   1   500        3862       51473      51975      252        2500       1  Left 
14  1   100        3881       51975      52075      256        400        1  Right
3   11  500        3827       51973      52474      255        2500       1  Right
1   0   500        3840       52474      52974      258        3000       1  Right
7   3   100        3841       52974      53074      259        200        1  Right
1   8   500        3870       52974      53475      259        2500       1  Left 
2   0   500        3857       53074      53575      260        2500       1  Right
0   3   100        3863       53575      53675      262        100        1  Right
0   14  100        3868       53675      53775      263        200        1  Right
3   11  100        3877       53775      53875      264        500        1  Right
11  3   100        3890       53875      53975      265        500        1  Right
3   7   500        3916       53975      54475      266        1000       1  Right
8   0   100        3924       54475      54575      267        500        1  Right
2   3   500        3948       54475      54976      267        2000       1  Right
0   8   500        3980       54575      55076      268        2500       1  Right
3   6   100        3975       54976      55077      269        200        1  Right
8   0   100        4042       55076      55177      269        500        1  Right
3   5   100        4000       55077      55178      271        700        1  Right
0   15  100        4102       55177      55278      271        600        1  Right
1   3   100        4096       55178      55279      272        500        1  Right
15  8   100        4110       55278      55379      273        100        1  Right
1   3   100        4113       55279      55380      274        500        1  Right
8   1   100        4044       55380      55480      276        500        1  Left 
0   1   100        4104       55480      55580      277        600        1  Right
3   1   100        4109       55580      55680      278        500        1  Right
3   0   100        4139       55680      55780      279        100        1  Right
8   15  500        4161       55480      55981      277        500        1  Right
3   0   500        4155       55780      56281      280        500        1  Right
0   3   100        4157       56281      56381      282        100        1  Right
0   13  100        4171       56381      56481      283        300        1  Right
1   8   500        4135       55981      56482      281        2500       1  Left 
8   4   100        4188       56482      56582      285        200        1  Left 
6   3   500        4257       56381      56883      283        1000       1  Right
4   8   500        4224       56582      57083      286        1000       1  Left 
1   14  500        4153       56883      57084      287        2000       1  Right
1   14  100        4223       57084      57085      289        400        1  Right
5   3   500        4283       57083      57185      288        4500       1  Left 
3   1   500        4188       57185      57685      291        2500       1  Right
13  1   100        4189       57685      57785      292        700        1  Left 
0   1   100        4222       57785      57885      293        600        1  Right
14  1   100        4231       57885      57985      294        400        1  Right
0   8   100        4268       57885      57986      294        500        1  Right
1   0   100        4240       57986      58086      296        600        1  Right
1   0   500        4243       58086      58586      297        3000       1  Right
1   13  500        4252       58586      59086      298        3500       1  Left 
1   0   100        4253       59086      59186      299        600        1  Right
0   1   100        4275       59186      59286      300        600        1  Right
1   0   500        4296       59286      59786      301        3000       1  Right
1   3   100        4298       59786      59886      302        500        1  Right
3   1   100        4307       59886      59986      303        500        1  Right
0   6   100        4316       59986      60086      304        300        1  Right
1   8   100        4333       59986      60087      304        500        1  Left 
0   1   100        4317       60087      60187      306        600        1  Right
5   8   100        4345       60087      60188      306        300        1  Left 
1   0   500        4340       60187      60688      307        3000       1  Right
8   1   100        4324       60688      60788      309        500        1  Left 
8   5   100        4324       60788      60888      310        300        1  Left 
8   15  100        4324       60888      60988      311        100        1  Right
8   14  100        4324       60988      61088      312        700        1  Right
8   13  100        4324       61088      61188      313        200        1  Right
1   8   100        4362       61188      61288      314        500        1  Left 
13  8   100        4364       61288      61388      315        200        1  Right
14  8   100        4366       61388      61488      316        700        1  Right
15  8   100        4368       61488      61588      317        100        1  Right
8   1   100        4371       61588      61688      318        500        1  Left 
0   8   100        4385       61688      61689      319        500        1  Right
15  3   100        4415       61688      61690      319        900        1  Left 
8   0   100        4419       61689      61790      320        500        1  Right
1   3   500        4422       61690      62191      321        2500       1  Right
0   2   100        4404       62191      62291      323        500        1  Right
15  1   100        4494       62191      62292      323        400        1  Left 
2   8   100        4417       62291      62392      324        1000       1  Right
0   15  100        4406       62392      62492      326        600        1  Right
6   3   100        4454       62392      62493      326        200        1  Right
3   0   100        4450       62493      62593      328        100        1  Right
4   8   500        4476       62492      62993      327        1000       1  Left 
8   6   100        4428       62993      63093      330        800        1  Left 
0   3   500        4462       62593      63094      329        500        1  Right
8   4   100        4440       63093      63194      331        200        1  Left 
8   6   100        4441       63194      63294      333        800        1  Left 
0   3   500        4481       63094      63595      332        500        1  Right
3   15  500        4451       63595      64095      335        3500       1  Right
8   0   100        4463       64095      64195      336        500        1  Right
3   6   100        4472       64095      64196      336        200        1  Right
1   15  500        4520       64095      64596      335        2000       1  Left 
0   8   500        4506       64195      64696      337        2500       1  Right
3   0   100        4512       64696      64796      340        100        1  Right
6   8   500        4513       64696      65197      340        4000       1  Left 
0   3   500        4552       64796      65297      340        500        1  Right
8   2   100        4515       65197      65298      342        600        1  Left 
15  0   100        4547       65298      65299      343        600        1  Right
3   5   100        4588       65298      65300      343        700        1  Right
0   1   100        4552       65300      65400      345        600        1  Right
2   8   500        4561       65400      65900      346        3000       1  Left 
8   2   500        4570       65900      66400      347        3000       1  Left 
0   1   100        4573       66400      66500      348        600        1  Right
1   2   100        4581       66500      66600      349        100        1  Right
8   6   100        4606       66500      66601      349        800        1  Right
3   1   500        4594       66601      67101      351        2500       1  Right
2   0   100        4602       67101      67201      352        500        1  Right
1   8   100        4646       67101      67202      352        500        1  Left 
1   8   100        4679       67202      67302      354        500        1  Left 
6   0   500        4613       67201      67702      353        1500       1  Right
0   2   100        4622       67702      67802      356        500        1  Right
0   1   100        4625       67802      67902      357        600        1  Right
2   1   500        4648       67902      68402      358        500        1  Right
6   8   500        4720       67902      68403      358        4000       1  Right
0   1   100        4661       68403      68503      360        600        1  Right
12  8   100        4729       68403      68504      360        400        1  Left 
1   0   500        4682       68503      69004      361        3000       1  Right
8   1   100        4684       69004      69104      363        500        1  Left 
2   3   100        4722       69004      69105      363        400        1  Right
0   1   100        4701       69104      69205      364        1000       1  Left 
0   12  100        4706       69205      69305      366        700        1  Right
0   2   100        4708       69305      69405      367        500        1  Right
8   1   500        4730       69305      69806      367        2500       1  Left 
3   2   500        4743       69405      69807      368        2000       1  Right
1   0   500        4722       69806      70208      369        5000       1  Left 
1   0   500        4735       70208      70708      371        3000       1  Right
8   12  500        4765       70208      70709      371        2000       1  Left 
1   2   500        4789       70708      71209      372        500        1  Right
8   1   100        4768       71209      71309      374        500        1  Left 
2   1   100        4768       71309      71409      375        100        1  Right
0   1   100        4789       71409      71509      376        600        1  Right
2   0   100        4810       71509      71609      377        500        1  Right
1   8   100        4810       71509      71610      377        500        1  Left 
2   1   100        4821       71610      71710      379        100        1  Right
0   15  100        4855       71610      71711      379        600        1  Right
1   3   100        4827       71710      71811      380        500        1  Right
2   0   100        4823       71811      71911      382        500        1  Right
3   1   100        4840       71911      72011      383        500        1  Right
1   2   500        4842       72011      72511      384        500        1  Right
5   3   500        4865       72011      72512      384        4500       1  Left 
8   1   100        4848       72512      72612      386        500        1  Left 
15  1   100        4863       72612      72712      387        400        1  Left 
2   1   100        4864       72712      72812      388        100        1  Right
2   3   100        4908       72812      72912      389        400        1  Right
1   8   500        4866       72812      73312      389        2500       1  Left 
1   0   100        4873       73312      73412      391        600        1  Right
1   8   100        4875       73412      73512      392        500        1  Left 
6   8   500        4883       73512      74012      393        4000       1  Right
1   2   500        4885       73512      74013      393        500        1  Right
12  8   100        4960       74012      74113      394        400        1  Left 
3   1   100        4910       74013      74114      395        500        1  Right
2   8   100        4967       74114      74115      397        1000       1  Right
1   15  500        4889       74114      74515      397        2000       1  Left 
1   0   500        4899       74515      75015      399        3000       1  Right
1   6   100        4903       75015      75016      400        300        1  Right
12  3   100        5035       75015      75017      399        1000       1  Left 
1   0   100        4908       75017      75117      402        600        1  Right
3   1   100        4910       75117      75217      403        500        1  Right
8   0   100        4931       75117      75218      403        500        1  Right
8   2   100        4931       75218      75318      405        600        1  Left 
0   6   100        4958       75218      75319      405        300        1  Right
8   12  100        4931       75318      75419      406        400        1  Left 
0   1   100        4962       75319      75420      407        600        1  Right
8   2   100        4932       75420      75520      409        600        1  Left 
0   8   100        4974       75520      75620      410        500        1  Right
1   0   500        4983       75620      76120      411        3000       1  Right
2   8   500        4986       76120      76620      412        3000       1  Left 
6   0   500        5006       76120      76621      412        1500       1  Right
8   1   100        5030       76620      76721      412        500        1  Left 
0   4   100        5006       76721      76821      415        700        1  Left 
12  1   100        5081       76721      76822      414        100        1  Right
0   4   100        5008       76821      76922      416        700        1  Left 
0   12  100        5010       76922      77022      418        700        1  Right
8   6   100        5039       77022      77122      418        800        1  Right
4   0   500        5042       77122      77123      419        3500       1  Left 
3   12  500        5056       77122      77124      419        3000       1  Right
4   8   100        5043       77123      77224      420        200        1  Left 
0   2   100        5137       77124      77224      420        500        1  Right
8   5   100        5064       77224      77324      422        300        1  Left 
0   2   100        5157       77224      77325      421        500        1  Right
1   12  500        5112       77124      77625      421        500        1  Right
3   2   500        5190       77325      77825      423        2000       1  Right
5   8   500        5095       77324      77826      423        1500       1  Left 
12  0   100        5143       77825      77926      425        700        1  Right
8   1   100        5089       77926      78026      428        500        1  Left 
1   8   500        5127       78026      78526      428        2500       1  Left 
12  1   100        5154       78526      78626      429        100        1  Right
2   8   100        5182       78526      78627      429        1000       1  Right
1   12  500        5185       78626      79127      430        500        1  Right
8   4   500        5186       78627      79128      431        1000       1  Left 
12  0   100        5156       79127      79228      432        700        1  Right
0   1   100        5185       79228      79328      434        600        1  Right
1   3   500        5187       79328      79828      435        2500       1  Right
1   3   500        5198       79828      80328      436        2500       1  Right
14  8   100        5201       80328      80428      437        700        1  Right
3   0   100        5219       80428      80528      438        100        1  Right
3   0   100        5235       80528      80628      439        100        1  Right
6   1   500        5210       80328      80829      437        1500       1  Right
12  1   100        5217       80829      80929      441        100        1  Right
4   0   500        5294       80628      81129      440        3500       1  Left 
1   12  500        5248       80929      81430      442        500        1  Right
8   2   500        5228       81129      81630      443        5000       1  Right
0   1   100        5229       81630      81730      445        600        1  Right
12  8   100        5279       81630      81731      445        400        1  Left 
1   0   100        5297       81730      81831      446        600        1  Right
13  8   100        5307       81731      81832      447        200        1  Right
0   4   100        5258       81831      81932      448        900        1  Right
8   14  500        5247       81932      82432      450        3500       1  Right
0   6   100        5259       82432      82532      451        300        1  Right
8   5   100        5315       82432      82533      451        300        1  Left 
0   1   500        5318       82532      83033      452        3000       1  Right
8   12  500        5315       82533      83034      453        2000       1  Left 
2   1   100        5342       83033      83133      454        100        1  Right
0   6   100        5318       83033      83134      454        300        1  Right
0   4   100        5318       83134      83234      457        900        1  Right
0   2   100        5333       83234      83334      458        500        1  Right
1   0   100        5339       83334      83434      459        600        1  Right
12  3   100        5350       83434      83534      460        600        1  Right
8   13  500        5348       83034      83536      455        1000       1  Right
4   3   100        5355       83534      83635      461        800        1  Right
6   8   500        5316       83635      84135      463        4000       1  Right
1   2   500        5363       83635      84136      463        500        1  Right
13  3   100        5390       84135      84235      464        400        1  Right
5   8   500        5346       84135      84636      464        1500       1  Left 
0   1   500        5360       84235      84736      466        3000       1  Right
15  8   100        5363       84636      84737      467        100        1  Right
2   0   500        5361       84736      85237      468        2500       1  Right
6   8   100        5365       85237      85337      470        800        1  Right
3   15  100        5371       85337      85437      471        700        1  Right
3   14  100        5371       85437      85537      472        100        1  Right
2   0   100        5386       85437      85538      472        1100       1  Left 
14  3   100        5392       85537      85539      473        100        1  Right
0   6   100        5386       85538      85540      474        1300       1  Left 
3   13  100        5371       85540      85640      476        400        1  Right
2   8   100        5388       85540      85641      476        600        1  Left 
2   1   100        5395       85641      85741      478        100        1  Right
8   6   500        5391       85641      86141      478        4000       1  Right
15  3   100        5394       86141      86241      480        700        1  Right
8   1   100        5396       86241      86341      481        500        1  Left 
8   1   100        5396       86341      86441      482        500        1  Left 
1   0   100        5405       86441      86541      483        600        1  Right
8   15  500        5414       86441      86942      483        500        1  Right
1   2   500        5416       86541      87042      484        500        1  Right
3   12  100        5430       86942      87043      485        1000       1  Left 
0   1   500        5426       87043      87543      487        3000       1  Right
8   1   100        5435       87543      87643      488        500        1  Left 
8   4   100        5435       87643      87743      489        200        1  Left 
8   6   100        5435       87743      87843      490        800        1  Right
8   15  100        5435       87843      87943      491        100        1  Right
2   6   100        5436       87843      87944      491        200        1  Right
8   14  100        5435       87943      88044      492        700        1  Right
2   1   100        5437       87944      88045      493        100        1  Right
8   13  100        5435       88044      88145      494        200        1  Right
2   0   100        5441       88045      88146      495        500        1  Right
8   12  100        5435       88145      88246      496        400        1  Left 
1   0   100        5453       88146      88247      497        600        1  Right
1   3   100        5453       88247      88248      499        500        1  Right
0   12  100        5466       88247      88249      499        900        1  Left 
1   3   100        5456       88248      88250      500        500        1  Right
0   12  100        5480       88249      88251      501        900        1  Left 
6   8   100        5454       88251      88351      503        800        1  Right
4   8   100        5461       88351      88451      504        200        1  Left 
1   2   500        5460       88250      88751      502        500        1  Right
1   8   100        5473       88751      88851      506        500        1  Left 
0   3   500        5528       88351      88853      504        500        1  Right
12  8   100        5476       88851      88952      507        400        1  Left 
3   1   100        5469       88853      88954      508        500        1  Right
13  8   100        5478       88952      89053      509        200        1  Right
3   1   100        5472       88954      89055      510        500        1  Right
1   4   100        5479       89055      89155      512        300        1  Right
14  8   100        5480       89055      89156      512        700        1  Right
12  2   100        5503       89155      89256      513        200        1  Right
15  8   100        5482       89156      89257      514        100        1  Right
8   2   100        5533       89257      89258      516        1000       1  Right
8   0   100        5543       89258      89358      517        500        1  Right
4   1   500        5510       89256      89658      515        1500       1  Right
6   0   500        5558       89358      89859      518        1500       1  Right
3   0   100        5559       89859      89959      520        100        1  Right
1   8   500        5495       89658      90159      519        2500       1  Left 
1   8   500        5498       90159      90659      522        2500       1  Left 
8   0   100        5559       90659      90759      523        500        1  Right
2   12  500        5529       90659      91159      523        1000       1  Right
12  8   100        5565       91159      91259      525        400        1  Left 
0   1   100        5586       91159      91260      525        600        1  Right
15  8   100        5573       91259      91360      526        100        1  Right
1   0   500        5607       91260      91761      527        3000       1  Right
15  3   100        5577       91761      91861      529        700        1  Right
4   1   100        5666       91761      91862      528        300        1  Right
8   2   100        5601       91861      91962      530        1000       1  Right
3   12  100        5613       91962      92062      532        600        1  Right
0   8   500        5615       91962      92463      532        2500       1  Right
12  3   500        5621       92062      92464      532        3000       1  Right
0   5   100        5620       92463      92465      533        800        1  Left 
0   10  100        5620       92465      92565      535        400        1  Right
2   8   500        5634       92465      92966      535        3000       1  Left 
3   4   500        5631       92966      93466      537        4000       1  Right
0   2   100        5640       93466      93566      538        500        1  Right
1   4   500        5699       93466      93967      538        1500       1  Right
3   15  500        5650       93566      94067      539        3500       1  Right
2   0   500        5667       94067      94567      541        2500       1  Right
8   12  500        5699       94067      94568      541        2000       1  Left 
10  8   100        5682       94568      94668      543        700        1  Left 
6   0   500        5683       94567      95068      542        1500       1  Right
5   3   100        5674       95068      95168      545        700        1  Right
8   15  500        5700       94668      95169      544        500        1  Right
5   1   100        5760       95168      95268      546        200        1  Right
0   2   100        5694       95168      95269      546        500        1  Right
0   2   100        5699       95269      95369      549        500        1  Right
3   4   100        5700       95369      95469      550        800        1  Right
8   10  500        5708       95469      95969      551        3500       1  Left 
4   3   100        5708       95969      96069      552        800        1  Right
6   2   500        5723       96069      96569      553        1000       1  Right
3   5   500        5729       96069      96570      553        4500       1  Left 
2   1   100        5761       96569      96670      554        100        1  Right
12  3   100        5731       96570      96671      555        1000       1  Left 
1   4   100        5731       96671      96771      557        300        1  Right
14  8   100        5744       96671      96772      557        700        1  Right
1   6   100        5732       96771      96872      558        300        1  Right
14  3   100        5748       96772      96872      559        100        1  Right
4   0   100        5733       96772      96873      559        700        1  Left 
1   6   100        5769       96872      96973      560        300        1  Right
3   15  100        5752       96873      96974      561        700        1  Right
0   2   100        5755       96974      97074      563        500        1  Right
13  8   100        5833       96974      97075      563        200        1  Right
0   1   100        5761       97074      97175      564        600        1  Right
4   1   500        5762       97175      97675      566        1500       1  Right
8   14  500        5790       97175      97676      566        3500       1  Right
15  1   100        5765       97675      97776      567        400        1  Left 
8   0   100        5812       97676      97777      568        500        1  Right
15  3   100        5775       97776      97877      569        900        1  Left 
0   3   100        5783       97877      97977      571        100        1  Right
8   13  500        5874       97777      98278      570        1000       1  Right
1   2   500        5782       97877      98378      571        500        1  Right
3   12  100        5811       98278      98379      573        1000       1  Left 
2   1   100        5801       98378      98479      574        100        1  Right
12  3   500        5825       98379      98480      575        5000       1  Left 
6   1   500        5810       98479      98481      576        1500       1  Right
12  3   100        5829       98480      98482      577        1000       1  Left 
13  3   100        5837       98482      98582      579        400        1  Right
1   15  500        5791       98482      98982      579        2000       1  Left 
1   2   100        5796       98982      99082      581        100        1  Right
0   3   500        5851       98582      99083      580        500        1  Right
3   2   100        5812       99083      99183      583        400        1  Right
14  3   100        5886       99183      99283      584        100        1  Right
1   5   500        5804       99082      99583      582        1000       1  Right
0   8   500        5868       99083      99585      583        2500       1  Right
3   12  100        5813       99583      99684      586        600        1  Right
15  1   100        5819       99684      99784      588        400        1  Left 
3   14  500        5854       99684      100185     588        500        1  Right
1   2   500        5822       99784      100285     589        500        1  Right
3   14  100        5857       100185     100286     590        100        1  Right
2   1   500        5825       100285     100786     591        500        1  Right
15  1   100        5832       100786     100886     593        400        1  Left 
12  1   100        5849       100886     100986     594        100        1  Right
0   2   500        5880       100786     101287     593        2500       1  Right
15  0   100        5834       101287     101387     596        600        1  Right
1   6   100        5845       101287     101388     596        300        1  Right
5   0   100        5844       101387     101488     597        800        1  Left 
3   2   100        5882       101388     101489     598        400        1  Right
2   0   100        5845       101489     101589     600        500        1  Right
1   15  500        5845       101488     101989     599        2000       1  Left 
2   3   500        5903       101589     102090     601        2000       1  Right
2   0   100        5914       102090     102190     603        500        1  Right
0   6   100        5922       102190     102290     604        300        1  Right
0   9   100        5922       102290     102390     605        200        1  Right
1   15  500        5858       101989     102490     602        2000       1  Left 
0   2   500        5945       102390     102891     606        2500       1  Right
1   12  500        5880       102490     102991     607        500        1  Right
8   2   100        5956       102891     102992     608        1000       1  Right
15  1   100        5887       102991     103092     609        400        1  Left 
1   15  500        5913       103092     103592     611        2000       1  Left 
12  0   100        5917       103592     103692     612        700        1  Right
8   15  100        5956       103592     103693     612        100        1  Right
3   12  100        5917       103692     103793     613        600        1  Right
12  8   100        5919       103793     103893     615        400        1  Left 
3   12  100        5919       103893     103993     616        600        1  Right
9   8   100        5963       103893     103994     616        300        1  Right
12  1   100        5926       103993     104094     617        100        1  Right
8   14  100        5956       103994     104095     618        700        1  Right
8   13  100        5956       104095     104195     620        200        1  Right
8   10  100        5956       104195     104295     621        900        1  Right
1   12  500        5957       104094     104595     619        500        1  Right
2   1   100        5971       104595     104695     623        100        1  Right
10  8   100        5981       104695     104795     624        700        1  Left 
3   13  500        5958       104295     104796     622        2000       1  Right
1   2   500        5992       104795     105296     625        500        1  Right
12  3   500        5928       104796     105297     626        5000       1  Left 
15  3   100        5941       105297     105397     628        700        1  Right
6   3   100        5955       105397     105398     629        200        1  Right
2   0   500        5971       105397     105399     629        5500       1  Left 
3   6   500        5986       105398     105499     630        1000       1  Right
13  1   100        5988       105399     105500     631        700        1  Left 
2   8   100        5989       105500     105600     633        600        1  Left 
12  6   100        5990       105600     105700     634        400        1  Right
13  8   100        5993       105600     105701     634        200        1  Right
0   6   100        5998       105700     105800     635        300        1  Right
12  1   100        5991       105700     105801     635        100        1  Right
14  8   100        5995       105800     105901     637        700        1  Right
6   1   100        6022       105801     105902     638        300        1  Right
12  0   100        5995       105901     106002     639        900        1  Left 
15  8   100        5997       106002     106102     641        100        1  Right
2   0   100        6015       106002     106103     641        500        1  Right
1   13  500        6015       106102     106603     642        3500       1  Left 
0   4   100        6024       106603     106703     644        700        1  Left 
0   2   100        6025       106703     106803     645        500        1  Right
1   12  500        6024       106603     107104     644        500        1  Right
0   1   100        6026       107104     107204     647        600        1  Right
8   12  100        6048       107104     107205     647        400        1  Left 
8   12  100        6050       107205     107305     649        400        1  Left 
6   1   500        6027       107204     107705     648        1500       1  Right
13  1   100        6041       107705     107706     651        900        1  Right
12  8   500        6074       107305     107707     650        2000       1  Left 
13  1   100        6054       107707     107807     653        700        1  Left 
0   2   500        6041       107706     108207     652        2500       1  Right
8   9   500        6118       107807     108308     654        1500       1  Right
13  0   100        6056       108308     108408     656        300        1  Right
0   4   100        6067       108408     108508     657        700        1  Left 
0   8   100        6085       108508     108608     658        500        1  Right
1   6   500        6063       108207     108708     655        1500       1  Right
2   0   100        6073       108708     108808     660        500        1  Right
6   0   100        6105       108808     108908     661        300        1  Right
3   0   100        6124       108908     109008     661        100        1  Right
0   10  100        6224       109008     109108     661        400        1  Right
1   13  500        6067       108708     109208     660        3500       1  Left 
2   1   100        6075       109208     109308     665        100        1  Right
0   11  100        6225       109208     109309     663        400        1  Right
4   1   100        6092       109308     109408     666        300        1  Right
2   3   500        6090       109308     109809     666        2000       1  Right
1   13  500        6080       109408     109909     668        3500       1  Left 
1   2   100        6083       109909     110009     670        100        1  Right
0   12  100        6246       109909     110010     668        900        1  Left 
1   2   500        6097       110009     110510     671        500        1  Right
13  1   100        6115       110510     110610     673        700        1  Left 
8   2   100        6137       110610     110611     673        1000       1  Right
8   2   100        6137       110611     110612     674        1000       1  Right
13  8   100        6167       110612     110712     675        200        1  Right
1   4   500        6123       110610     110912     673        1500       1  Right
2   1   500        6123       110912     111412     677        500        1  Right
2   4   100        6124       111412     111512     678        400        1  Right
6   1   500        6137       111512     112012     679        1500       1  Right
1   13  500        6141       112012     112512     680        3500       1  Left 
1   2   100        6145       112512     112612     681        100        1  Right
8   13  500        6208       112512     113013     681        1000       1  Right
4   2   500        6165       112612     113113     682        2000       1  Right
8   0   100        6271       113013     113114     682        500        1  Right
2   1   500        6173       113113     113115     684        500        1  Right
6   12  500        6277       113114     113116     684        6000       1  Left 
2   3   100        6183       113116     113216     687        400        1  Right
3   2   100        6192       113216     113316     688        400        1  Right
13  3   100        6245       113316     113416     688        400        1  Right
10  3   100        6257       113416     113516     689        300        1  Right
8   11  500        6286       113116     113616     686        500        1  Right
5   1   500        6255       113116     113617     686        1000       1  Right
6   0   500        6299       113516     114018     690        1500       1  Right
2   8   500        6186       113617     114118     693        3000       1  Left 
1   6   100        6192       114118     114218     695        300        1  Right
1   5   100        6217       114218     114318     696        200        1  Right
12  1   100        6315       114318     114418     696        100        1  Right
3   15  500        6238       114118     114619     694        3500       1  Right
2   8   500        6213       114619     115119     699        3000       1  Left 
3   10  500        6288       114619     115120     698        1500       1  Right
11  8   100        6255       115119     115220     699        100        1  Right
1   0   500        6309       115120     115621     700        3000       1  Right
11  1   100        6321       115621     115721     701        600        1  Left 
2   0   500        6312       115621     116121     702        2500       1  Right
10  1   100        6323       116121     116221     703        200        1  Right
0   12  100        6327       116121     116222     703        900        1  Left 
4   0   500        6329       116222     116722     705        3500       1  Left 
1   12  500        6346       116222     116723     705        500        1  Right
0   2   100        6337       116722     116823     706        500        1  Right
1   11  500        6357       116723     117224     707        3000       1  Left 
0   8   100        6368       117224     117324     709        500        1  Right
0   5   100        6369       117324     117424     710        800        1  Left 
11  0   100        6393       117424     117524     711        400        1  Right
1   10  500        6364       117224     117724     709        1000       1  Right
12  1   100        6375       117724     117725     713        100        1  Right
2   4   100        6376       117724     117726     713        1200       1  Left 
2   6   100        6377       117726     117826     715        200        1  Right
0   2   100        6386       117826     117926     716        500        1  Right
0   15  100        6387       117926     118026     717        600        1  Right
2   6   100        6399       117926     118027     717        200        1  Right
15  2   100        6397       118027     118127     719        1100       1  Right
1   12  500        6406       117725     118128     714        500        1  Right
4   2   500        6410       118127     118530     720        6000       1  Left 
11  1   100        6404       118530     118630     722        600        1  Left 
11  0   100        6406       118630     118730     723        400        1  Right
5   1   100        6411       118630     118731     723        200        1  Right
10  0   100        6409       118730     118831     725        400        1  Right
