
195
C:/Users/nxconrad/Desktop/REU 2.0/Benchmark Data/16-core/7/flow_freqmine100#1.txt
759
[5, 11, 7, 9, 4, 14, 13, 8, 10, 6, 0, 1, 3, 12, 2, 15]
8   0   100        0          2          102        0          300        1  Right
0   8   500        317        319        819        0          1500       1  Right
8   1   100        376        819        919        1          400        1  Right
1   8   500        678        919        1419       1          2000       1  Right
8   1   100        725        1419       1519       2          400        1  Right
3   0   100        1001       1519       1619       1          200        1  Right
6   0   100        1002       1619       1719       2          100        1  Right
5   0   100        1003       1719       1819       3          600        1  Left 
9   0   100        1003       1819       1919       4          700        1  Right
1   0   100        1004       1919       2019       5          100        1  Right
15  0   100        1004       2019       2119       6          500        1  Right
12  0   100        1005       2119       2219       7          300        1  Right
14  0   100        1006       2219       2319       8          500        1  Right
10  0   100        1006       2319       2320       9          200        1  Right
1   8   500        1027       2319       2721       9          6000       1  Left 
11  0   100        1007       2721       2821       11         700        1  Left 
4   0   100        1008       2821       2921       12         600        1  Right
13  0   100        1008       2921       3021       13         400        1  Right
7   0   100        1010       3021       3121       14         800        1  Right
2   0   100        1012       3121       3221       15         400        1  Right
0   15  500        1025       3221       3721       16         2500       1  Right
0   1   500        1025       3721       4221       17         500        1  Right
0   14  500        1032       4221       4721       18         2500       1  Right
0   2   500        1038       4721       5221       19         2000       1  Right
15  0   100        1042       5221       5321       20         500        1  Right
0   13  500        1052       5321       5821       21         2000       1  Right
0   12  500        1052       5821       6321       22         1500       1  Right
1   0   100        1053       6321       6421       23         100        1  Right
14  0   100        1069       6421       6521       24         500        1  Right
0   4   500        1075       6521       7021       25         3000       1  Right
0   5   500        1075       7021       7521       26         3000       1  Left 
8   0   100        1077       7521       7621       27         300        1  Right
8   1   100        1079       7621       7721       28         400        1  Right
8   0   100        1080       7721       7821       29         300        1  Right
2   0   100        1086       7821       7921       30         400        1  Right
0   11  500        1097       7921       8421       31         3500       1  Left 
0   6   500        1097       8421       8422       32         500        1  Right
1   8   500        1379       8421       8423       32         6000       1  Left 
0   10  500        1119       8422       8923       33         1000       1  Right
13  0   100        1102       8923       9023       35         400        1  Right
12  0   100        1118       9023       9123       36         300        1  Right
0   9   500        1119       9123       9623       37         3500       1  Right
4   0   100        1129       9623       9723       38         600        1  Right
0   7   500        1141       9723       10223      39         4000       1  Right
5   0   100        1145       10223      10323      40         600        1  Left 
11  0   100        1156       10323      10423      41         700        1  Left 
6   0   100        1172       10423      10523      42         100        1  Right
10  0   100        1183       10523      10623      43         200        1  Right
9   0   100        1199       10623      10723      44         700        1  Right
7   0   100        1210       10723      10823      45         800        1  Right
0   3   500        1319       10823      11323      46         1000       1  Right
0   1   100        1340       11323      11423      47         100        1  Right
3   1   100        1353       11423      11523      48         100        1  Right
0   7   500        1356       11423      11924      48         4000       1  Right
7   1   100        1410       11924      11925      50         700        1  Left 
0   9   500        1356       11924      12325      50         3500       1  Right
9   1   100        1421       12325      12425      51         800        1  Left 
0   10  500        1357       12325      12825      52         1000       1  Right
10  1   100        1438       12825      12826      53         1300       1  Left 
0   6   500        1357       12825      13226      54         500        1  Right
8   6   100        1542       13226      13326      54         200        1  Right
0   11  500        1378       13226      13726      56         3500       1  Left 
0   5   500        1378       13726      14226      58         3000       1  Left 
0   4   500        1400       14226      14726      59         3000       1  Right
0   12  500        1400       14726      15226      60         1500       1  Right
0   13  500        1422       15226      15726      60         2000       1  Right
0   2   500        1422       15726      16226      61         2000       1  Right
0   14  500        1444       16226      16726      62         2500       1  Right
0   1   500        1444       16726      17226      63         500        1  Right
6   1   100        1449       17226      17326      64         200        1  Right
11  1   100        1455       17326      17426      65         600        1  Left 
5   1   100        1466       17426      17526      66         500        1  Left 
0   15  500        1466       17526      18026      67         2500       1  Right
0   8   100        1466       18026      18126      68         300        1  Right
4   1   100        1472       18026      18127      68         900        1  Left 
0   8   100        1466       18126      18227      69         300        1  Right
12  1   100        1483       18127      18228      70         200        1  Right
13  1   100        1489       18228      18328      72         500        1  Right
2   1   100        1493       18328      18428      73         300        1  Right
14  1   100        1504       18428      18528      74         600        1  Right
15  1   100        1512       18528      18628      75         400        1  Right
8   1   100        1546       18628      18728      75         400        1  Right
1   0   500        1612       18728      19228      76         500        1  Right
1   15  500        1627       19228      19728      76         2000       1  Right
1   14  500        1627       19728      20228      77         3000       1  Right
1   13  500        1628       20228      20728      78         2500       1  Right
0   1   100        1631       20728      20828      79         100        1  Right
1   0   100        1633       20828      20928      80         100        1  Right
15  0   100        1651       20928      20929      81         1100       1  Left 
14  0   100        1657       20929      21029      82         500        1  Right
13  0   100        1673       21029      21129      83         400        1  Right
1   2   500        1640       20928      21329      81         1500       1  Right
2   0   100        1682       21329      21330      85         1200       1  Left 
1   12  500        1640       21329      21730      85         1000       1  Right
1   4   500        1662       21730      22230      87         3500       1  Right
1   5   500        1662       22230      22730      88         2500       1  Left 
1   11  500        1685       22730      23230      89         3000       1  Left 
1   6   500        1685       23230      23730      90         1000       1  Right
12  0   100        1703       23730      23830      91         300        1  Right
8   6   100        1841       23730      23831      89         200        1  Right
4   0   100        1714       23830      23931      92         1000       1  Left 
1   10  500        1707       23931      24431      94         1500       1  Right
1   9   500        1707       24431      24931      95         4000       1  Right
4   1   100        1724       24931      25031      95         700        1  Right
0   6   100        1935       25031      25131      94         100        1  Right
1   7   500        1729       25031      25531      96         3500       1  Left 
5   0   100        1730       25531      25631      98         600        1  Left 
5   1   100        1730       25631      25632      99         500        1  Left 
11  0   100        1741       25631      25633      99         900        1  Right
12  1   100        1735       25632      25733      100        200        1  Right
6   0   100        1757       25633      25734      101        100        1  Right
10  0   100        1768       25734      25834      103        200        1  Right
9   0   100        1784       25834      25934      104        700        1  Right
0   15  100        1959       25934      26034      103        1100       1  Left 
1   3   500        1740       25733      26234      102        500        1  Right
13  1   100        1741       26234      26334      107        500        1  Right
11  1   100        1741       26334      26434      108        600        1  Left 
2   1   100        1745       26434      26534      109        300        1  Right
14  1   100        1756       26534      26634      110        600        1  Right
6   1   100        1757       26634      26734      111        200        1  Right
15  1   100        1764       26734      26834      112        400        1  Right
3   0   100        1786       26834      26934      113        200        1  Right
3   0   100        1788       26934      27034      114        200        1  Right
7   0   100        1795       27034      27134      115        800        1  Left 
6   8   500        1819       26734      27235      111        1000       1  Right
10  1   100        1768       27235      27335      117        300        1  Right
9   1   100        1784       27335      27435      118        800        1  Right
7   1   100        1795       27435      27535      119        700        1  Left 
8   1   100        1847       27535      27635      119        400        1  Right
1   8   500        1848       27635      28135      120        2000       1  Right
1   8   500        1898       28135      28635      121        2000       1  Right
8   0   100        1947       28635      28735      121        300        1  Right
15  6   100        1967       28735      28835      122        600        1  Right
0   1   100        1968       28835      28935      123        100        1  Right
0   14  100        1970       28935      28936      124        1100       1  Left 
0   13  100        1991       28936      28937      125        1200       1  Left 
0   2   100        1995       28937      29037      126        400        1  Right
0   12  100        2026       29037      29137      126        300        1  Right
6   8   500        2118       28835      29138      121        1000       1  Right
0   4   100        2037       29137      29238      127        1000       1  Left 
1   6   100        1976       29238      29338      130        200        1  Right
14  6   100        1984       29338      29438      131        400        1  Right
2   6   100        2008       29438      29538      132        1100       1  Left 
13  6   100        2009       29538      29638      133        300        1  Right
1   0   500        2024       29338      29839      130        500        1  Right
1   7   500        2039       29839      30339      134        3500       1  Left 
6   0   500        2232       29839      30340      132        500        1  Right
1   9   500        2039       30339      30840      135        4000       1  Left 
1   10  500        2040       30840      31340      137        1500       1  Right
1   6   500        2040       31340      31840      138        1000       1  Right
12  6   100        2049       31840      31940      139        400        1  Right
0   5   100        2060       31940      32040      140        600        1  Left 
4   6   100        2068       31940      32041      140        500        1  Right
1   15  500        2062       32040      32541      141        2000       1  Right
1   11  500        2062       32541      33041      143        3000       1  Left 
0   11  100        2069       33041      33141      144        700        1  Left 
1   14  500        2085       33141      33641      145        3000       1  Right
0   6   100        2090       33641      33741      146        100        1  Right
0   10  100        2101       33741      33841      147        200        1  Right
1   5   500        2096       33641      34142      146        2500       1  Left 
1   13  500        2096       34142      34642      149        2500       1  Right
5   6   100        2101       34642      34742      150        700        1  Left 
0   3   100        2107       34742      34842      151        200        1  Right
11  6   100        2113       34742      34843      151        800        1  Right
0   9   100        2122       34843      34943      152        700        1  Right
0   7   100        2133       34943      35043      153        800        1  Right
10  6   100        2137       35043      35143      154        100        1  Right
9   6   100        2163       35143      35243      155        600        1  Right
1   2   500        2119       34842      35343      151        1500       1  Right
7   6   100        2177       35243      35344      156        700        1  Right
1   12  500        2119       35343      35844      157        1000       1  Right
3   1   100        2125       35844      35944      159        100        1  Right
1   4   500        2142       35944      36444      160        3500       1  Right
0   3   100        2236       36444      36544      160        200        1  Right
3   6   100        2254       36544      36644      161        300        1  Right
6   1   500        2268       36644      37144      162        1000       1  Right
6   15  500        2280       37144      37644      163        3000       1  Right
1   0   100        2310       37644      37744      164        100        1  Right
1   0   100        2314       37744      37844      165        100        1  Right
15  0   100        2332       37844      37944      164        500        1  Right
15  0   100        2336       37944      38044      165        500        1  Right
6   14  500        2313       37644      38145      164        2000       1  Right
1   3   500        2427       38044      38545      166        500        1  Right
6   2   500        2323       38145      38646      167        5500       1  Left 
14  0   100        2360       38646      38647      169        1100       1  Left 
2   0   100        2361       38647      38747      170        400        1  Right
14  0   100        2364       38747      38748      171        1100       1  Left 
2   0   100        2365       38748      38848      172        400        1  Right
6   13  500        2345       38646      38948      169        1500       1  Right
6   12  500        2378       38948      39448      174        2000       1  Right
13  0   100        2387       39448      39548      175        400        1  Right
13  0   100        2391       39548      39648      176        400        1  Right
12  0   100        2415       39648      39748      177        300        1  Right
12  0   100        2419       39748      39848      178        300        1  Right
6   4   500        2400       39648      40148      177        2500       1  Right
0   8   100        2410       40148      40248      180        300        1  Right
3   4   100        2455       40148      40249      180        800        1  Left 
8   1   100        2453       40248      40349      181        400        1  Right
3   4   100        2756       40249      40350      181        800        1  Left 
0   8   100        2583       40349      40450      183        300        1  Right
6   5   500        2422       40450      40950      185        3500       1  Left 
4   0   100        2427       40950      41050      186        600        1  Right
4   0   100        2431       41050      41150      187        600        1  Right
5   0   100        2444       41150      41151      188        600        1  Left 
5   0   100        2448       41151      41152      189        600        1  Left 
6   11  500        2433       41150      41452      188        4000       1  Right
6   0   100        2463       41452      41453      191        100        1  Right
1   8   500        2755       41452      41854      190        6000       1  Left 
11  0   100        2465       41854      41954      193        700        1  Left 
14  8   100        2896       41854      41955      191        200        1  Right
6   0   100        2467       41954      42055      194        100        1  Right
11  0   100        2469       42055      42155      196        700        1  Left 
6   10  500        2488       42055      42556      196        500        1  Right
6   9   500        2510       42556      43056      198        3000       1  Right
10  0   100        2515       43056      43156      199        200        1  Right
10  0   100        2519       43156      43256      200        200        1  Right
6   7   500        2521       43256      43756      201        3500       1  Right
9   0   100        2532       43756      43856      202        700        1  Right
9   0   100        2536       43856      43956      203        700        1  Right
7   0   100        2543       43956      44056      204        800        1  Right
7   0   100        2547       44056      44156      205        800        1  Right
6   3   500        2554       44156      44656      206        1500       1  Right
0   3   100        2587       44656      44756      207        200        1  Right
4   3   500        2737       44756      45256      207        4000       1  Right
3   0   100        2757       45256      45356      208        200        1  Right
8   0   100        2808       45356      45456      209        300        1  Right
14  3   100        2900       45356      45457      208        900        1  Left 
3   0   500        2879       45457      45957      210        1000       1  Right
0   14  100        2883       45957      45958      211        500        1  Right
0   14  100        2887       45958      45959      212        500        1  Right
4   3   500        3042       45957      46260      209        4000       1  Left 
3   2   100        3066       46260      46360      212        200        1  Right
8   0   500        2910       45959      46460      213        1500       1  Right
8   0   100        2942       46460      46560      215        300        1  Right
0   1   100        2970       46560      46660      216        100        1  Right
3   6   100        3095       46660      46760      216        300        1  Right
8   14  500        3041       46560      47061      215        1000       1  Right
0   8   100        2985       47061      47161      219        300        1  Right
8   0   100        3181       47161      47261      218        300        1  Right
3   14  500        3192       47061      47562      217        4500       1  Left 
3   14  100        3233       47562      47662      219        900        1  Left 
1   0   500        3242       47261      47762      218        500        1  Right
0   3   100        3077       47762      47862      223        200        1  Right
14  1   100        3228       47862      47863      222        1000       1  Left 
0   8   500        3125       47862      47864      223        1500       1  Right
0   13  100        3185       47864      47865      225        400        1  Right
1   14  500        3515       47863      47866      223        5000       1  Left 
0   13  100        3189       47865      47966      226        400        1  Right
13  8   100        3203       47966      48066      228        100        1  Right
0   1   100        3274       47966      48067      227        100        1  Right
13  3   100        3207       48066      48167      229        1000       1  Left 
14  3   100        3251       48167      48267      230        900        1  Left 
8   13  500        3244       48167      48667      230        500        1  Right
13  1   100        3313       48667      48767      232        500        1  Right
2   3   500        3338       48267      48768      231        1000       1  Right
0   5   100        3498       48767      48868      233        1000       1  Right
3   13  500        3282       48868      49368      235        3000       1  Right
3   6   100        3358       49368      49468      236        300        1  Right
3   1   100        3359       49468      49568      237        100        1  Right
8   5   500        3557       49368      49869      236        3500       1  Right
6   3   500        3377       49568      50069      238        1500       1  Right
0   8   500        3498       50069      50070      240        1500       1  Right
1   13  500        3530       50069      50071      240        5500       1  Left 
0   11  100        3499       50071      50171      242        700        1  Left 
5   8   100        3526       50171      50271      243        700        1  Right
14  0   100        3537       50271      50371      244        500        1  Right
11  3   100        3540       50271      50372      244        500        1  Left 
1   0   500        3546       50371      50872      245        500        1  Right
13  0   100        3557       50872      50972      247        400        1  Right
1   3   500        3638       50872      51373      247        500        1  Right
8   1   100        3560       51373      51473      249        400        1  Right
0   1   100        3568       51473      51474      250        100        1  Right
6   3   500        3640       51473      51875      250        6500       1  Left 
0   2   100        3580       51875      51975      252        400        1  Right
3   2   100        3676       51975      52075      253        200        1  Right
0   1   100        3800       51975      52076      252        100        1  Right
0   7   100        3801       52076      52077      254        800        1  Right
1   8   100        3808       52077      52177      255        400        1  Right
3   11  500        3827       52075      52477      253        2500       1  Left 
7   3   100        3841       52477      52577      257        600        1  Left 
3   11  100        3877       52577      52677      258        500        1  Left 
1   0   500        3840       52177      52678      256        500        1  Right
3   7   500        3916       52677      53178      259        3000       1  Left 
8   1   500        3862       52678      53179      260        2000       1  Right
2   0   500        3857       53179      53679      262        2000       1  Right
0   3   100        3863       53679      53779      263        200        1  Right
0   14  100        3868       53779      53879      264        500        1  Right
11  3   100        3890       53779      53880      264        500        1  Left 
1   8   500        3870       53879      54380      265        2000       1  Right
2   3   500        3948       53880      54381      266        1000       1  Right
14  1   100        3881       54380      54481      267        600        1  Right
8   0   100        3924       54481      54581      269        300        1  Right
1   3   100        4096       54481      54582      269        100        1  Right
1   3   100        4113       54582      54682      271        100        1  Right
0   8   500        3980       54581      55082      270        1500       1  Right
3   6   100        3975       55082      55182      273        300        1  Right
15  8   100        4110       55082      55183      273        800        1  Left 
3   5   100        4000       55183      55283      275        400        1  Left 
8   0   100        4042       55183      55284      275        300        1  Right
8   1   100        4044       55284      55384      277        400        1  Right
0   15  100        4102       55384      55484      278        500        1  Right
0   1   100        4104       55484      55584      279        100        1  Right
3   1   100        4109       55584      55684      280        100        1  Right
3   0   100        4139       55684      55784      281        200        1  Right
8   15  500        4161       55484      55985      279        4000       1  Left 
8   4   100        4188       55985      56085      283        300        1  Right
3   0   500        4155       55784      56285      282        1000       1  Right
1   8   500        4135       56285      56785      285        2000       1  Right
1   14  500        4153       56785      57285      286        3000       1  Right
0   3   100        4157       57285      57385      287        200        1  Right
4   8   500        4224       57285      57786      286        1500       1  Right
3   1   500        4188       57385      57886      288        500        1  Right
0   13  100        4171       57786      57887      289        400        1  Right
1   14  100        4223       57886      57987      289        1000       1  Left 
13  1   100        4189       57987      58087      292        500        1  Right
0   1   100        4222       58087      58088      292        100        1  Right
1   0   100        4240       58088      58089      293        100        1  Right
6   3   500        4257       58087      58090      292        6500       1  Left 
1   0   500        4243       58089      58290      294        500        1  Right
14  1   100        4231       58290      58390      296        600        1  Right
5   3   500        4283       58090      58591      295        2000       1  Left 
1   13  500        4252       58390      58891      297        2500       1  Right
1   0   100        4253       58891      58991      299        100        1  Right
0   8   100        4268       58991      59091      300        300        1  Right
0   1   100        4275       59091      59191      301        100        1  Right
1   0   500        4296       59191      59691      302        500        1  Right
1   3   100        4298       59691      59791      303        100        1  Right
0   6   100        4316       59691      59792      303        100        1  Right
3   1   100        4307       59791      59892      304        100        1  Right
0   1   100        4317       59892      59992      306        100        1  Right
8   1   100        4324       59992      60092      307        400        1  Right
8   5   100        4324       60092      60192      308        700        1  Right
8   15  100        4324       60192      60292      309        800        1  Right
8   14  100        4324       60292      60392      310        200        1  Right
8   13  100        4324       60392      60492      311        100        1  Right
1   8   100        4333       60492      60592      312        400        1  Right
5   8   100        4345       60592      60692      313        700        1  Right
1   0   500        4340       60592      61092      313        500        1  Right
1   8   100        4362       61092      61192      315        400        1  Right
13  8   100        4364       61192      61292      316        100        1  Right
14  8   100        4366       61292      61392      317        200        1  Right
15  8   100        4368       61392      61492      318        800        1  Right
8   1   100        4371       61492      61592      319        400        1  Right
15  3   100        4415       61492      61593      319        300        1  Right
0   8   100        4385       61592      61693      320        300        1  Right
0   2   100        4404       61693      61694      322        1200       1  Left 
0   15  100        4406       61694      61794      323        1100       1  Left 
2   8   100        4417       61794      61894      324        900        1  Left 
8   0   100        4419       61894      61994      325        300        1  Right
1   3   500        4422       61593      61995      321        500        1  Right
8   6   100        4428       61994      62095      326        200        1  Right
3   0   100        4450       61995      62096      327        200        1  Right
8   4   100        4440       62095      62196      328        300        1  Right
8   6   100        4441       62196      62296      330        200        1  Right
8   0   100        4463       62296      62396      331        300        1  Right
3   15  500        4451       62096      62597      329        1500       1  Right
6   3   100        4454       62597      62697      333        300        1  Right
4   8   500        4476       62396      62897      332        1500       1  Right
8   2   100        4515       62897      62997      335        900        1  Left 
0   3   500        4462       62697      63198      334        1000       1  Right
3   6   100        4472       63198      63298      337        300        1  Right
8   2   500        4570       62997      63498      336        4500       1  Left 
8   6   100        4606       63498      63598      339        200        1  Right
0   3   500        4481       63298      63799      338        1000       1  Right
15  1   100        4494       63799      63899      341        400        1  Right
0   8   500        4506       63799      64300      341        1500       1  Right
1   15  500        4520       63899      64400      342        2000       1  Right
3   0   100        4512       64400      64500      344        200        1  Right
15  0   100        4547       64500      64600      345        500        1  Right
6   8   500        4513       64300      64801      343        1000       1  Right
0   3   500        4552       64600      65101      346        1000       1  Right
0   1   100        4552       65101      65201      348        100        1  Right
0   1   100        4573       65201      65301      349        100        1  Right
2   8   500        4561       64801      65302      347        4500       1  Left 
1   2   100        4581       65302      65402      351        300        1  Right
3   5   100        4588       65402      65502      352        400        1  Left 
1   8   100        4646       65402      65503      352        400        1  Right
2   0   100        4602       65503      65504      354        1200       1  Left 
3   1   500        4594       65503      65904      354        500        1  Right
1   8   100        4679       65904      65905      356        1200       1  Left 
6   0   500        4613       65504      65906      355        500        1  Right
0   2   100        4622       65906      66006      358        400        1  Right
0   1   100        4625       66006      66106      359        100        1  Right
6   8   500        4720       65906      66407      357        1000       1  Right
2   1   500        4648       66106      66607      360        1500       1  Right
0   1   100        4661       66607      66707      362        100        1  Right
2   3   100        4722       66607      66708      361        200        1  Right
12  8   100        4729       66708      66808      363        1000       1  Left 
1   0   500        4682       66707      67208      363        500        1  Right
8   1   100        4684       67208      67308      366        400        1  Right
0   1   100        4701       67308      67408      367        100        1  Right
0   12  100        4706       67408      67508      368        300        1  Right
0   2   100        4708       67508      67608      369        400        1  Right
1   0   500        4722       67608      68108      369        500        1  Right
3   2   500        4743       67608      68109      369        1000       1  Right
8   1   500        4730       68108      68609      370        2000       1  Right
1   0   500        4735       68609      69109      372        500        1  Right
8   12  500        4765       68609      69110      372        5000       1  Left 
8   1   100        4768       69110      69210      374        400        1  Right
2   1   100        4768       69210      69310      375        300        1  Right
0   1   100        4789       69310      69410      376        100        1  Right
0   15  100        4855       69410      69411      377        1100       1  Left 
1   2   500        4789       69410      69811      377        1500       1  Right
2   0   100        4810       69811      69911      379        400        1  Right
1   8   100        4810       69911      70011      380        400        1  Right
2   1   100        4821       70011      70111      381        300        1  Right
2   0   100        4823       70111      70211      382        400        1  Right
1   3   100        4827       70211      70311      383        100        1  Right
3   1   100        4840       70311      70411      384        100        1  Right
1   2   500        4842       70411      70911      385        1500       1  Right
8   1   100        4848       70911      71011      386        400        1  Right
5   3   500        4865       70911      71412      386        2000       1  Left 
1   8   500        4866       71011      71512      387        2000       1  Right
15  1   100        4863       71512      71612      389        400        1  Right
2   1   100        4864       71612      71712      390        300        1  Right
1   0   100        4873       71712      71812      391        100        1  Right
2   3   100        4908       71712      71813      391        200        1  Right
1   8   100        4875       71812      71913      392        400        1  Right
6   8   500        4883       71913      72413      394        1000       1  Right
1   2   500        4885       71913      72414      394        1500       1  Right
1   15  500        4889       72414      72914      396        2000       1  Right
12  8   100        4960       72914      73014      397        1000       1  Left 
2   8   100        4967       73014      73114      398        900        1  Left 
12  3   100        5035       73014      73115      398        100        1  Right
1   0   500        4899       72914      73414      397        500        1  Right
1   6   100        4903       73414      73514      401        200        1  Right
1   0   100        4908       73514      73614      402        100        1  Right
3   1   100        4910       73614      73714      403        100        1  Right
8   0   100        4931       73614      73715      403        300        1  Right
3   1   100        4910       73714      73815      404        100        1  Right
0   6   100        4958       73715      73815      405        100        1  Right
8   2   100        4931       73715      73816      405        900        1  Left 
0   1   100        4962       73815      73916      406        100        1  Right
8   12  100        4931       73816      73917      407        1000       1  Left 
8   2   100        4932       73917      74017      409        900        1  Left 
1   0   500        4983       73916      74417      408        500        1  Right
0   8   100        4974       74417      74517      411        300        1  Right
2   8   500        4986       74517      75017      412        3500       1  Right
0   4   100        5006       75017      75117      413        600        1  Right
8   1   100        5030       75117      75118      414        1200       1  Left 
12  1   100        5081       75118      75218      415        200        1  Right
6   0   500        5006       75117      75518      414        500        1  Right
0   4   100        5008       75518      75618      417        600        1  Right
0   12  100        5010       75618      75718      418        300        1  Right
8   6   100        5039       75618      75719      418        200        1  Right
4   0   500        5042       75718      76219      419        5000       1  Left 
4   8   100        5043       76219      76319      421        300        1  Right
8   5   100        5064       76319      76419      422        700        1  Right
8   1   100        5089       76419      76519      423        400        1  Right
3   12  500        5056       76219      76720      421        500        1  Right
5   8   500        5095       76519      77020      424        3500       1  Right
0   2   100        5137       77020      77021      426        1200       1  Left 
0   2   100        5157       77021      77022      427        1200       1  Left 
1   12  500        5112       76720      77023      425        1000       1  Right
12  0   100        5143       77023      77123      429        300        1  Right
12  1   100        5154       77123      77223      430        200        1  Right
12  0   100        5156       77223      77323      431        300        1  Right
0   1   100        5185       77323      77423      432        100        1  Right
8   4   500        5186       77022      77523      428        1500       1  Right
3   2   500        5190       77323      77825      432        1000       1  Right
6   1   500        5210       77423      77924      433        1000       1  Right
12  1   100        5217       77924      78024      436        200        1  Right
3   0   100        5219       78024      78124      437        200        1  Right
0   1   100        5229       78124      78224      437        100        1  Right
3   0   100        5235       78224      78324      438        200        1  Right
8   2   500        5228       77825      78326      434        4500       1  Left 
3   15  100        5371       78326      78426      439        300        1  Right
1   8   500        5127       78326      78826      441        2000       1  Right
2   8   100        5182       78826      78926      443        700        1  Right
14  8   100        5201       78926      79026      444        200        1  Right
1   12  500        5185       78926      79426      444        1000       1  Right
8   14  500        5247       79026      79527      444        1000       1  Right
0   4   100        5258       79527      79627      446        600        1  Right
0   6   100        5259       79627      79628      447        100        1  Right
12  8   100        5279       79627      79629      447        1000       1  Left 
1   3   500        5187       79426      79828      446        500        1  Right
4   0   500        5294       79629      80130      449        3000       1  Right
13  8   100        5307       80130      80230      451        100        1  Right
1   3   500        5198       79828      80329      451        500        1  Right
8   5   100        5315       80230      80331      452        700        1  Right
1   12  500        5248       80329      80830      453        1000       1  Right
6   8   500        5316       80331      80832      454        1000       1  Right
12  3   100        5350       80830      80930      454        100        1  Right
1   0   100        5297       80830      80931      455        100        1  Right
5   8   500        5346       80832      81334      455        3500       1  Right
0   1   500        5318       80931      81432      458        500        1  Right
0   6   100        5318       81432      81532      460        100        1  Right
1   0   100        5339       81532      81632      460        100        1  Right
8   12  500        5315       81334      81835      459        5000       1  Left 
0   4   100        5318       81835      81935      463        600        1  Right
2   1   100        5342       81835      81936      462        300        1  Right
0   2   100        5333       81936      82036      464        400        1  Right
4   3   100        5355       82036      82136      465        800        1  Left 
3   14  100        5371       82136      82236      466        900        1  Left 
8   13  500        5348       81935      82436      463        500        1  Right
15  8   100        5363       82436      82536      468        800        1  Left 
0   1   500        5360       82036      82537      465        500        1  Right
3   13  100        5371       82536      82635      469        1000       1  Left 
6   8   100        5365       82536      82636      469        200        1  Right
2   0   500        5361       82635      83136      471        2000       1  Right
0   6   100        5386       83136      83236      473        100        1  Right
1   2   500        5363       83136      83636      473        1500       1  Right
2   0   100        5386       83636      83736      475        400        1  Right
8   6   500        5391       83236      83737      474        1000       1  Right
1   0   100        5405       83736      83836      476        100        1  Right
13  3   100        5390       83736      83837      476        1000       1  Left 
2   8   100        5388       83837      83937      479        700        1  Right
14  3   100        5392       83937      84037      480        700        1  Right
15  3   100        5394       84037      84137      481        300        1  Right
6   8   100        5454       84037      84138      481        200        1  Right
2   1   100        5395       84137      84238      482        300        1  Right
4   8   100        5461       84138      84239      483        300        1  Right
1   2   500        5416       84238      84739      484        1500       1  Right
8   1   100        5396       84739      84839      486        400        1  Right
3   12  100        5430       84739      84840      486        100        1  Right
8   1   100        5396       84839      84940      487        400        1  Right
8   15  500        5414       84940      85440      489        4000       1  Right
0   1   500        5426       85440      85940      490        500        1  Right
8   1   100        5435       85940      86040      491        400        1  Right
8   4   100        5435       86040      86140      492        300        1  Right
8   6   100        5435       86140      86240      493        200        1  Right
8   15  100        5435       86240      86340      494        800        1  Right
8   14  100        5435       86340      86440      495        200        1  Right
2   6   100        5436       86340      86441      495        500        1  Right
8   13  100        5435       86440      86541      496        100        1  Right
2   1   100        5437       86441      86542      497        300        1  Right
8   12  100        5435       86542      86642      499        600        1  Right
2   0   100        5441       86642      86742      500        400        1  Right
1   0   100        5453       86742      86842      501        100        1  Right
1   3   100        5453       86842      86843      502        100        1  Right
0   12  100        5466       86842      86844      502        1300       1  Left 
1   3   100        5456       86843      86845      503        100        1  Right
0   12  100        5480       86844      86846      504        1300       1  Left 
3   1   100        5469       86845      86946      505        100        1  Right
3   1   100        5472       86946      87046      507        100        1  Right
2   12  500        5529       86846      87347      506        500        1  Right
4   1   500        5510       87046      87547      508        3500       1  Right
1   2   500        5460       87547      88047      510        1500       1  Right
1   8   100        5473       88047      88147      511        400        1  Right
12  8   100        5476       88147      88247      512        600        1  Right
13  8   100        5478       88247      88347      513        100        1  Right
1   4   100        5479       88247      88348      513        900        1  Left 
14  8   100        5480       88347      88448      514        200        1  Right
12  2   100        5503       88348      88449      515        100        1  Right
15  8   100        5482       88448      88548      516        800        1  Left 
8   2   100        5533       88548      88648      518        900        1  Left 
0   3   500        5528       88348      88849      515        1000       1  Right
1   8   500        5495       88849      89349      520        2000       1  Right
1   8   500        5498       89349      89849      521        2000       1  Right
8   0   100        5543       89849      89949      522        300        1  Right
12  8   100        5565       89949      90049      523        1000       1  Left 
15  8   100        5573       90049      90149      524        800        1  Left 
15  3   100        5577       90149      90249      525        300        1  Right
6   0   500        5558       89949      90449      523        500        1  Right
0   1   100        5586       90449      90549      527        100        1  Right
12  3   500        5621       90249      90750      526        500        1  Right
4   1   100        5666       90750      90850      529        900        1  Left 
5   3   100        5674       90850      90950      530        400        1  Left 
0   8   500        5615       90549      91050      528        1500       1  Right
4   3   100        5708       90950      91051      531        800        1  Left 
3   0   100        5559       91051      91151      533        200        1  Right
3   12  100        5613       91151      91251      534        100        1  Right
12  3   100        5731       91251      91351      535        100        1  Right
2   8   500        5634       91051      91552      533        4500       1  Left 
8   0   100        5559       91552      91652      537        300        1  Right
10  8   100        5682       91652      91752      538        100        1  Right
14  8   100        5744       91752      91852      539        200        1  Right
13  8   100        5833       91852      91952      539        100        1  Right
3   4   500        5631       91552      92053      537        4000       1  Left 
1   0   500        5607       91652      92153      538        500        1  Right
8   2   100        5601       92053      92154      542        900        1  Left 
0   5   100        5620       92154      92254      544        600        1  Left 
0   10  100        5620       92254      92354      545        200        1  Right
3   15  500        5650       92254      92755      545        1500       1  Right
1   4   500        5699       92354      92855      546        3500       1  Right
0   2   100        5640       92855      92955      548        400        1  Right
2   0   500        5667       92955      93455      549        2000       1  Right
6   0   500        5683       93455      93955      550        500        1  Right
8   12  500        5699       93455      93956      550        5000       1  Left 
0   2   100        5694       93956      94056      552        400        1  Right
0   2   100        5699       94056      94156      553        400        1  Right
8   15  500        5700       93956      94157      552        4000       1  Left 
6   2   500        5723       94156      94357      554        2500       1  Right
3   4   100        5700       94357      94457      556        800        1  Left 
8   10  500        5708       94157      94658      555        500        1  Right
1   4   100        5731       94658      94758      558        700        1  Right
1   6   100        5732       94758      94858      559        200        1  Right
3   5   500        5729       94457      94958      557        2000       1  Left 
1   6   100        5769       94858      94958      560        200        1  Right
4   0   100        5733       94958      95058      561        1000       1  Left 
3   15  100        5752       95058      95158      562        300        1  Right
0   2   100        5755       95158      95258      563        400        1  Right
8   14  500        5790       94758      95260      559        1000       1  Right
5   1   100        5760       95258      95359      564        500        1  Left 
8   0   100        5812       95260      95361      565        300        1  Right
14  3   100        5748       95359      95460      566        900        1  Left 
2   1   100        5761       95460      95560      568        300        1  Right
0   1   100        5761       95560      95660      569        100        1  Right
3   12  100        5811       95560      95661      569        100        1  Right
8   13  500        5874       95361      95862      566        500        1  Right
4   1   500        5762       95661      96162      571        4500       1  Left 
15  1   100        5765       96162      96262      573        400        1  Right
15  3   100        5775       96262      96362      574        300        1  Right
1   2   500        5782       96362      96862      575        1500       1  Right
0   3   100        5783       96862      96962      576        200        1  Right
1   15  500        5791       96962      97462      577        2000       1  Right
1   2   100        5796       97462      97562      578        300        1  Right
2   1   100        5801       97562      97662      579        300        1  Right
1   5   500        5804       97662      98162      580        2500       1  Left 
3   2   100        5812       98162      98262      581        200        1  Right
3   12  100        5813       98262      98362      582        100        1  Right
6   1   500        5810       98162      98662      581        1000       1  Right
15  1   100        5819       98662      98663      584        1200       1  Left 
12  3   500        5825       98362      98664      582        500        1  Right
12  3   100        5829       98664      98665      585        100        1  Right
1   2   500        5822       98663      98965      584        6500       1  Left 
2   1   500        5825       98965      99465      587        1500       1  Right
15  1   100        5832       99465      99565      588        400        1  Right
15  0   100        5834       99565      99665      589        500        1  Right
13  3   100        5837       99665      99765      590        600        1  Right
5   0   100        5844       99765      99865      591        600        1  Left 
1   6   100        5845       99865      99965      592        200        1  Right
3   14  500        5854       99865      100366     592        4500       1  Left 
2   0   100        5845       100366     100466     594        400        1  Right
1   15  500        5845       100466     100966     595        2000       1  Right
12  1   100        5849       100966     101066     596        200        1  Right
0   3   500        5851       101066     101566     597        1000       1  Right
3   14  100        5857       101566     101666     598        700        1  Right
1   15  500        5858       101666     102166     599        2000       1  Right
0   8   500        5868       101666     102167     599        1500       1  Right
1   12  500        5880       102166     102168     600        1000       1  Right
0   2   500        5880       102167     102169     601        6000       1  Left 
3   2   100        5882       102169     102170     603        200        1  Right
15  1   100        5887       102169     102171     603        1200       1  Left 
3   12  100        5917       102170     102172     604        100        1  Right
3   12  100        5919       102172     102173     606        100        1  Right
1   15  500        5913       102171     102474     605        6000       1  Left 
14  3   100        5886       102474     102574     608        700        1  Right
0   6   100        5922       102574     102674     609        100        1  Right
0   9   100        5922       102674     102774     610        700        1  Right
2   3   500        5903       102574     103074     609        1000       1  Right
2   0   100        5914       103074     103174     612        400        1  Right
12  0   100        5917       103174     103274     613        300        1  Right
12  8   100        5919       103274     103374     614        600        1  Right
12  1   100        5926       103374     103375     615        200        1  Right
0   2   500        5945       103374     103376     615        6000       1  Left 
12  3   500        5928       103375     103476     616        500        1  Right
8   2   100        5956       103376     103477     617        900        1  Left 
8   15  100        5956       103477     103577     619        800        1  Left 
8   14  100        5956       103577     103677     620        200        1  Right
8   13  100        5956       103677     103777     621        100        1  Right
8   10  100        5956       103777     103877     622        100        1  Right
1   12  500        5957       103476     103977     618        1000       1  Right
9   8   100        5963       103877     103978     623        400        1  Right
15  3   100        5941       103977     104078     624        300        1  Right
10  8   100        5981       103978     104079     625        100        1  Right
6   3   100        5955       104078     104179     626        300        1  Right
3   13  500        5958       104179     104679     628        3000       1  Right
2   1   100        5971       104679     104779     629        300        1  Right
2   0   500        5971       104779     105279     630        2000       1  Right
2   8   100        5989       105279     105379     631        900        1  Left 
3   6   500        5986       105279     105779     631        1500       1  Right
13  1   100        5988       105779     105879     633        500        1  Right
12  6   100        5990       105879     105979     634        400        1  Right
13  8   100        5993       105879     105980     634        100        1  Right
0   6   100        5998       105979     106079     635        100        1  Right
12  1   100        5991       105979     106080     635        200        1  Right
14  8   100        5995       105980     106082     636        200        1  Right
15  8   100        5997       106082     106182     639        800        1  Left 
0   4   100        6024       106182     106282     640        600        1  Right
1   2   500        5992       106080     106581     638        1500       1  Right
12  0   100        5995       106581     106681     642        300        1  Right
2   0   100        6015       106681     106781     643        400        1  Right
1   13  500        6015       106781     107281     644        2500       1  Right
6   1   100        6022       107281     107381     645        200        1  Right
12  8   500        6074       107281     107782     645        5000       1  Left 
0   2   100        6025       107782     107783     647        1200       1  Left 
1   12  500        6024       107782     108183     647        1000       1  Right
0   1   100        6026       108183     108283     649        100        1  Right
8   12  100        6048       108183     108284     649        1000       1  Left 
8   12  100        6050       108284     108384     651        1000       1  Left 
6   1   500        6027       108283     108784     650        1000       1  Right
8   9   500        6118       108384     108885     652        2000       1  Right
0   2   500        6041       108784     109285     653        2000       1  Right
13  1   100        6041       109285     109385     655        500        1  Right
13  1   100        6054       109385     109485     656        500        1  Right
13  0   100        6056       109485     109585     657        400        1  Right
1   6   500        6063       109585     110085     658        1000       1  Right
0   4   100        6067       110085     110185     659        600        1  Right
1   13  500        6067       110185     110685     660        2500       1  Right
2   0   100        6073       110685     110785     661        400        1  Right
2   1   100        6075       110785     110885     662        300        1  Right
0   8   100        6085       110785     110886     662        300        1  Right
6   0   100        6105       110886     110986     664        100        1  Right
0   10  100        6224       110986     110987     665        200        1  Right
1   13  500        6080       110885     111287     663        5500       1  Left 
1   2   100        6083       111287     111387     667        300        1  Right
0   11  100        6225       111287     111388     667        900        1  Right
4   1   100        6092       111388     111488     669        700        1  Right
13  1   100        6115       111488     111588     670        500        1  Right
13  8   100        6167       111588     111688     671        100        1  Right
2   3   500        6090       111387     111888     668        1000       1  Right
1   2   500        6097       111888     112388     673        1500       1  Right
1   4   500        6123       112388     112888     674        3500       1  Right
2   1   500        6123       112888     113388     675        1500       1  Right
2   4   100        6124       113388     113488     676        600        1  Left 
3   0   100        6124       113388     113489     676        200        1  Right
8   2   100        6137       113488     113589     677        900        1  Left 
8   2   100        6137       113589     113689     679        900        1  Left 
6   1   500        6137       113489     113990     678        1000       1  Right
1   13  500        6141       113990     114490     681        2500       1  Right
1   2   100        6145       114490     114590     682        300        1  Right
1   6   100        6192       114590     114690     683        200        1  Right
0   12  100        6246       114690     114790     684        300        1  Right
8   13  500        6208       114490     114991     682        500        1  Right
4   2   500        6165       114590     115091     683        3000       1  Left 
6   12  500        6277       114790     115291     685        2000       1  Right
8   0   100        6271       115291     115391     688        300        1  Right
2   1   500        6173       115291     115791     688        1500       1  Right
6   0   500        6299       115391     115891     689        500        1  Right
8   11  500        6286       115391     115892     689        3000       1  Right
2   3   100        6183       115791     115893     690        200        1  Right
1   5   100        6217       115892     115894     692        1100       1  Right
3   2   100        6192       115893     115895     693        200        1  Right
5   1   500        6255       115894     115896     694        5500       1  Right
3   15  500        6238       115895     115897     695        1500       1  Right
1   0   500        6309       115896     116397     696        500        1  Right
2   8   500        6186       115897     116398     697        4500       1  Left 
3   10  500        6288       116397     116399     698        2000       1  Right
2   8   500        6213       116398     116400     699        4500       1  Left 
12  1   100        6315       116399     116500     700        200        1  Right
11  8   100        6255       116400     116501     701        600        1  Right
2   0   500        6312       116500     117001     702        2000       1  Right
13  3   100        6245       117001     117101     704        600        1  Right
2   4   100        6376       117001     117102     703        600        1  Left 
10  3   100        6257       117101     117202     705        400        1  Right
11  1   100        6321       117202     117302     706        600        1  Left 
4   0   500        6329       117202     117703     706        3000       1  Right
10  1   100        6323       117703     117803     708        300        1  Right
0   12  100        6327       117803     117804     709        300        1  Right
2   6   100        6377       117803     117805     709        1100       1  Left 
0   2   100        6337       117805     117806     711        1200       1  Left 
0   8   100        6368       117806     117906     712        300        1  Right
0   5   100        6369       117906     118006     713        1000       1  Right
0   2   100        6386       118006     118007     714        1200       1  Left 
1   12  500        6346       117804     118008     710        1000       1  Right
0   15  100        6387       118007     118009     715        1100       1  Left 
12  1   100        6375       118008     118010     716        200        1  Right
15  2   100        6397       118009     118010     717        100        1  Right
11  0   100        6393       118009     118011     717        900        1  Right
1   11  500        6357       118011     118511     719        3000       1  Left 
1   10  500        6364       118511     119011     720        1500       1  Right
4   2   500        6410       118511     119012     720        3000       1  Left 
2   6   100        6399       119012     119013     722        1100       1  Left 
1   12  500        6406       119011     119413     721        1000       1  Right
11  1   100        6404       119413     119513     724        600        1  Left 
11  0   100        6406       119513     119613     725        700        1  Left 
10  0   100        6409       119613     119713     726        200        1  Right
5   1   100        6411       119613     119714     726        500        1  Left 
