
23
C:/Users/nxconrad/Desktop/REU 2.0/Benchmark Data/16-core/7/flow_freqmine100#1.txt
759
[7, 4, 6, 11, 3, 13, 10, 1, 5, 9, 2, 15, 12, 0, 8, 14]
8   0   100        0          2          102        0          100        1  Right
0   8   500        317        319        819        0          500        1  Right
8   1   100        376        819        919        1          700        1  Right
1   8   500        678        919        1419       1          3500       1  Right
8   1   100        725        1419       1519       2          700        1  Right
3   0   100        1001       1519       1619       1          700        1  Left 
6   0   100        1002       1619       1719       2          500        1  Left 
5   0   100        1003       1719       1819       3          500        1  Right
9   0   100        1003       1819       1919       4          400        1  Right
1   0   100        1004       1919       2019       5          600        1  Right
15  0   100        1004       2019       2119       6          200        1  Right
12  0   100        1005       2119       2219       7          100        1  Right
1   8   500        1027       2019       2520       6          4500       1  Left 
0   15  500        1025       2219       2720       8          1000       1  Right
14  0   100        1006       2720       2820       10         200        1  Right
10  0   100        1006       2820       2920       11         700        1  Right
11  0   100        1007       2920       3020       12         600        1  Left 
4   0   100        1008       3020       3120       13         400        1  Left 
13  0   100        1008       3120       3220       14         800        1  Right
7   0   100        1010       3220       3320       15         300        1  Left 
2   0   100        1012       3320       3420       16         300        1  Right
0   1   500        1025       3420       3920       17         3000       1  Right
0   14  500        1032       3920       4420       18         1000       1  Right
0   2   500        1038       4420       4920       19         1500       1  Right
15  0   100        1042       4920       5020       20         200        1  Right
0   13  500        1052       5020       5520       21         4000       1  Right
0   12  500        1052       5520       6020       22         500        1  Right
1   0   100        1053       6020       6120       23         600        1  Right
14  0   100        1069       6120       6220       24         200        1  Right
0   4   500        1075       6220       6720       25         2000       1  Left 
0   5   500        1075       6720       6721       26         2500       1  Right
1   8   500        1379       6720       6722       26         4500       1  Left 
8   0   100        1077       6722       6822       28         100        1  Right
8   1   100        1079       6822       6922       29         700        1  Right
8   0   100        1080       6922       7022       30         100        1  Right
2   0   100        1086       7022       7122       31         300        1  Right
0   11  500        1097       7122       7622       32         3000       1  Left 
0   6   500        1097       7622       8122       33         2500       1  Left 
13  0   100        1102       8122       8222       34         800        1  Right
12  0   100        1118       8222       8322       35         100        1  Right
0   10  500        1119       8322       8822       36         3500       1  Right
0   9   500        1119       8822       9322       37         2000       1  Right
4   0   100        1129       9322       9422       38         400        1  Left 
0   7   500        1141       9422       9922       39         1500       1  Left 
5   0   100        1145       9922       10022      40         500        1  Right
11  0   100        1156       10022      10122      41         600        1  Left 
6   0   100        1172       10122      10222      42         500        1  Left 
10  0   100        1183       10222      10322      43         700        1  Right
9   0   100        1199       10322      10422      44         400        1  Right
7   0   100        1210       10422      10522      45         300        1  Left 
0   3   500        1319       10522      11022      46         3500       1  Left 
0   1   100        1340       11022      11122      47         600        1  Right
3   1   100        1353       11122      11222      48         300        1  Right
0   7   500        1356       11122      11623      48         1500       1  Left 
7   1   100        1410       11623      11723      50         700        1  Right
0   9   500        1356       11623      12123      50         2000       1  Right
0   10  500        1357       12123      12623      52         3500       1  Right
9   1   100        1421       12623      12723      52         200        1  Right
10  1   100        1438       12723      12823      53         100        1  Right
0   6   500        1357       12623      13123      53         2500       1  Left 
0   11  500        1378       13123      13623      56         3000       1  Left 
8   6   100        1542       13623      13723      55         400        1  Left 
0   5   500        1378       13623      14123      57         2500       1  Right
0   4   500        1400       14123      14623      59         2000       1  Left 
0   12  500        1400       14623      15123      60         500        1  Right
0   13  500        1422       15123      15623      60         4000       1  Right
0   2   500        1422       15623      16123      61         1500       1  Right
0   14  500        1444       16123      16623      62         1000       1  Right
0   1   500        1444       16623      17123      63         3000       1  Right
6   1   100        1449       17123      17223      64         500        1  Right
11  1   100        1455       17223      17323      65         400        1  Right
5   1   100        1466       17323      17423      66         100        1  Right
4   1   100        1472       17423      17523      67         600        1  Right
0   15  500        1466       17123      17624      64         1000       1  Right
0   8   100        1466       17624      17724      69         100        1  Right
12  1   100        1483       17624      17725      69         500        1  Right
0   8   100        1466       17724      17825      70         100        1  Right
13  1   100        1489       17725      17826      71         200        1  Right
2   1   100        1493       17826      17926      73         300        1  Right
14  1   100        1504       17926      18026      74         800        1  Right
15  1   100        1512       18026      18126      75         400        1  Right
8   1   100        1546       18126      18226      75         700        1  Right
1   0   500        1612       18226      18726      76         3000       1  Right
1   15  500        1627       18726      19226      76         2000       1  Right
1   14  500        1627       19226      19726      77         4000       1  Right
1   13  500        1628       19726      20226      78         1000       1  Right
0   1   100        1631       20226      20326      79         600        1  Right
1   0   100        1633       20326      20426      80         600        1  Right
15  0   100        1651       20426      20526      81         200        1  Right
14  0   100        1657       20526      20626      82         200        1  Right
13  0   100        1673       20626      20726      83         800        1  Left 
1   2   500        1640       20426      20926      81         1500       1  Right
1   12  500        1640       20926      21426      85         2500       1  Right
2   0   100        1682       21426      21526      86         300        1  Right
12  0   100        1703       21526      21626      87         100        1  Right
1   4   500        1662       21426      21926      86         3000       1  Right
4   0   100        1714       21926      22026      89         400        1  Left 
1   5   500        1662       21926      22426      89         500        1  Right
5   0   100        1730       22426      22526      90         500        1  Right
1   11  500        1685       22426      22926      91         2000       1  Right
1   6   500        1685       22926      23426      93         2500       1  Right
11  0   100        1741       23426      23526      93         600        1  Left 
6   0   100        1757       23526      23626      94         500        1  Left 
8   6   100        1841       23626      23726      94         400        1  Left 
0   6   100        1935       23726      23826      94         500        1  Left 
1   10  500        1707       23426      23926      94         500        1  Right
0   15  100        1959       23826      23927      95         200        1  Right
10  0   100        1768       23927      24027      99         900        1  Left 
1   9   500        1707       23926      24427      99         1000       1  Right
4   1   100        1724       24427      24527      101        600        1  Right
9   0   100        1784       24427      24528      101        400        1  Right
1   7   500        1729       24527      25028      102        3500       1  Right
5   1   100        1730       25028      25128      104        100        1  Right
3   0   100        1786       25028      25129      104        700        1  Left 
12  1   100        1735       25128      25229      105        500        1  Right
3   0   100        1788       25129      25230      106        700        1  Left 
13  1   100        1741       25229      25330      107        200        1  Right
7   0   100        1795       25230      25331      108        300        1  Left 
1   3   500        1740       25330      25831      109        1500       1  Right
11  1   100        1741       25831      25931      111        400        1  Right
2   1   100        1745       25931      26031      112        300        1  Right
14  1   100        1756       26031      26131      113        800        1  Right
6   1   100        1757       26131      26231      114        500        1  Right
15  1   100        1764       26231      26331      115        400        1  Right
10  1   100        1768       26331      26431      116        100        1  Right
9   1   100        1784       26431      26531      117        200        1  Right
6   8   500        1819       26231      26732      114        2000       1  Left 
7   1   100        1795       26732      26832      119        700        1  Right
8   1   100        1847       26832      26932      119        700        1  Right
1   8   500        1848       26932      27432      120        3500       1  Right
1   8   500        1898       27432      27932      121        3500       1  Right
8   0   100        1947       27932      28032      121        100        1  Right
15  6   100        1967       27932      28033      121        900        1  Right
0   1   100        1968       28033      28133      123        600        1  Right
3   1   100        2125       28133      28233      122        300        1  Right
6   8   500        2118       28033      28534      121        2000       1  Left 
0   14  100        1970       28534      28634      126        200        1  Right
1   6   100        1976       28534      28635      126        500        1  Right
14  6   100        1984       28635      28735      128        300        1  Left 
0   13  100        1991       28635      28736      128        800        1  Right
0   2   100        1995       28736      28836      130        300        1  Right
2   6   100        2008       28836      28936      131        800        1  Right
0   12  100        2026       28836      28937      130        100        1  Right
13  6   100        2009       28936      29037      132        300        1  Right
1   0   500        2024       28937      29438      132        3000       1  Right
0   4   100        2037       29438      29538      134        400        1  Left 
0   5   100        2060       29538      29638      135        500        1  Right
1   7   500        2039       29538      30038      135        3500       1  Right
1   9   500        2039       30038      30538      137        1000       1  Right
6   0   500        2232       30038      30539      135        2500       1  Left 
1   10  500        2040       30538      31039      138        500        1  Right
1   6   500        2040       31039      31539      140        2500       1  Right
12  6   100        2049       31539      31639      141        600        1  Left 
4   6   100        2068       31639      31739      142        100        1  Right
1   15  500        2062       31539      32040      141        2000       1  Right
1   11  500        2062       32040      32540      144        2000       1  Right
0   11  100        2069       32540      32640      145        600        1  Left 
1   14  500        2085       32640      33140      146        4000       1  Right
0   6   100        2090       33140      33240      147        500        1  Left 
0   10  100        2101       33240      33340      148        900        1  Left 
0   3   100        2107       33340      33440      149        700        1  Left 
0   9   100        2122       33440      33540      149        400        1  Right
0   7   100        2133       33540      33640      150        300        1  Left 
1   5   500        2096       33140      33641      147        500        1  Right
0   3   100        2236       33640      33741      150        700        1  Left 
5   6   100        2101       33741      33841      154        1000       1  Left 
11  6   100        2113       33841      33941      155        100        1  Right
0   8   100        2410       33841      33942      153        100        1  Right
0   8   100        2583       33942      34042      154        100        1  Right
1   13  500        2096       33641      34142      153        1000       1  Right
10  6   100        2137       34142      34242      158        400        1  Right
1   2   500        2119       34142      34642      158        1500       1  Right
1   12  500        2119       34642      35142      160        2500       1  Right
1   4   500        2142       35142      35642      161        3000       1  Right
9   6   100        2163       35642      35742      162        700        1  Right
7   6   100        2177       35742      35842      163        200        1  Right
1   0   100        2310       35742      35843      162        600        1  Right
3   6   100        2254       35842      35943      163        200        1  Right
1   0   100        2314       35843      35944      164        600        1  Right
15  0   100        2332       35944      36044      166        200        1  Right
15  0   100        2336       36044      36144      167        200        1  Right
14  0   100        2360       36144      36244      168        200        1  Right
2   0   100        2361       36244      36344      169        300        1  Right
6   1   500        2268       35944      36444      166        2500       1  Right
14  0   100        2364       36344      36445      170        200        1  Right
6   15  500        2280       36444      36945      171        4500       1  Right
2   0   100        2365       36945      37045      173        300        1  Right
6   14  500        2313       36945      37445      173        1500       1  Left 
1   3   500        2427       36945      37447      173        1500       1  Right
6   2   500        2323       37445      37946      175        4000       1  Left 
8   1   100        2453       37946      38046      177        700        1  Right
6   13  500        2345       37946      38446      177        1500       1  Right
1   8   500        2755       38046      38547      176        3500       1  Right
6   12  500        2378       38547      39047      180        3000       1  Left 
13  0   100        2387       39047      39147      181        800        1  Right
14  8   100        2896       39047      39147      178        100        1  Right
13  0   100        2391       39147      39247      182        800        1  Right
12  0   100        2415       39247      39347      183        100        1  Right
12  0   100        2419       39347      39447      184        100        1  Right
6   4   500        2400       39047      39548      181        500        1  Right
4   0   100        2427       39548      39648      186        400        1  Left 
4   0   100        2431       39648      39748      187        400        1  Left 
6   5   500        2422       39548      40048      186        3000       1  Right
5   0   100        2444       40048      40148      189        500        1  Right
5   0   100        2448       40148      40248      190        500        1  Right
3   4   100        2455       40248      40249      191        1300       1  Left 
3   4   100        2756       40249      40250      190        1300       1  Left 
6   11  500        2433       40048      40350      189        500        1  Right
6   0   100        2463       40350      40450      194        500        1  Left 
11  0   100        2465       40450      40550      195        600        1  Left 
6   0   100        2467       40550      40650      196        500        1  Left 
11  0   100        2469       40650      40750      197        600        1  Left 
6   10  500        2488       40750      41250      198        2000       1  Right
6   9   500        2510       41250      41750      199        3500       1  Right
10  0   100        2515       41750      41850      200        700        1  Right
10  0   100        2519       41850      41950      200        700        1  Right
9   0   100        2532       41950      42050      201        400        1  Right
9   0   100        2536       42050      42150      202        400        1  Right
6   7   500        2521       41750      42251      199        1000       1  Right
7   0   100        2543       42251      42351      204        300        1  Left 
7   0   100        2547       42351      42451      205        300        1  Left 
6   3   500        2554       42251      42752      204        1000       1  Right
0   3   100        2587       42752      42852      207        700        1  Left 
0   14  100        2883       42852      42952      206        200        1  Right
0   14  100        2887       42952      43052      207        200        1  Right
0   1   100        2970       43052      43152      207        600        1  Right
0   8   100        2985       43152      43252      208        100        1  Right
4   3   500        2737       42852      43352      207        1500       1  Right
3   0   100        2757       43352      43452      212        700        1  Left 
8   0   100        2808       43452      43552      213        100        1  Right
14  3   100        2900       43452      43553      212        500        1  Left 
3   0   500        2879       43553      44053      214        3500       1  Left 
8   0   500        2910       44053      44553      215        500        1  Right
4   3   500        3042       44053      44554      213        1500       1  Right
8   0   100        2942       44553      44654      215        100        1  Right
3   2   100        3066       44554      44655      215        600        1  Right
0   3   100        3077       44655      44755      217        900        1  Right
3   6   100        3095       44755      44855      218        200        1  Right
8   14  500        3041       44654      45155      216        500        1  Right
0   8   500        3125       45155      45655      219        500        1  Right
3   14  500        3192       45155      45656      219        2500       1  Left 
8   0   100        3181       45655      45756      220        100        1  Right
14  1   100        3228       45656      45757      220        800        1  Left 
0   13  100        3185       45757      45758      223        800        1  Right
3   14  100        3233       45757      45759      222        500        1  Left 
0   13  100        3189       45758      45859      224        800        1  Right
13  8   100        3203       45859      45860      226        700        1  Left 
13  3   100        3207       45860      45960      227        100        1  Right
1   0   500        3242       45859      45961      225        3000       1  Right
0   1   100        3274       45961      45962      228        600        1  Right
8   13  500        3244       45960      46062      227        3500       1  Left 
0   5   100        3498       45962      46063      227        500        1  Right
13  1   100        3313       46062      46162      230        200        1  Right
14  3   100        3251       46062      46163      230        500        1  Left 
0   8   500        3498       46063      46565      229        500        1  Right
3   13  500        3282       46163      46664      233        500        1  Right
0   11  100        3499       46565      46666      232        600        1  Left 
14  0   100        3537       46666      46766      234        200        1  Right
2   3   500        3338       46664      47165      234        3000       1  Right
3   6   100        3358       47165      47265      237        200        1  Right
1   14  500        3515       47165      47666      236        4000       1  Right
6   3   500        3377       47265      47766      238        1000       1  Right
5   8   100        3526       47666      47767      238        600        1  Right
11  3   100        3540       47766      47866      239        100        1  Right
1   13  500        3530       47666      48167      238        1000       1  Right
3   1   100        3359       48167      48267      243        300        1  Right
8   5   500        3557       47767      48269      240        3000       1  Right
1   0   500        3546       48269      48769      244        3000       1  Right
13  0   100        3557       48769      48869      245        800        1  Right
8   1   100        3560       48869      48969      246        700        1  Right
0   1   100        3568       48969      49069      247        600        1  Right
0   2   100        3580       49069      49169      248        300        1  Right
1   3   500        3638       49069      49570      248        1500       1  Right
0   1   100        3800       49570      49670      250        600        1  Right
0   7   100        3801       49670      49770      251        300        1  Left 
1   8   100        3808       49770      49870      252        700        1  Right
6   3   500        3640       49570      50070      250        1000       1  Right
7   3   100        3841       50070      50170      254        400        1  Right
1   0   500        3840       49870      50371      253        3000       1  Right
3   2   100        3676       50371      50471      256        600        1  Right
3   11  500        3827       50471      50971      257        500        1  Right
2   0   500        3857       50471      50972      257        1500       1  Right
8   1   500        3862       50971      51472      258        4500       1  Left 
0   3   100        3863       51472      51572      260        700        1  Left 
0   14  100        3868       51572      51672      261        200        1  Right
3   11  100        3877       51572      51673      261        100        1  Right
11  3   100        3890       51673      51773      263        100        1  Right
1   8   500        3870       51672      52173      262        3500       1  Right
14  1   100        3881       52173      52273      265        800        1  Right
3   7   500        3916       51773      52274      264        2000       1  Right
8   0   100        3924       52273      52374      265        100        1  Right
2   3   500        3948       52274      52775      266        3000       1  Right
0   8   500        3980       52374      52875      267        500        1  Right
3   6   100        3975       52775      52876      268        200        1  Right
8   0   100        4042       52875      52976      269        100        1  Right
3   5   100        4000       52876      52977      270        400        1  Right
0   15  100        4102       52976      53077      271        200        1  Right
8   1   100        4044       52977      53078      272        900        1  Left 
1   3   100        4096       53078      53178      274        300        1  Right
15  8   100        4110       53078      53179      274        300        1  Right
1   3   100        4113       53178      53279      275        300        1  Right
8   15  500        4161       53179      53680      276        1500       1  Right
0   1   100        4104       53680      53780      278        600        1  Right
8   4   100        4188       53680      53781      278        300        1  Left 
3   1   100        4109       53780      53881      279        300        1  Right
1   8   500        4135       53881      54381      281        3500       1  Right
3   0   100        4139       54381      54481      282        700        1  Left 
1   14  500        4153       54481      54981      283        4000       1  Right
3   0   500        4155       54981      55481      284        3500       1  Left 
0   3   100        4157       55481      55581      285        700        1  Left 
0   13  100        4171       55581      55582      286        800        1  Right
6   3   500        4257       55581      55982      286        1000       1  Right
4   8   500        4224       55581      55983      286        1500       1  Left 
3   1   500        4188       55982      56483      288        1500       1  Right
13  1   100        4189       56483      56484      290        200        1  Right
5   3   500        4283       56483      56885      290        6000       1  Left 
0   1   100        4222       56885      56985      292        600        1  Right
1   14  100        4223       56985      57085      293        800        1  Right
14  1   100        4231       57085      57185      294        800        1  Right
1   0   100        4240       57185      57285      295        600        1  Right
1   0   500        4243       57285      57785      296        3000       1  Right
0   8   100        4268       57785      57885      297        100        1  Right
1   13  500        4252       57785      58285      297        1000       1  Right
1   0   100        4253       58285      58385      299        600        1  Right
0   1   100        4275       58385      58485      300        600        1  Right
1   0   500        4296       58485      58985      301        3000       1  Right
1   3   100        4298       58985      59085      302        300        1  Right
0   6   100        4316       58985      59086      302        500        1  Left 
3   1   100        4307       59085      59186      303        300        1  Right
0   1   100        4317       59186      59286      305        600        1  Right
8   1   100        4324       59286      59386      306        700        1  Right
8   5   100        4324       59386      59486      307        600        1  Right
8   15  100        4324       59486      59586      308        300        1  Right
8   14  100        4324       59586      59686      309        100        1  Right
8   13  100        4324       59686      59786      310        700        1  Left 
1   8   100        4333       59786      59886      311        700        1  Right
1   0   500        4340       59886      60386      312        3000       1  Right
5   8   100        4345       60386      60486      313        600        1  Right
1   8   100        4362       60486      60586      314        700        1  Right
13  8   100        4364       60586      60686      315        700        1  Left 
14  8   100        4366       60686      60786      316        100        1  Right
15  8   100        4368       60786      60886      317        300        1  Right
8   1   100        4371       60886      60986      318        700        1  Right
0   8   100        4385       60986      61086      319        100        1  Right
15  3   100        4415       60986      61087      319        700        1  Right
8   0   100        4419       61086      61187      319        100        1  Right
0   2   100        4404       61187      61287      322        300        1  Right
8   6   100        4428       61187      61288      321        400        1  Left 
0   15  100        4406       61287      61388      323        200        1  Right
8   4   100        4440       61288      61389      323        300        1  Left 
2   8   100        4417       61389      61489      326        400        1  Right
1   3   500        4422       61087      61588      320        1500       1  Right
8   6   100        4441       61489      61589      326        400        1  Left 
3   0   100        4450       61588      61688      327        900        1  Right
4   8   500        4476       61589      62090      328        1500       1  Left 
3   15  500        4451       61688      62189      329        3500       1  Right
8   0   100        4463       62090      62191      330        100        1  Right
15  1   100        4494       62189      62289      331        400        1  Right
6   3   100        4454       62189      62290      331        200        1  Right
8   2   100        4515       62289      62390      333        400        1  Right
3   6   100        4472       62290      62391      334        200        1  Right
1   15  500        4520       62390      62891      335        2000       1  Right
0   3   500        4462       62391      62892      336        3500       1  Left 
0   3   500        4481       62892      63392      338        3500       1  Left 
0   8   500        4506       63392      63892      339        500        1  Right
3   0   100        4512       63892      63992      340        700        1  Left 
15  0   100        4547       63992      64092      341        200        1  Right
3   5   100        4588       63992      64093      341        400        1  Right
6   8   500        4513       63992      64094      341        2000       1  Left 
0   3   500        4552       64093      64196      343        4500       1  Right
0   1   100        4552       64196      64296      345        600        1  Right
2   8   500        4561       64296      64796      346        2000       1  Right
8   2   500        4570       64796      65296      347        2000       1  Right
0   1   100        4573       65296      65396      348        600        1  Right
8   6   100        4606       65296      65397      348        400        1  Left 
1   2   100        4581       65396      65497      349        300        1  Right
2   0   100        4602       65497      65597      351        300        1  Right
3   1   500        4594       65497      65997      351        1500       1  Right
6   0   500        4613       65597      66098      352        2500       1  Left 
0   2   100        4622       66098      66198      354        300        1  Right
1   8   100        4646       66098      66199      354        900        1  Left 
0   1   100        4625       66199      66299      356        600        1  Right
2   1   500        4648       66299      66799      357        1500       1  Right
0   1   100        4661       66799      66899      358        600        1  Right
1   8   100        4679       66899      66999      359        700        1  Right
1   0   500        4682       66999      67499      360        3000       1  Right
6   8   500        4720       66999      67500      360        2000       1  Left 
2   3   100        4722       67499      67600      361        600        1  Right
12  8   100        4729       67500      67601      362        200        1  Right
8   1   100        4684       67601      67701      364        700        1  Right
0   1   100        4701       67701      67801      365        600        1  Right
0   12  100        4706       67801      67901      366        100        1  Right
0   2   100        4708       67901      68001      367        300        1  Right
8   1   500        4730       67801      68302      366        4500       1  Left 
1   0   500        4722       68302      68802      369        3000       1  Right
1   0   500        4735       68802      69302      370        3000       1  Right
3   2   500        4743       69302      69802      371        3000       1  Right
8   12  500        4765       69302      69803      371        1000       1  Right
1   2   500        4789       69802      70303      372        1500       1  Right
8   1   100        4768       70303      70403      374        700        1  Right
2   1   100        4768       70403      70503      375        300        1  Right
0   1   100        4789       70503      70603      376        600        1  Right
2   0   100        4810       70603      70703      377        300        1  Right
1   8   100        4810       70603      70704      377        900        1  Left 
0   15  100        4855       70703      70804      378        200        1  Right
2   1   100        4821       70704      70805      379        300        1  Right
2   0   100        4823       70805      70905      381        300        1  Right
1   3   100        4827       70805      70906      381        300        1  Right
3   1   100        4840       70906      71006      383        300        1  Right
1   2   500        4842       71006      71506      384        1500       1  Right
8   1   100        4848       71506      71606      385        700        1  Right
15  1   100        4863       71606      71706      386        400        1  Right
2   1   100        4864       71706      71806      387        300        1  Right
5   3   500        4865       71806      72306      388        2000       1  Right
1   8   500        4866       72306      72806      389        3500       1  Right
1   0   100        4873       72806      72906      390        600        1  Right
1   8   100        4875       72906      73006      391        700        1  Right
6   8   500        4883       73006      73506      392        2000       1  Left 
1   2   500        4885       73006      73507      392        1500       1  Right
12  8   100        4960       73506      73607      392        200        1  Right
1   15  500        4889       73507      74008      394        2000       1  Right
1   0   500        4899       74008      74508      396        3000       1  Right
1   6   100        4903       74508      74608      397        500        1  Right
2   3   100        4908       74608      74708      398        600        1  Right
0   6   100        4958       74608      74709      397        500        1  Left 
3   1   100        4910       74708      74809      399        300        1  Right
2   8   100        4967       74709      74810      399        400        1  Right
3   1   100        4910       74809      74910      401        300        1  Right
1   0   100        4908       74910      75010      403        600        1  Right
8   0   100        4931       75010      75110      403        100        1  Right
12  3   100        5035       75010      75111      402        800        1  Right
8   2   100        4931       75111      75211      405        400        1  Right
8   12  100        4931       75211      75311      406        200        1  Right
8   2   100        4932       75311      75411      407        400        1  Right
0   1   100        4962       75411      75511      408        600        1  Right
0   8   100        4974       75511      75611      409        100        1  Right
1   0   500        4983       75611      76111      410        3000       1  Right
2   8   500        4986       76111      76611      411        2000       1  Right
0   4   100        5006       76611      76711      412        400        1  Left 
6   0   500        5006       76711      77211      413        2500       1  Left 
0   4   100        5008       77211      77311      414        400        1  Left 
0   12  100        5010       77311      77411      415        100        1  Right
8   1   100        5030       77311      77412      414        900        1  Left 
0   2   100        5137       77411      77512      415        300        1  Right
8   6   100        5039       77412      77513      416        400        1  Left 
3   12  500        5056       77512      78013      417        4000       1  Right
4   0   500        5042       77513      78014      418        2000       1  Left 
12  1   100        5081       78013      78114      419        500        1  Right
4   8   100        5043       78014      78115      420        300        1  Left 
1   12  500        5112       78114      78615      421        2500       1  Right
8   5   100        5064       78615      78715      423        600        1  Right
8   1   100        5089       78715      78815      424        700        1  Right
5   8   500        5095       78815      79315      425        3000       1  Right
1   8   500        5127       79315      79815      426        3500       1  Right
12  0   100        5143       79815      79816      427        100        1  Right
2   8   100        5182       79815      79817      427        1200       1  Left 
12  1   100        5154       79817      79917      429        500        1  Right
12  0   100        5156       79917      80017      430        100        1  Right
0   2   100        5157       80017      80117      431        300        1  Right
0   1   100        5185       80117      80217      432        600        1  Right
8   4   500        5186       79817      80318      429        1500       1  Left 
14  8   100        5201       80318      80418      434        100        1  Right
1   12  500        5185       80217      80718      433        2500       1  Right
1   3   500        5187       80718      81218      436        1500       1  Right
3   2   500        5190       81218      81718      437        3000       1  Right
1   3   500        5198       81718      82218      438        1500       1  Right
8   2   500        5228       81718      82219      438        2000       1  Right
6   1   500        5210       82218      82719      439        2500       1  Right
8   14  500        5247       82219      82720      440        500        1  Right
12  1   100        5217       82719      82820      441        500        1  Right
3   0   100        5219       82720      82821      442        700        1  Left 
3   0   100        5235       82821      82921      444        700        1  Left 
1   12  500        5248       82820      83321      443        2500       1  Right
3   15  100        5371       83321      83421      446        700        1  Right
4   0   500        5294       82921      83422      445        2000       1  Left 
0   1   100        5229       83422      83522      448        600        1  Right
3   14  100        5371       83422      83523      448        500        1  Left 
12  8   100        5279       83522      83623      449        200        1  Right
0   4   100        5258       83623      83723      451        400        1  Left 
12  3   100        5350       83623      83724      451        800        1  Right
0   6   100        5259       83723      83824      452        500        1  Left 
1   0   100        5297       83824      83825      454        600        1  Right
13  8   100        5307       83824      83826      454        700        1  Left 
0   1   500        5318       83825      84326      455        3000       1  Right
6   8   500        5316       83826      84327      456        2000       1  Left 
1   0   100        5339       84326      84427      457        600        1  Right
4   3   100        5355       84327      84428      458        300        1  Right
8   5   100        5315       84427      84528      459        600        1  Right
13  3   100        5390       84428      84529      460        100        1  Right
2   1   100        5342       84528      84628      461        300        1  Right
14  3   100        5392       84529      84630      462        500        1  Left 
8   12  500        5315       84528      85029      461        1000       1  Right
0   6   100        5318       85029      85129      465        500        1  Left 
0   4   100        5318       85129      85229      466        400        1  Left 
0   2   100        5333       85229      85230      467        300        1  Right
5   8   500        5346       85229      85231      467        5000       1  Left 
2   0   500        5361       85230      85331      468        1500       1  Right
8   13  500        5348       85231      85332      469        3500       1  Left 
0   1   500        5360       85331      85432      470        3000       1  Right
3   13  100        5371       85332      85433      471        100        1  Right
15  8   100        5363       85432      85533      472        300        1  Right
6   8   100        5365       85533      85633      474        400        1  Left 
0   6   100        5386       85633      85733      475        500        1  Left 
1   2   500        5363       85432      85933      472        1500       1  Right
2   0   100        5386       85933      86033      477        300        1  Right
15  3   100        5394       86033      86133      478        700        1  Right
1   0   100        5405       86133      86233      479        600        1  Right
8   6   500        5391       85733      86234      476        2000       1  Left 
3   12  100        5430       86234      86334      481        800        1  Left 
1   2   500        5416       86233      86734      480        1500       1  Right
2   8   100        5388       86734      86834      483        400        1  Right
2   1   100        5395       86834      86934      484        300        1  Right
6   8   100        5454       86834      86935      484        400        1  Left 
8   1   100        5396       86935      87035      486        700        1  Right
8   1   100        5396       87035      87135      487        700        1  Right
8   15  500        5414       87135      87635      488        1500       1  Right
4   8   100        5461       87635      87735      489        300        1  Left 
0   1   500        5426       87635      88135      489        3000       1  Right
8   1   100        5435       88135      88235      491        700        1  Right
8   4   100        5435       88235      88335      492        300        1  Left 
8   6   100        5435       88335      88435      493        400        1  Left 
8   15  100        5435       88435      88535      494        300        1  Right
2   6   100        5436       88435      88536      494        800        1  Right
8   14  100        5435       88535      88636      495        100        1  Right
2   1   100        5437       88536      88637      496        300        1  Right
8   13  100        5435       88636      88737      497        700        1  Left 
2   0   100        5441       88637      88738      498        300        1  Right
3   1   100        5469       88737      88838      499        300        1  Right
8   12  100        5435       88738      88839      500        200        1  Right
3   1   100        5472       88838      88939      501        300        1  Right
0   12  100        5466       88839      88940      502        100        1  Right
0   12  100        5480       88940      89040      504        100        1  Right
4   1   500        5510       88939      89440      503        3000       1  Right
1   0   100        5453       89440      89540      506        1000       1  Left 
2   12  500        5529       89040      89541      504        1000       1  Right
1   3   100        5453       89540      89641      507        300        1  Right
1   3   100        5456       89641      89741      509        300        1  Right
1   2   500        5460       89741      90241      510        1500       1  Right
0   3   500        5528       89741      90242      509        3500       1  Left 
1   8   100        5473       90242      90342      512        700        1  Right
12  8   100        5476       90342      90442      513        200        1  Right
1   4   100        5479       90342      90443      513        600        1  Right
12  2   100        5503       90442      90543      514        200        1  Right
13  8   100        5478       90443      90544      515        700        1  Left 
0   1   100        5586       90543      90644      515        600        1  Right
14  8   100        5480       90544      90645      517        100        1  Right
4   1   100        5666       90644      90745      517        600        1  Right
15  8   100        5482       90645      90746      519        300        1  Right
1   8   500        5495       90746      91246      521        3500       1  Right
1   8   500        5498       91246      91746      522        3500       1  Right
8   2   100        5533       91746      91846      522        400        1  Right
8   0   100        5543       91846      91946      523        100        1  Right
6   0   500        5558       91946      92446      524        2500       1  Left 
3   0   100        5559       92446      92546      525        700        1  Left 
8   0   100        5559       92546      92646      526        100        1  Right
3   12  100        5613       92546      92647      526        800        1  Right
12  8   100        5565       92647      92747      528        200        1  Right
15  8   100        5573       92747      92847      529        300        1  Right
8   2   100        5601       92847      92947      530        400        1  Right
3   4   500        5631       92647      93148      528        1500       1  Right
1   0   500        5607       92947      93448      531        3000       1  Right
15  3   100        5577       93448      93548      533        700        1  Right
0   8   500        5615       93448      93949      533        500        1  Right
12  3   500        5621       93548      94049      534        4000       1  Right
0   5   100        5620       94049      94149      536        500        1  Right
1   4   500        5699       94049      94550      536        3000       1  Right
2   8   500        5634       94149      94650      537        2000       1  Right
5   3   100        5674       94550      94651      538        400        1  Right
10  8   100        5682       94651      94652      540        800        1  Left 
5   1   100        5760       94651      94653      540        100        1  Right
14  8   100        5744       94652      94752      541        100        1  Right
4   3   100        5708       94652      94753      541        300        1  Right
13  8   100        5833       94753      94853      544        700        1  Left 
2   0   500        5667       94650      95052      539        1500       1  Right
0   10  100        5620       95052      95152      546        700        1  Right
0   2   100        5640       95152      95252      547        300        1  Right
3   15  500        5650       95252      95752      548        3500       1  Right
6   0   500        5683       95252      95753      548        2500       1  Left 
12  3   100        5731       95752      95853      549        800        1  Right
4   0   100        5733       95753      95854      550        400        1  Left 
2   1   100        5761       95853      95954      551        300        1  Right
3   4   100        5700       95854      95954      552        300        1  Right
8   12  500        5699       95854      96355      552        1000       1  Right
3   5   500        5729       95954      96455      553        2000       1  Right
0   2   100        5694       96355      96456      554        300        1  Right
1   4   100        5731       96455      96556      555        600        1  Right
0   2   100        5699       96456      96557      556        300        1  Right
1   6   100        5732       96556      96657      557        500        1  Right
8   15  500        5700       96557      97058      558        1500       1  Right
6   2   500        5723       96657      97158      559        4000       1  Right
14  3   100        5748       97158      97159      561        500        1  Left 
8   10  500        5708       97158      97559      561        4000       1  Right
3   15  100        5752       97559      97659      563        700        1  Right
0   2   100        5755       97659      97759      564        300        1  Right
1   6   100        5769       97659      97760      564        500        1  Right
0   1   100        5761       97760      97860      566        600        1  Right
8   14  500        5790       97559      98060      563        500        1  Right
8   0   100        5812       98060      98160      568        100        1  Right
4   1   500        5762       97860      98361      567        3000       1  Right
15  1   100        5765       98361      98461      570        400        1  Right
3   12  100        5811       98361      98462      570        800        1  Left 
15  3   100        5775       98462      98562      572        900        1  Left 
0   3   100        5783       98562      98662      573        700        1  Left 
1   2   500        5782       98461      98962      571        1500       1  Right
12  3   500        5825       98662      99163      574        4000       1  Left 
12  3   100        5829       99163      99263      576        800        1  Left 
13  3   100        5837       99263      99363      577        100        1  Right
1   15  500        5791       98962      99463      575        2000       1  Right
1   2   100        5796       99463      99563      579        300        1  Right
2   1   100        5801       99563      99663      580        300        1  Right
0   3   500        5851       99363      99864      578        3500       1  Left 
3   2   100        5812       99864      99964      582        1000       1  Left 
3   12  100        5813       99964      100064     583        800        1  Left 
1   5   500        5804       99663      100164     581        500        1  Right
0   8   500        5868       100064     100564     584        500        1  Right
3   14  500        5854       100064     100565     584        2500       1  Left 
3   14  100        5857       100565     100665     587        500        1  Left 
1   2   500        5822       100164     100666     585        1500       1  Right
8   13  500        5874       100665     101166     588        3500       1  Left 
0   2   500        5880       100666     101167     589        1500       1  Right
6   1   500        5810       101166     101667     590        2500       1  Right
15  1   100        5819       101667     101767     592        400        1  Right
14  3   100        5886       101667     101768     592        500        1  Left 
2   1   500        5825       101767     102268     593        1500       1  Right
15  1   100        5832       102268     102368     595        400        1  Right
15  0   100        5834       102368     102468     596        200        1  Right
1   6   100        5845       102368     102469     596        500        1  Right
5   0   100        5844       102468     102569     597        500        1  Right
2   0   100        5845       102569     102669     599        300        1  Right
0   6   100        5922       102669     102769     600        500        1  Left 
1   15  500        5845       102669     103169     600        2000       1  Right
12  1   100        5849       103169     103269     602        500        1  Right
1   15  500        5858       103269     103769     603        2000       1  Right
1   12  500        5880       103769     104269     604        2500       1  Right
3   2   100        5882       104269     104369     605        600        1  Right
15  1   100        5887       104369     104469     606        400        1  Right
3   12  100        5917       104369     104470     606        800        1  Left 
3   12  100        5919       104470     104570     608        800        1  Left 
1   15  500        5913       104469     104970     607        2000       1  Right
2   3   500        5903       104970     105470     610        3000       1  Right
2   0   100        5914       105470     105570     611        300        1  Right
12  0   100        5917       105570     105670     612        100        1  Right
12  8   100        5919       105670     105770     613        200        1  Right
0   9   100        5922       105770     105870     614        400        1  Right
12  1   100        5926       105870     105970     615        500        1  Right
12  3   500        5928       105970     106470     616        4000       1  Right
15  3   100        5941       106470     106570     617        700        1  Right
6   3   100        5955       106570     106670     618        200        1  Right
9   8   100        5963       106670     106671     619        1100       1  Left 
10  8   100        5981       106671     106771     620        800        1  Left 
0   2   500        5945       106570     106971     618        1500       1  Right
8   2   100        5956       106971     107071     622        400        1  Right
8   15  100        5956       107071     107171     623        300        1  Right
2   1   100        5971       107071     107172     623        300        1  Right
8   14  100        5956       107171     107272     624        100        1  Right
8   13  100        5956       107272     107372     626        700        1  Left 
8   10  100        5956       107372     107373     627        800        1  Left 
1   12  500        5957       107172     107574     625        2500       1  Right
3   13  500        5958       107373     107874     628        500        1  Right
13  1   100        5988       107874     107974     630        200        1  Right
2   0   500        5971       107574     108075     629        1500       1  Right
2   8   100        5989       108075     108175     632        400        1  Right
3   6   500        5986       107874     108375     630        1000       1  Right
12  6   100        5990       108375     108475     634        600        1  Left 
13  8   100        5993       108475     108575     635        700        1  Left 
14  8   100        5995       108575     108675     636        100        1  Right
1   2   500        5992       108175     108676     633        1500       1  Right
15  8   100        5997       108675     108776     637        300        1  Right
0   6   100        5998       108776     108876     639        500        1  Left 
0   4   100        6024       108876     108976     639        400        1  Left 
0   2   100        6025       108976     109076     640        300        1  Right
1   13  500        6015       108676     109177     638        1000       1  Right
12  1   100        5991       109177     109277     643        500        1  Right
12  0   100        5995       109277     109377     644        100        1  Right
6   1   100        6022       109277     109378     643        500        1  Right
2   0   100        6015       109377     109478     645        300        1  Right
1   12  500        6024       109478     109978     646        2500       1  Right
0   1   100        6026       109978     110078     647        600        1  Right
6   1   500        6027       110078     110578     648        2500       1  Right
0   2   500        6041       110078     110579     648        1500       1  Right
13  1   100        6041       110578     110679     649        200        1  Right
8   12  100        6048       110579     110680     650        200        1  Right
13  1   100        6054       110679     110780     651        200        1  Right
8   12  100        6050       110680     110781     652        200        1  Right
0   4   100        6067       110781     110881     654        400        1  Left 
1   6   500        6063       110780     111281     653        2500       1  Right
12  8   500        6074       110881     111382     655        1000       1  Right
0   8   100        6085       111382     111482     657        100        1  Right
1   13  500        6067       111281     111782     656        1000       1  Right
8   9   500        6118       111482     111983     658        2500       1  Right
1   13  500        6080       111782     112283     659        1000       1  Right
13  0   100        6056       112283     112383     661        800        1  Right
2   0   100        6073       112383     112483     662        300        1  Right
2   1   100        6075       112483     112583     663        300        1  Right
6   0   100        6105       112483     112584     663        500        1  Left 
1   2   100        6083       112583     112684     664        300        1  Right
3   0   100        6124       112584     112685     664        700        1  Left 
0   10  100        6224       112685     112785     665        900        1  Left 
0   11  100        6225       112785     112885     666        600        1  Left 
0   12  100        6246       112885     112985     667        100        1  Right
1   2   500        6097       112684     113185     666        1500       1  Right
2   3   500        6090       113185     113685     671        3000       1  Right
4   1   100        6092       113685     113785     672        600        1  Right
8   2   100        6137       113685     113786     671        400        1  Right
13  1   100        6115       113785     113886     673        200        1  Right
8   2   100        6137       113786     113887     673        400        1  Right
1   4   500        6123       113886     114387     674        3000       1  Right
13  8   100        6167       114387     114487     676        700        1  Left 
2   1   500        6123       114387     114887     676        1500       1  Right
2   4   100        6124       114887     114987     678        700        1  Left 
6   1   500        6137       114887     115388     678        2500       1  Right
1   13  500        6141       115388     115888     680        1000       1  Right
6   12  500        6277       115388     115889     679        3000       1  Left 
1   2   100        6145       115888     115989     681        300        1  Right
0   12  100        6327       115889     115989     681        100        1  Right
8   13  500        6208       115889     116390     682        3500       1  Left 
2   1   500        6173       115989     116490     683        1500       1  Right
8   0   100        6271       116390     116491     683        100        1  Right
4   2   500        6165       116490     116991     685        4500       1  Right
2   3   100        6183       116991     117091     687        600        1  Right
3   2   100        6192       117091     117191     688        600        1  Right
8   11  500        6286       116991     117492     686        2500       1  Left 
3   15  500        6238       117191     117692     688        3500       1  Right
13  3   100        6245       117692     117792     690        100        1  Right
10  3   100        6257       117792     117892     691        200        1  Right
6   0   500        6299       117492     117993     689        2500       1  Left 
5   1   500        6255       117692     118194     690        500        1  Right
3   10  500        6288       117892     118393     692        1000       1  Right
1   6   100        6192       118393     118493     696        500        1  Right
2   8   500        6186       117993     118494     694        2000       1  Right
1   5   100        6217       118493     118594     697        100        1  Right
2   8   500        6213       118494     118995     698        2000       1  Right
11  8   100        6255       118995     119095     699        500        1  Left 
1   0   500        6309       118995     119496     699        3000       1  Right
2   0   500        6312       119496     119996     701        1500       1  Right
12  1   100        6315       119996     120096     702        500        1  Right
11  1   100        6321       120096     120196     703        400        1  Right
10  1   100        6323       120196     120296     704        100        1  Right
4   0   500        6329       119996     120497     702        2000       1  Left 
11  0   100        6393       120497     120597     706        600        1  Left 
1   12  500        6346       120296     120797     705        2500       1  Right
0   2   100        6337       120797     120897     708        300        1  Right
0   8   100        6368       120897     120997     709        100        1  Right
0   5   100        6369       120997     121097     710        500        1  Right
2   4   100        6376       121097     121197     711        700        1  Left 
2   6   100        6377       121197     121297     712        800        1  Left 
1   11  500        6357       120797     121298     708        2000       1  Right
0   2   100        6386       121297     121398     713        300        1  Right
0   15  100        6387       121398     121498     715        200        1  Right
15  2   100        6397       121498     121598     716        100        1  Right
2   6   100        6399       121598     121698     717        800        1  Left 
1   10  500        6364       121298     121799     714        500        1  Right
4   2   500        6410       121698     122199     718        3500       1  Left 
12  1   100        6375       122199     122299     720        500        1  Right
11  1   100        6404       122299     122399     721        400        1  Right
11  0   100        6406       122399     122499     722        600        1  Left 
10  0   100        6409       122499     122500     723        900        1  Left 
1   12  500        6406       122399     122801     722        2500       1  Right
5   1   100        6411       122801     122901     725        100        1  Right
