
109
C:/Users/nxconrad/Desktop/REU 2.0/Benchmark Data/16-core/7/flow_freqmine100#1.txt
759
[9, 0, 12, 3, 2, 13, 1, 4, 14, 11, 5, 6, 10, 15, 8, 7]
8   0   100        0          2          102        0          300        1  Left 
0   8   500        317        319        819        0          1500       1  Left 
8   1   100        376        819        919        1          800        1  Right
1   8   500        678        919        1419       1          4000       1  Right
8   1   100        725        1419       1519       2          800        1  Right
3   0   100        1001       1419       1520       0          200        1  Right
6   0   100        1002       1520       1620       2          600        1  Left 
5   0   100        1003       1620       1720       3          700        1  Left 
9   0   100        1003       1720       1820       4          100        1  Right
1   0   100        1004       1820       1920       5          500        1  Right
15  0   100        1004       1920       2020       6          400        1  Left 
12  0   100        1005       2020       2120       7          100        1  Right
1   8   500        1027       2020       2521       7          4000       1  Right
14  0   100        1006       2521       2621       9          700        1  Right
10  0   100        1006       2621       2721       10         500        1  Left 
11  0   100        1007       2721       2821       11         800        1  Right
4   0   100        1008       2821       2921       12         600        1  Right
13  0   100        1008       2921       3021       13         400        1  Right
7   0   100        1010       3021       3121       14         200        1  Left 
2   0   100        1012       3121       3221       15         300        1  Right
0   15  500        1025       3221       3721       16         2000       1  Left 
0   1   500        1025       3721       4221       17         2500       1  Right
0   14  500        1032       4221       4721       18         3500       1  Right
0   2   500        1038       4721       5221       19         1500       1  Right
15  0   100        1042       5221       5321       20         400        1  Left 
0   13  500        1052       5321       5821       21         2000       1  Right
0   12  500        1052       5821       6321       22         500        1  Right
1   0   100        1053       6321       6421       23         500        1  Right
14  0   100        1069       6421       6521       24         700        1  Right
0   4   500        1075       6521       7021       25         3000       1  Right
0   5   500        1075       7021       7521       26         3500       1  Left 
8   0   100        1077       7521       7621       27         300        1  Left 
8   1   100        1079       7621       7721       28         800        1  Right
8   0   100        1080       7721       7821       29         300        1  Left 
2   0   100        1086       7821       7921       30         300        1  Right
13  0   100        1102       7921       8021       31         400        1  Right
12  0   100        1118       8021       8121       32         100        1  Right
1   8   500        1379       7821       8322       30         4000       1  Right
0   11  500        1097       8322       8822       34         4000       1  Right
0   6   500        1097       8822       9322       35         3000       1  Left 
0   10  500        1119       9322       9822       36         2500       1  Left 
0   9   500        1119       9822       10322      37         500        1  Right
4   0   100        1129       10322      10422      38         600        1  Right
0   7   500        1141       10422      10922      39         1000       1  Left 
5   0   100        1145       10922      11022      40         700        1  Left 
11  0   100        1156       11022      11122      41         800        1  Right
6   0   100        1172       11122      11222      42         600        1  Left 
10  0   100        1183       11222      11322      43         500        1  Left 
9   0   100        1199       11322      11422      44         100        1  Right
7   0   100        1210       11422      11522      45         200        1  Left 
0   3   500        1319       11522      12022      46         1000       1  Right
0   1   100        1340       12022      12122      47         500        1  Right
3   1   100        1353       12122      12222      48         300        1  Right
0   7   500        1356       12122      12623      48         1000       1  Left 
7   1   100        1410       12623      12723      50         900        1  Right
0   9   500        1356       12623      13123      50         500        1  Right
0   10  500        1357       13123      13623      52         2500       1  Left 
0   6   500        1357       13623      14123      53         3000       1  Left 
8   6   100        1542       14123      14223      51         300        1  Right
0   11  500        1378       14123      14623      54         4000       1  Right
0   5   500        1378       14623      15123      56         3500       1  Left 
0   4   500        1400       15123      15623      57         3000       1  Right
9   1   100        1421       15623      15723      57         1000       1  Left 
10  1   100        1438       15723      15823      58         600        1  Right
0   12  500        1400       15623      16123      58         500        1  Right
0   13  500        1422       16123      16623      60         2000       1  Right
0   2   500        1422       16623      17123      61         1500       1  Right
0   14  500        1444       17123      17623      62         3500       1  Right
0   1   500        1444       17623      18123      63         2500       1  Right
6   1   100        1449       18123      18223      64         500        1  Right
11  1   100        1455       18223      18323      65         300        1  Right
5   1   100        1466       18323      18423      66         400        1  Right
4   1   100        1472       18423      18523      67         100        1  Right
12  1   100        1483       18523      18623      68         400        1  Right
0   15  500        1466       18123      18624      64         2000       1  Left 
13  1   100        1489       18623      18724      69         100        1  Right
0   8   100        1466       18624      18725      70         300        1  Left 
2   1   100        1493       18724      18825      71         200        1  Right
0   8   100        1466       18725      18826      72         300        1  Left 
14  1   100        1504       18825      18926      73         200        1  Right
15  1   100        1512       18926      19026      75         700        1  Right
8   1   100        1546       19026      19126      74         800        1  Right
1   0   500        1612       19126      19626      75         2500       1  Right
1   15  500        1627       19626      20126      75         3500       1  Right
1   14  500        1627       20126      20626      76         1000       1  Right
1   13  500        1628       20626      21126      77         500        1  Right
0   1   100        1631       21126      21226      78         500        1  Right
1   0   100        1633       21226      21326      79         500        1  Right
15  0   100        1651       21326      21426      80         400        1  Left 
14  0   100        1657       21426      21526      81         900        1  Left 
1   2   500        1640       21326      21826      80         1000       1  Right
1   12  500        1640       21826      22326      83         2000       1  Right
13  0   100        1673       22326      22426      84         400        1  Right
2   0   100        1682       22426      22526      85         300        1  Right
12  0   100        1703       22526      22626      86         100        1  Right
1   4   500        1662       22326      22826      84         500        1  Right
1   5   500        1662       22826      23326      88         2000       1  Right
1   11  500        1685       23326      23826      89         1500       1  Right
1   6   500        1685       23826      24326      90         2500       1  Right
1   10  500        1707       24326      24826      91         3000       1  Right
8   6   100        1841       24826      24926      90         300        1  Right
1   9   500        1707       24826      25326      92         3000       1  Right
4   0   100        1714       25326      25426      94         600        1  Right
4   1   100        1724       25426      25526      94         100        1  Right
5   0   100        1730       25426      25527      94         700        1  Left 
1   7   500        1729       25527      26027      96         3500       1  Left 
5   1   100        1730       26027      26127      97         400        1  Right
0   6   100        1935       26027      26128      95         600        1  Left 
12  1   100        1735       26127      26228      98         400        1  Right
11  0   100        1741       26128      26229      99         800        1  Left 
6   0   100        1757       26229      26329      101        600        1  Left 
10  0   100        1768       26329      26429      102        500        1  Left 
9   0   100        1784       26429      26529      103        100        1  Right
0   15  100        1959       26529      26629      102        400        1  Left 
1   3   500        1740       26228      26729      100        1500       1  Right
13  1   100        1741       26729      26829      106        100        1  Right
3   0   100        1786       26729      26830      106        200        1  Right
11  1   100        1741       26829      26930      107        300        1  Right
3   0   100        1788       26830      26931      108        200        1  Right
2   1   100        1745       26930      27031      109        200        1  Right
7   0   100        1795       26931      27032      110        200        1  Left 
14  1   100        1756       27031      27132      111        200        1  Right
6   1   100        1757       27132      27232      113        500        1  Right
15  1   100        1764       27232      27332      114        700        1  Right
10  1   100        1768       27332      27432      115        600        1  Right
9   1   100        1784       27432      27532      116        600        1  Right
7   1   100        1795       27532      27632      117        700        1  Left 
6   8   500        1819       27432      27933      115        1500       1  Right
8   1   100        1847       27933      28033      118        800        1  Right
1   8   500        1848       28033      28533      119        4000       1  Right
1   8   500        1898       28533      29033      120        4000       1  Right
8   0   100        1947       29033      29133      120        300        1  Left 
15  6   100        1967       29033      29134      120        200        1  Right
0   1   100        1968       29133      29234      121        500        1  Right
0   14  100        1970       29234      29334      123        700        1  Right
0   13  100        1991       29334      29434      124        400        1  Right
0   2   100        1995       29434      29534      125        300        1  Right
0   12  100        2026       29534      29634      125        100        1  Right
6   8   500        2118       29134      29635      121        1500       1  Right
3   1   100        2125       29534      29636      124        300        1  Right
0   4   100        2037       29635      29736      127        1000       1  Left 
1   6   100        1976       29736      29836      130        500        1  Right
14  6   100        1984       29836      29936      131        300        1  Right
1   0   500        2024       29836      30337      130        2500       1  Right
2   6   100        2008       30337      30437      133        700        1  Right
13  6   100        2009       30437      30537      134        600        1  Right
1   7   500        2039       30537      31037      134        3500       1  Left 
1   9   500        2039       31037      31537      135        3000       1  Right
1   10  500        2040       31537      32037      136        3000       1  Right
1   6   500        2040       32037      32537      137        2500       1  Right
12  6   100        2049       32537      32637      138        700        1  Left 
0   5   100        2060       32637      32737      139        700        1  Left 
1   15  500        2062       32737      33237      140        3500       1  Right
1   11  500        2062       33237      33737      141        1500       1  Right
6   0   500        2232       33237      33738      140        3000       1  Left 
0   11  100        2069       33738      33838      143        800        1  Left 
1   14  500        2085       33737      34238      142        1000       1  Right
4   6   100        2068       34238      34338      145        400        1  Right
0   6   100        2090       34338      34438      146        600        1  Left 
0   10  100        2101       34438      34538      147        500        1  Left 
0   3   100        2107       34538      34638      148        200        1  Right
0   9   100        2122       34638      34738      148        100        1  Right
0   7   100        2133       34738      34838      149        200        1  Left 
1   5   500        2096       34338      34839      146        2000       1  Right
0   3   100        2236       34838      34939      150        200        1  Right
5   6   100        2101       34839      34939      152        100        1  Right
11  6   100        2113       34939      35039      153        200        1  Right
0   8   100        2410       34939      35040      152        300        1  Left 
10  6   100        2137       35039      35140      153        100        1  Right
0   8   100        2583       35040      35141      153        300        1  Left 
9   6   100        2163       35141      35241      156        500        1  Left 
1   13  500        2096       34839      35340      152        500        1  Right
7   6   100        2177       35241      35342      157        400        1  Right
3   6   100        2254       35342      35442      159        800        1  Left 
1   2   500        2119       35340      35841      158        1000       1  Right
1   12  500        2119       35841      36341      161        2000       1  Right
1   4   500        2142       36341      36841      162        500        1  Right
6   1   500        2268       36841      37341      163        2500       1  Right
1   0   100        2310       37341      37441      164        500        1  Right
1   0   100        2314       37441      37541      165        500        1  Right
6   15  500        2280       37341      37841      164        1000       1  Right
15  0   100        2332       37841      37941      167        400        1  Left 
15  0   100        2336       37941      38041      168        400        1  Left 
1   3   500        2427       37541      38042      166        1500       1  Right
8   1   100        2453       38042      38142      170        800        1  Left 
6   14  500        2313       37841      38342      167        1500       1  Right
1   8   500        2755       38142      38643      168        4000       1  Left 
6   2   500        2323       38643      39143      173        3500       1  Right
6   13  500        2345       39143      39643      174        3000       1  Right
14  0   100        2360       39643      39743      175        700        1  Right
2   0   100        2361       39743      39843      176        300        1  Right
14  0   100        2364       39843      39943      177        700        1  Right
2   0   100        2365       39943      40043      178        300        1  Right
14  8   100        2896       39943      40044      174        600        1  Right
13  0   100        2387       40043      40144      179        400        1  Right
6   12  500        2378       40144      40644      181        3500       1  Left 
13  0   100        2391       40644      40744      182        400        1  Right
12  0   100        2415       40744      40844      183        100        1  Right
12  0   100        2419       40844      40944      184        100        1  Right
6   4   500        2400       40644      41145      182        2000       1  Right
4   0   100        2427       41145      41245      186        600        1  Right
4   0   100        2431       41245      41345      187        600        1  Right
3   4   100        2455       41345      41445      188        400        1  Right
3   4   100        2756       41445      41545      186        400        1  Right
6   5   500        2422       41145      41645      186        500        1  Right
6   11  500        2433       41645      42145      191        1000       1  Right
5   0   100        2444       42145      42245      192        700        1  Left 
5   0   100        2448       42245      42345      193        700        1  Left 
6   0   100        2463       42345      42445      194        600        1  Left 
11  0   100        2465       42445      42545      195        800        1  Right
6   0   100        2467       42545      42645      196        600        1  Left 
11  0   100        2469       42645      42745      197        800        1  Right
6   10  500        2488       42645      43146      197        500        1  Right
6   9   500        2510       43146      43646      199        2500       1  Left 
10  0   100        2515       43646      43746      200        500        1  Left 
10  0   100        2519       43746      43846      201        500        1  Left 
9   0   100        2532       43846      43946      201        100        1  Right
9   0   100        2536       43946      44046      202        100        1  Right
6   7   500        2521       43846      44346      201        2000       1  Right
7   0   100        2543       44346      44446      204        200        1  Left 
7   0   100        2547       44446      44546      205        200        1  Left 
6   3   500        2554       44346      44847      204        4000       1  Right
0   3   100        2587       44847      44947      207        200        1  Right
0   14  100        2883       44947      44948      205        900        1  Left 
0   14  100        2887       44948      44949      206        900        1  Left 
4   3   500        2737       44947      45249      206        2000       1  Right
3   0   100        2757       45249      45349      209        200        1  Right
8   0   100        2808       45349      45449      210        300        1  Left 
14  3   100        2900       45349      45450      209        500        1  Right
3   0   500        2879       45450      45950      211        1000       1  Right
8   0   500        2910       45950      46450      212        1500       1  Left 
4   3   500        3042       45950      46451      210        2000       1  Right
8   0   100        2942       46450      46551      212        300        1  Left 
3   2   100        3066       46451      46552      212        100        1  Right
0   1   100        2970       46551      46652      214        1100       1  Left 
0   8   100        2985       46652      46752      216        300        1  Left 
3   6   100        3095       46652      46753      215        800        1  Right
0   3   100        3077       46753      46853      217        200        1  Right
8   14  500        3041       46753      47253      217        3000       1  Right
0   8   500        3125       47253      47753      218        1500       1  Left 
3   14  500        3192       47253      47754      218        2500       1  Right
8   0   100        3181       47753      47854      219        300        1  Left 
14  1   100        3228       47754      47855      219        200        1  Right
0   13  100        3185       47854      47955      221        400        1  Right
0   13  100        3189       47955      48055      223        400        1  Right
13  8   100        3203       48055      48155      224        700        1  Left 
13  3   100        3207       48155      48156      225        200        1  Right
1   0   500        3242       48155      48557      224        5500       1  Left 
3   14  100        3233       48557      48657      226        500        1  Right
8   13  500        3244       48657      49157      227        3500       1  Left 
1   14  500        3515       48657      49158      227        1000       1  Right
0   1   100        3274       49158      49159      229        1100       1  Left 
0   5   100        3498       49159      49259      230        700        1  Left 
3   13  500        3282       49157      49559      228        1000       1  Right
14  3   100        3251       49559      49659      232        500        1  Right
13  1   100        3313       49659      49759      233        100        1  Right
0   8   500        3498       49259      49760      231        1500       1  Left 
0   11  100        3499       49760      49860      235        800        1  Left 
5   8   100        3526       49860      49960      236        400        1  Right
14  0   100        3537       49960      50060      237        900        1  Left 
2   3   500        3338       49659      50161      233        500        1  Right
1   13  500        3530       49759      50260      234        500        1  Right
8   5   500        3557       50060      50561      238        2000       1  Right
1   0   500        3546       50260      50761      240        2500       1  Right
3   6   100        3358       50761      50861      242        800        1  Right
3   1   100        3359       50861      50961      243        300        1  Right
6   3   500        3377       50961      51461      244        4000       1  Right
11  3   100        3540       51461      51561      245        600        1  Right
13  0   100        3557       51561      51661      246        400        1  Right
8   1   100        3560       51561      51662      246        800        1  Right
0   1   100        3568       51662      51762      248        500        1  Right
0   2   100        3580       51762      51862      249        300        1  Right
1   3   500        3638       51862      52362      250        1500       1  Right
6   3   500        3640       52362      52862      251        4000       1  Right
3   2   100        3676       52862      52962      252        100        1  Right
0   1   100        3800       52862      52963      251        1100       1  Left 
0   7   100        3801       52963      53063      253        200        1  Left 
1   8   100        3808       52963      53064      253        800        1  Right
7   3   100        3841       53063      53164      254        400        1  Left 
0   3   100        3863       53164      53264      256        200        1  Right
8   1   500        3862       53064      53565      255        4000       1  Right
3   11  500        3827       53565      54065      258        3000       1  Right
1   0   500        3840       54065      54565      259        2500       1  Right
2   0   500        3857       54565      55065      260        1500       1  Right
1   8   500        3870       54565      55066      260        4000       1  Right
0   14  100        3868       55066      55166      262        700        1  Right
3   11  100        3877       55166      55266      263        600        1  Right
8   0   100        3924       55166      55267      263        300        1  Left 
14  1   100        3881       55266      55367      264        200        1  Right
11  3   100        3890       55267      55368      265        1000       1  Left 
3   7   500        3916       55368      55868      267        2000       1  Left 
2   3   500        3948       55868      56368      268        500        1  Right
0   8   500        3980       55868      56369      268        1500       1  Left 
3   6   100        3975       56368      56469      269        800        1  Right
8   0   100        4042       56369      56470      270        300        1  Left 
3   5   100        4000       56469      56570      271        700        1  Right
0   15  100        4102       56470      56571      272        400        1  Left 
1   3   100        4096       56570      56671      273        300        1  Right
15  8   100        4110       56571      56672      274        100        1  Right
1   3   100        4113       56671      56772      275        300        1  Right
8   1   100        4044       56772      56872      277        800        1  Right
0   1   100        4104       56872      56972      278        500        1  Right
3   1   100        4109       56972      57072      279        300        1  Right
3   0   100        4139       57072      57172      280        200        1  Right
8   15  500        4161       56872      57373      278        500        1  Right
3   0   500        4155       57172      57673      281        1000       1  Right
0   3   100        4157       57673      57773      283        200        1  Right
0   13  100        4171       57773      57873      284        400        1  Right
1   8   500        4135       57373      57874      282        4000       1  Right
1   14  500        4153       57874      58374      286        1000       1  Right
6   3   500        4257       57874      58375      285        4000       1  Left 
1   14  100        4223       58374      58475      286        200        1  Right
5   3   500        4283       58375      58876      287        4500       1  Left 
8   4   100        4188       58876      58976      290        700        1  Right
3   1   500        4188       58876      59377      290        1500       1  Right
4   8   500        4224       58976      59477      290        3500       1  Right
13  1   100        4189       59377      59478      292        100        1  Right
0   1   100        4222       59478      59578      293        500        1  Right
14  1   100        4231       59578      59678      294        200        1  Right
0   8   100        4268       59578      59679      294        300        1  Left 
1   0   100        4240       59679      59779      296        500        1  Right
1   0   500        4243       59779      60279      297        2500       1  Right
1   13  500        4252       60279      60779      298        500        1  Right
1   0   100        4253       60779      60879      299        500        1  Right
0   1   100        4275       60879      60979      300        500        1  Right
1   0   500        4296       60979      61479      301        2500       1  Right
1   3   100        4298       61479      61579      302        300        1  Right
0   6   100        4316       61479      61580      302        600        1  Left 
3   1   100        4307       61579      61680      303        300        1  Right
0   1   100        4317       61680      61780      305        500        1  Right
8   1   100        4324       61780      61880      306        800        1  Right
8   5   100        4324       61880      61980      307        400        1  Right
8   15  100        4324       61980      62080      308        100        1  Right
8   14  100        4324       62080      62180      309        600        1  Right
8   13  100        4324       62180      62280      310        700        1  Left 
1   8   100        4333       62280      62380      311        800        1  Right
5   8   100        4345       62380      62480      312        400        1  Right
1   0   500        4340       62380      62880      312        2500       1  Right
1   8   100        4362       62880      62980      314        800        1  Right
13  8   100        4364       62980      63080      315        700        1  Left 
14  8   100        4366       63080      63180      316        600        1  Right
15  8   100        4368       63180      63280      317        100        1  Right
8   1   100        4371       63280      63380      318        800        1  Right
0   8   100        4385       63380      63381      319        300        1  Left 
15  3   100        4415       63380      63382      319        1000       1  Right
8   0   100        4419       63381      63482      320        300        1  Left 
8   6   100        4428       63482      63582      322        300        1  Right
8   4   100        4440       63582      63682      323        700        1  Right
8   6   100        4441       63682      63782      324        300        1  Right
1   3   500        4422       63382      63883      321        1500       1  Right
0   2   100        4404       63883      63983      326        300        1  Right
15  1   100        4494       63883      63984      326        700        1  Right
2   8   100        4417       63983      64084      327        600        1  Left 
0   15  100        4406       64084      64184      329        400        1  Left 
6   3   100        4454       64084      64185      329        800        1  Right
3   0   100        4450       64185      64285      331        200        1  Right
4   8   500        4476       64185      64686      331        3500       1  Right
0   3   500        4462       64285      64786      332        1000       1  Right
3   15  500        4451       64786      65286      334        3000       1  Left 
8   0   100        4463       65286      65386      335        300        1  Left 
3   6   100        4472       65286      65387      335        800        1  Right
8   2   100        4515       65387      65487      337        1000       1  Right
0   3   500        4481       65387      65887      337        1000       1  Right
1   15  500        4520       65487      65988      338        3500       1  Right
0   8   500        4506       65887      66388      339        1500       1  Left 
3   0   100        4512       66388      66488      341        200        1  Right
6   8   500        4513       66388      66889      341        1500       1  Right
0   3   500        4552       66488      66989      342        1000       1  Right
2   8   500        4561       66889      67390      343        5000       1  Right
15  0   100        4547       67390      67490      345        400        1  Left 
3   5   100        4588       67390      67491      345        700        1  Right
0   1   100        4552       67491      67591      347        500        1  Right
8   2   500        4570       67591      68091      348        3000       1  Left 
0   1   100        4573       68091      68191      349        500        1  Right
8   6   100        4606       68091      68192      349        300        1  Right
1   2   100        4581       68191      68292      350        200        1  Right
3   1   500        4594       68292      68792      352        1500       1  Right
2   0   100        4602       68792      68892      353        300        1  Right
1   8   100        4646       68792      68893      353        800        1  Right
0   2   100        4622       68892      68993      354        300        1  Right
1   8   100        4679       68893      68994      355        800        1  Right
6   0   500        4613       68994      69494      357        3000       1  Left 
0   1   100        4625       69494      69594      358        500        1  Right
6   8   500        4720       69494      69995      357        1500       1  Right
2   1   500        4648       69594      70095      359        1000       1  Right
12  8   100        4729       69995      70096      359        400        1  Left 
2   3   100        4722       70095      70196      360        100        1  Right
0   1   100        4661       70096      70197      362        1100       1  Left 
1   0   500        4682       70197      70697      364        2500       1  Right
8   1   100        4684       70697      70797      365        800        1  Right
0   1   100        4701       70797      70897      366        500        1  Right
0   12  100        4706       70897      70997      367        100        1  Right
0   2   100        4708       70997      71097      368        300        1  Right
8   1   500        4730       70897      71398      366        4000       1  Right
3   2   500        4743       71097      71598      368        500        1  Right
1   0   500        4722       71398      71899      369        5500       1  Left 
1   0   500        4735       71899      72399      371        2500       1  Right
8   12  500        4765       72399      72899      372        2000       1  Left 
1   2   500        4789       72399      72900      372        1000       1  Right
8   1   100        4768       72900      73000      374        800        1  Right
2   1   100        4768       73000      73100      375        200        1  Right
0   1   100        4789       73100      73200      376        500        1  Right
2   0   100        4810       73200      73300      377        300        1  Right
1   8   100        4810       73200      73301      377        800        1  Right
2   1   100        4821       73301      73401      379        200        1  Right
0   15  100        4855       73301      73402      379        400        1  Left 
1   3   100        4827       73401      73502      380        300        1  Right
2   0   100        4823       73502      73602      382        300        1  Right
3   1   100        4840       73602      73702      383        300        1  Right
1   2   500        4842       73702      74202      384        1000       1  Right
5   3   500        4865       73702      74203      384        4500       1  Left 
8   1   100        4848       74203      74303      386        800        1  Right
15  1   100        4863       74303      74403      387        700        1  Right
2   1   100        4864       74403      74503      388        200        1  Right
2   3   100        4908       74503      74603      389        100        1  Right
1   8   500        4866       74503      75003      389        4000       1  Right
1   0   100        4873       75003      75103      391        500        1  Right
1   8   100        4875       75103      75203      392        800        1  Right
6   8   500        4883       75203      75703      393        1500       1  Right
1   2   500        4885       75203      75704      393        1000       1  Right
12  8   100        4960       75703      75804      394        400        1  Left 
2   8   100        4967       75804      75805      396        600        1  Left 
12  3   100        5035       75805      75905      397        100        1  Right
1   15  500        4889       75704      76106      395        3500       1  Right
1   0   500        4899       76106      76606      399        2500       1  Right
1   6   100        4903       76606      76706      400        500        1  Right
1   0   100        4908       76706      76806      401        500        1  Right
3   1   100        4910       76806      76906      402        300        1  Right
8   0   100        4931       76806      76907      402        300        1  Left 
3   1   100        4910       76906      77007      403        300        1  Right
0   6   100        4958       76907      77008      404        600        1  Left 
8   2   100        4931       77008      77108      406        600        1  Left 
8   12  100        4931       77108      77208      407        400        1  Left 
8   2   100        4932       77208      77308      408        600        1  Left 
0   1   100        4962       77308      77408      409        500        1  Right
0   8   100        4974       77408      77508      410        300        1  Left 
1   0   500        4983       77508      78008      411        2500       1  Right
2   8   500        4986       78008      78508      412        3000       1  Left 
0   4   100        5006       78508      78608      413        600        1  Right
6   0   500        5006       78608      79108      414        3000       1  Left 
0   4   100        5008       79108      79208      415        600        1  Right
0   12  100        5010       79208      79308      416        100        1  Right
8   1   100        5030       79208      79309      416        800        1  Right
8   6   100        5039       79309      79409      418        300        1  Right
3   12  500        5056       79308      79809      417        500        1  Right
12  1   100        5081       79809      79810      420        400        1  Right
4   0   500        5042       79409      79811      419        5000       1  Left 
4   8   100        5043       79811      79911      422        700        1  Right
8   5   100        5064       79911      80011      423        400        1  Right
1   12  500        5112       79810      80311      421        2000       1  Right
0   2   100        5137       80311      80411      425        300        1  Right
12  0   100        5143       80411      80511      426        100        1  Right
5   8   500        5095       80011      80512      424        2000       1  Right
0   2   100        5157       80511      80612      427        300        1  Right
8   1   100        5089       80512      80613      428        800        1  Right
3   2   500        5190       80612      81113      429        500        1  Right
1   8   500        5127       80613      81114      430        4000       1  Right
12  1   100        5154       81114      81214      432        400        1  Right
12  0   100        5156       81214      81314      433        100        1  Right
0   1   100        5185       81314      81414      434        500        1  Right
8   4   500        5186       81114      81615      432        3500       1  Right
1   12  500        5185       81414      81915      435        2000       1  Right
2   8   100        5182       81915      82015      437        600        1  Left 
3   0   100        5219       82015      82115      438        200        1  Right
6   1   500        5210       81915      82416      437        2500       1  Right
8   2   500        5228       82115      82616      438        3000       1  Left 
14  8   100        5201       82616      82716      441        600        1  Right
1   3   500        5187       82616      83116      441        1500       1  Right
8   14  500        5247       82716      83217      441        3000       1  Right
8   5   100        5315       83217      83317      443        400        1  Right
1   3   500        5198       83116      83617      443        1500       1  Right
12  1   100        5217       83617      83717      446        400        1  Right
0   1   100        5229       83717      83817      446        500        1  Right
3   0   100        5235       83817      83917      447        200        1  Right
0   4   100        5258       83917      83918      448        1000       1  Left 
0   6   100        5259       83918      84018      449        600        1  Left 
1   12  500        5248       83917      84019      448        2000       1  Right
4   0   500        5294       84018      84220      450        5000       1  Left 
12  8   100        5279       84220      84221      452        400        1  Left 
3   15  100        5371       84220      84222      451        1000       1  Right
3   14  100        5371       84222      84322      453        500        1  Right
8   12  500        5315       84221      84722      453        2000       1  Left 
1   0   100        5297       84722      84822      456        500        1  Right
13  8   100        5307       84822      84922      457        700        1  Left 
6   8   500        5316       84922      85422      458        1500       1  Right
0   1   500        5318       84922      85423      458        2500       1  Right
1   0   100        5339       85423      85523      459        500        1  Right
2   1   100        5342       85523      85623      460        200        1  Right
12  3   100        5350       85523      85624      460        100        1  Right
4   3   100        5355       85624      85724      462        400        1  Right
5   8   500        5346       85422      85923      458        2000       1  Right
2   0   500        5361       85724      86225      463        1500       1  Right
2   0   100        5386       86225      86325      465        300        1  Right
8   13  500        5348       85923      86424      464        4500       1  Right
0   6   100        5318       86424      86524      468        600        1  Left 
3   13  100        5371       86424      86525      467        200        1  Right
0   4   100        5318       86524      86625      469        1000       1  Left 
13  3   100        5390       86525      86626      469        200        1  Right
15  8   100        5363       86625      86726      470        100        1  Right
0   2   100        5333       86626      86727      471        300        1  Right
6   8   100        5365       86726      86827      472        300        1  Right
0   1   500        5360       86727      87228      473        2500       1  Right
0   6   100        5386       87228      87328      475        600        1  Left 
3   12  100        5430       87228      87329      475        100        1  Right
1   2   500        5363       87228      87728      475        1000       1  Right
14  3   100        5392       87728      87828      478        500        1  Right
8   6   500        5391       87328      87830      476        1500       1  Right
1   0   100        5405       87828      87929      479        500        1  Right
2   8   100        5388       87929      88029      481        600        1  Left 
15  3   100        5394       88029      88129      482        600        1  Left 
2   1   100        5395       88029      88130      482        200        1  Right
6   8   100        5454       88129      88230      483        300        1  Right
4   8   100        5461       88230      88330      485        700        1  Right
1   2   500        5416       88130      88631      484        1000       1  Right
8   1   100        5396       88631      88731      487        800        1  Right
8   1   100        5396       88731      88831      488        800        1  Right
8   15  500        5414       88831      89331      489        500        1  Right
0   1   500        5426       88831      89332      489        2500       1  Right
8   1   100        5435       89332      89432      491        800        1  Right
8   4   100        5435       89432      89532      492        700        1  Right
8   6   100        5435       89532      89632      493        300        1  Right
8   15  100        5435       89632      89732      494        100        1  Right
2   6   100        5436       89632      89733      494        700        1  Right
8   14  100        5435       89733      89833      496        600        1  Right
2   1   100        5437       89733      89834      496        200        1  Right
8   13  100        5435       89834      89934      498        700        1  Left 
8   12  100        5435       89934      90034      499        400        1  Left 
3   1   100        5469       89934      90035      499        300        1  Right
0   12  100        5466       90034      90135      500        100        1  Right
3   1   100        5472       90035      90136      501        300        1  Right
0   12  100        5480       90135      90236      502        100        1  Right
2   0   100        5441       90236      90336      504        300        1  Right
4   1   500        5510       90136      90637      503        500        1  Right
1   0   100        5453       90637      90638      506        1100       1  Left 
2   12  500        5529       90336      90738      505        1000       1  Right
1   3   100        5453       90738      90838      508        300        1  Right
1   3   100        5456       90838      90938      509        300        1  Right
1   2   500        5460       90938      91438      510        1000       1  Right
0   3   500        5528       90938      91439      510        1000       1  Right
1   8   100        5473       91438      91539      511        800        1  Right
12  8   100        5476       91539      91639      513        400        1  Left 
1   4   100        5479       91539      91640      513        100        1  Right
13  8   100        5478       91639      91740      514        700        1  Left 
14  8   100        5480       91740      91840      516        600        1  Right
12  2   100        5503       91740      91841      516        200        1  Right
15  8   100        5482       91840      91941      517        100        1  Right
0   1   100        5586       91841      91942      518        500        1  Right
1   8   500        5495       91942      92442      520        4000       1  Right
1   8   500        5498       92442      92942      521        4000       1  Right
8   2   100        5533       92942      93042      522        600        1  Left 
4   1   100        5666       92942      93043      522        100        1  Right
8   0   100        5543       93042      93143      523        300        1  Left 
6   0   500        5558       93143      93643      525        3000       1  Left 
3   0   100        5559       93643      93743      526        200        1  Right
8   0   100        5559       93743      93843      527        300        1  Left 
3   12  100        5613       93743      93844      527        100        1  Right
8   2   100        5601       93843      93944      528        1000       1  Right
12  8   100        5565       93944      94044      530        400        1  Left 
15  8   100        5573       94044      94144      531        100        1  Right
3   4   500        5631       93944      94445      530        2000       1  Right
15  3   100        5577       94445      94446      533        1000       1  Right
0   8   500        5615       94144      94546      532        1500       1  Left 
12  3   500        5621       94446      94947      534        500        1  Right
1   0   500        5607       94546      95047      535        5500       1  Left 
0   5   100        5620       95047      95147      537        700        1  Left 
0   10  100        5620       95147      95247      538        500        1  Left 
1   4   500        5699       95047      95548      537        500        1  Right
2   8   500        5634       95247      95748      539        3000       1  Left 
0   2   100        5640       95748      95848      541        300        1  Right
10  8   100        5682       95748      95849      541        200        1  Right
14  8   100        5744       95849      95949      543        600        1  Right
13  8   100        5833       95949      96049      543        900        1  Right
2   0   500        5667       95848      96349      542        1500       1  Right
3   15  500        5650       96349      96849      546        3000       1  Left 
5   3   100        5674       96849      96850      547        700        1  Right
3   4   100        5700       96850      96950      548        400        1  Right
4   3   100        5708       96950      97050      549        400        1  Right
6   0   500        5683       96849      97051      547        3000       1  Left 
3   5   500        5729       97050      97351      550        3500       1  Right
1   4   100        5731       97351      97451      552        100        1  Right
1   6   100        5732       97451      97551      553        500        1  Right
8   12  500        5699       97051      97552      551        2000       1  Left 
5   1   100        5760       97551      97652      554        400        1  Right
0   2   100        5694       97552      97653      555        300        1  Right
1   6   100        5769       97652      97752      556        500        1  Right
0   2   100        5699       97653      97754      557        300        1  Right
12  3   100        5731       97754      97854      559        100        1  Right
8   15  500        5700       97552      98053      555        500        1  Right
6   2   500        5723       97754      98255      559        3500       1  Right
4   0   100        5733       98255      98355      562        600        1  Right
14  3   100        5748       98355      98455      563        500        1  Right
8   10  500        5708       98053      98554      561        1000       1  Right
0   2   100        5755       98455      98556      564        300        1  Right
2   1   100        5761       98556      98656      566        200        1  Right
0   1   100        5761       98656      98756      567        500        1  Right
8   14  500        5790       98554      99055      565        3000       1  Right
3   15  100        5752       99055      99155      569        600        1  Left 
3   12  100        5811       99155      99255      570        100        1  Right
8   0   100        5812       99155      99256      570        300        1  Left 
4   1   500        5762       98756      99257      568        500        1  Right
15  1   100        5765       99257      99258      573        700        1  Right
8   13  500        5874       99256      99658      571        3500       1  Left 
15  3   100        5775       99658      99758      575        600        1  Left 
0   3   100        5783       99758      99858      576        200        1  Right
1   2   500        5782       99658      100159     575        1000       1  Right
12  3   500        5825       99858      100359     576        500        1  Right
12  3   100        5829       100359     100459     578        100        1  Right
13  3   100        5837       100459     100559     579        200        1  Right
1   15  500        5791       100159     100660     578        3500       1  Right
1   2   100        5796       100660     100760     582        200        1  Right
2   1   100        5801       100760     100860     583        200        1  Right
0   3   500        5851       100559     101060     580        1000       1  Right
3   2   100        5812       101060     101160     585        100        1  Right
3   12  100        5813       101160     101260     586        100        1  Right
1   5   500        5804       100860     101361     584        2000       1  Right
0   8   500        5868       101060     101562     584        1500       1  Left 
6   1   500        5810       101361     101862     588        2500       1  Right
15  1   100        5819       101862     101962     590        700        1  Right
1   2   500        5822       101962     101963     590        1000       1  Right
3   14  500        5854       101962     101964     590        5500       1  Left 
3   14  100        5857       101964     101965     592        1100       1  Left 
14  3   100        5886       101965     101966     593        1100       1  Left 
2   1   500        5825       101963     102266     591        1000       1  Right
15  1   100        5832       102266     102366     595        700        1  Right
1   6   100        5845       102366     102466     596        500        1  Right
0   2   500        5880       102266     102767     595        1500       1  Right
3   2   100        5882       102767     102867     598        100        1  Right
1   15  500        5845       102466     102967     597        3500       1  Right
15  0   100        5834       102967     103067     600        400        1  Left 
12  1   100        5849       102967     103068     600        400        1  Right
5   0   100        5844       103067     103168     601        700        1  Left 
2   0   100        5845       103168     103268     603        300        1  Right
1   15  500        5858       103168     103669     603        3500       1  Right
2   3   500        5903       103268     103670     604        500        1  Right
1   12  500        5880       103669     104071     605        6000       1  Left 
15  1   100        5887       104071     104171     607        700        1  Right
2   0   100        5914       104071     104172     607        300        1  Right
12  0   100        5917       104172     104272     609        100        1  Right
3   12  100        5917       104272     104372     610        100        1  Right
12  8   100        5919       104372     104472     611        400        1  Left 
3   12  100        5919       104472     104572     612        100        1  Right
9   8   100        5963       104472     104573     612        200        1  Left 
1   15  500        5913       104171     104672     608        3500       1  Right
0   6   100        5922       104672     104772     615        600        1  Left 
12  1   100        5926       104672     104773     615        400        1  Right
10  8   100        5981       104772     104872     616        200        1  Right
0   9   100        5922       104772     104873     616        100        1  Right
2   1   100        5971       104773     104873     617        200        1  Right
12  3   500        5928       104773     104874     617        500        1  Right
0   2   500        5945       104873     104973     619        6500       1  Left 
15  3   100        5941       104973     105073     621        600        1  Left 
13  1   100        5988       104973     105074     621        100        1  Right
6   3   100        5955       105073     105174     622        800        1  Left 
8   2   100        5956       105174     105274     624        600        1  Left 
8   15  100        5956       105274     105374     625        100        1  Right
8   14  100        5956       105374     105474     626        600        1  Right
1   12  500        5957       105274     105775     625        2000       1  Right
8   13  100        5956       105775     105875     628        700        1  Left 
8   10  100        5956       105875     105975     629        200        1  Right
3   13  500        5958       105875     106376     629        1000       1  Right
2   0   500        5971       106376     106876     631        1500       1  Right
3   6   500        5986       106876     107376     632        4000       1  Right
2   8   100        5989       107376     107476     633        600        1  Left 
12  6   100        5990       107476     107576     634        700        1  Left 
0   6   100        5998       107576     107676     635        600        1  Left 
0   4   100        6024       107676     107776     636        1000       1  Left 
1   2   500        5992       107476     107977     634        1000       1  Right
12  1   100        5991       107977     108077     638        400        1  Right
13  8   100        5993       108077     108177     639        700        1  Left 
6   1   100        6022       108077     108178     639        500        1  Right
12  0   100        5995       108177     108278     640        100        1  Right
14  8   100        5995       108178     108279     641        600        1  Right
2   0   100        6015       108278     108378     642        300        1  Right
15  8   100        5997       108279     108380     643        100        1  Right
0   2   100        6025       108378     108479     644        300        1  Right
1   13  500        6015       108178     108679     641        500        1  Right
12  8   500        6074       108479     108980     646        2000       1  Left 
1   12  500        6024       108980     109480     648        2000       1  Right
0   1   100        6026       109480     109580     649        500        1  Right
6   1   500        6027       109580     110080     650        2500       1  Right
0   2   500        6041       109580     110081     650        1500       1  Right
13  1   100        6041       110080     110181     651        100        1  Right
8   12  100        6048       110081     110182     652        400        1  Left 
13  1   100        6054       110181     110282     653        100        1  Right
8   12  100        6050       110182     110283     654        400        1  Left 
13  0   100        6056       110283     110383     656        400        1  Right
2   0   100        6073       110383     110483     657        300        1  Right
1   6   500        6063       110282     110783     655        2500       1  Right
8   9   500        6118       110283     110785     656        1000       1  Left 
0   4   100        6067       110783     110884     659        600        1  Right
0   8   100        6085       110884     110984     661        300        1  Left 
6   0   100        6105       110984     111084     662        600        1  Left 
3   0   100        6124       111084     111184     663        200        1  Right
0   10  100        6224       111184     111284     664        500        1  Left 
1   13  500        6067       110884     111384     661        500        1  Right
0   11  100        6225       111284     111385     665        800        1  Left 
2   1   100        6075       111384     111485     666        200        1  Right
0   12  100        6246       111385     111486     667        100        1  Right
2   3   500        6090       111485     111985     668        500        1  Right
1   13  500        6080       111485     111986     668        500        1  Right
1   2   100        6083       111986     112086     671        200        1  Right
4   1   100        6092       112086     112186     672        100        1  Right
1   2   500        6097       112186     112686     673        1000       1  Right
13  1   100        6115       112686     112786     674        100        1  Right
8   2   100        6137       112686     112787     674        600        1  Left 
8   2   100        6137       112787     112887     676        600        1  Left 
13  8   100        6167       112887     112987     677        700        1  Left 
1   4   500        6123       112786     113287     675        500        1  Right
2   1   500        6123       113287     113787     679        1000       1  Right
2   4   100        6124       113787     113887     680        300        1  Right
6   1   500        6137       113887     114387     681        2500       1  Right
1   13  500        6141       114387     114887     682        500        1  Right
6   12  500        6277       114387     114888     682        3500       1  Left 
1   2   100        6145       114887     114988     683        200        1  Right
0   12  100        6327       114888     114989     683        100        1  Right
4   2   500        6165       114988     115489     685        1500       1  Right
2   1   500        6173       115489     115989     687        1000       1  Right
2   3   100        6183       115989     116089     688        100        1  Right
1   6   100        6192       115989     116090     688        500        1  Right
1   5   100        6217       116090     116190     690        400        1  Right
2   8   500        6186       116089     116590     689        3000       1  Left 
3   2   100        6192       116590     116690     692        100        1  Right
5   1   500        6255       116190     116691     691        2000       1  Right
8   13  500        6208       116690     117191     693        3500       1  Left 
2   8   500        6213       117191     117691     695        3000       1  Left 
3   15  500        6238       117691     118191     696        3000       1  Left 
13  3   100        6245       118191     118291     697        200        1  Right
11  8   100        6255       118191     118292     697        500        1  Right
12  1   100        6315       118291     118392     698        400        1  Right
8   0   100        6271       118292     118393     699        300        1  Left 
10  3   100        6257       118392     118493     700        900        1  Right
0   2   100        6337       118493     118593     701        300        1  Right
8   11  500        6286       118493     118993     702        2500       1  Right
11  1   100        6321       118993     119093     703        300        1  Right
3   10  500        6288       118993     119493     704        3500       1  Left 
6   0   500        6299       119493     119993     706        3000       1  Left 
1   0   500        6309       119993     120493     707        2500       1  Right
10  1   100        6323       120493     120593     707        600        1  Right
2   0   500        6312       120493     120993     708        1500       1  Right
4   0   500        6329       120993     121493     709        3000       1  Right
0   8   100        6368       121493     121593     710        300        1  Left 
0   5   100        6369       121593     121693     711        700        1  Left 
11  0   100        6393       121693     121793     712        800        1  Left 
1   12  500        6346       121493     121993     710        2000       1  Right
0   2   100        6386       121993     122093     714        300        1  Right
0   15  100        6387       122093     122193     715        400        1  Left 
15  2   100        6397       122193     122293     716        700        1  Left 
1   11  500        6357       121993     122493     714        1500       1  Right
1   10  500        6364       122493     122993     718        3000       1  Right
12  1   100        6375       122993     123093     719        400        1  Right
2   4   100        6376       123093     123193     720        300        1  Right
2   6   100        6377       123193     123293     721        700        1  Right
2   6   100        6399       123293     123393     722        700        1  Right
11  1   100        6404       123393     123493     723        300        1  Right
11  0   100        6406       123493     123593     724        800        1  Right
10  0   100        6409       123593     123693     725        500        1  Left 
1   12  500        6406       123593     124093     725        2000       1  Right
4   2   500        6410       124093     124593     727        1500       1  Right
5   1   100        6411       124593     124693     728        400        1  Right
