
129
C:/Users/nxconrad/Desktop/REU 2.0/Benchmark Data/16-core/7/flow_freqmine100#1.txt
759
[1, 4, 2, 0, 9, 14, 5, 12, 3, 10, 11, 8, 6, 7, 15, 13]
8   0   100        0          2          102        0          800        1  Right
0   8   500        317        319        819        0          4000       1  Right
8   1   100        376        819        919        1          500        1  Left 
1   8   500        678        919        1419       1          2500       1  Left 
8   1   100        725        1419       1519       2          500        1  Left 
3   0   100        1001       1419       1520       0          500        1  Right
6   0   100        1002       1520       1620       2          700        1  Left 
5   0   100        1003       1620       1720       3          300        1  Right
9   0   100        1003       1720       1820       4          100        1  Right
1   0   100        1004       1820       1920       5          300        1  Right
15  0   100        1004       1920       2020       6          500        1  Left 
12  0   100        1005       2020       2120       7          400        1  Right
14  0   100        1006       2120       2220       8          200        1  Right
10  0   100        1006       2220       2320       9          600        1  Right
11  0   100        1007       2320       2420       10         700        1  Right
4   0   100        1008       2420       2520       11         200        1  Right
1   8   500        1027       2020       2521       7          2500       1  Left 
13  0   100        1008       2521       2621       13         400        1  Left 
7   0   100        1010       2621       2721       14         600        1  Left 
2   0   100        1012       2721       2821       15         100        1  Right
0   15  500        1025       2821       3321       16         2500       1  Left 
0   1   500        1025       3321       3821       17         1500       1  Right
0   14  500        1032       3821       4321       18         1000       1  Right
0   2   500        1038       4321       4821       19         500        1  Right
15  0   100        1042       4821       4921       20         500        1  Left 
0   13  500        1052       4921       5421       21         2000       1  Left 
0   12  500        1052       5421       5921       22         2000       1  Right
1   0   100        1053       5921       6021       23         300        1  Right
14  0   100        1069       6021       6121       24         200        1  Right
1   8   500        1379       6021       6522       24         2500       1  Left 
0   4   500        1075       6121       6622       25         1000       1  Right
0   5   500        1075       6622       7122       27         1500       1  Right
8   0   100        1077       7122       7222       28         800        1  Right
8   1   100        1079       7222       7322       29         500        1  Left 
0   11  500        1097       7222       7723       29         3500       1  Right
8   0   100        1080       7723       7823       31         800        1  Right
2   0   100        1086       7823       7923       32         100        1  Right
0   6   500        1097       7923       8423       33         3500       1  Left 
13  0   100        1102       8423       8523       34         400        1  Left 
12  0   100        1118       8523       8623       35         400        1  Right
0   10  500        1119       8623       9123       36         3000       1  Right
0   9   500        1119       9123       9623       37         500        1  Right
4   0   100        1129       9623       9723       38         200        1  Right
0   7   500        1141       9723       10223      39         3000       1  Left 
5   0   100        1145       10223      10323      40         300        1  Right
11  0   100        1156       10323      10423      41         700        1  Right
6   0   100        1172       10423      10523      42         700        1  Left 
10  0   100        1183       10523      10623      43         600        1  Right
9   0   100        1199       10623      10723      44         100        1  Right
7   0   100        1210       10723      10823      45         600        1  Left 
0   3   500        1319       10823      11323      46         2500       1  Right
0   1   100        1340       11323      11423      47         300        1  Right
3   1   100        1353       11423      11523      48         800        1  Right
0   7   500        1356       11523      12023      49         3000       1  Left 
7   1   100        1410       12023      12123      50         300        1  Left 
0   9   500        1356       12023      12523      50         500        1  Right
0   10  500        1357       12523      13023      52         3000       1  Right
0   6   500        1357       13023      13523      53         3500       1  Left 
8   6   100        1542       13523      13623      51         100        1  Right
0   11  500        1378       13523      14023      54         3500       1  Right
0   5   500        1378       14023      14523      56         1500       1  Right
9   1   100        1421       14523      14524      56         1200       1  Left 
10  1   100        1438       14524      14624      57         700        1  Left 
0   4   500        1400       14523      14924      57         1000       1  Right
0   12  500        1400       14924      15424      60         2000       1  Right
0   13  500        1422       15424      15924      60         2000       1  Left 
0   2   500        1422       15924      16424      61         500        1  Right
0   14  500        1444       16424      16924      62         1000       1  Right
0   1   500        1444       16924      17424      63         1500       1  Right
6   1   100        1449       17424      17524      64         400        1  Left 
11  1   100        1455       17524      17624      65         600        1  Left 
5   1   100        1466       17624      17724      66         600        1  Right
0   15  500        1466       17724      18224      67         2500       1  Left 
0   8   100        1466       18224      18324      68         800        1  Right
4   1   100        1472       18224      18325      68         100        1  Right
0   8   100        1466       18324      18425      69         800        1  Right
12  1   100        1483       18425      18525      71         700        1  Right
13  1   100        1489       18525      18625      72         100        1  Left 
2   1   100        1493       18625      18725      73         200        1  Right
14  1   100        1504       18725      18825      74         500        1  Right
15  1   100        1512       18825      18925      75         200        1  Left 
8   1   100        1546       18925      19025      74         500        1  Left 
1   0   500        1612       19025      19525      75         1500       1  Right
1   15  500        1627       19525      20025      75         1000       1  Left 
1   14  500        1627       20025      20525      76         2500       1  Right
1   13  500        1628       20525      21025      77         500        1  Left 
0   1   100        1631       21025      21125      78         300        1  Right
1   0   100        1633       21125      21225      79         300        1  Right
15  0   100        1651       21225      21226      80         1100       1  Right
14  0   100        1657       21226      21326      81         200        1  Right
13  0   100        1673       21326      21327      82         1200       1  Right
1   2   500        1640       21225      21527      80         1000       1  Right
1   12  500        1640       21527      22027      84         3500       1  Right
2   0   100        1682       22027      22127      85         100        1  Right
12  0   100        1703       22127      22227      86         400        1  Right
1   4   500        1662       22027      22527      85         500        1  Right
1   5   500        1662       22527      23027      88         3000       1  Right
4   0   100        1714       23027      23127      89         200        1  Right
5   0   100        1730       23127      23227      89         300        1  Right
1   11  500        1685       23027      23527      89         3000       1  Left 
11  0   100        1741       23527      23627      91         700        1  Right
1   6   500        1685       23527      24027      92         2000       1  Left 
1   10  500        1707       24027      24527      94         3500       1  Left 
8   6   100        1841       24527      24627      93         100        1  Right
1   9   500        1707       24527      25027      95         2000       1  Right
4   1   100        1724       25027      25127      96         100        1  Right
6   0   100        1757       25027      25128      96         900        1  Right
10  0   100        1768       25128      25228      98         600        1  Right
9   0   100        1784       25228      25328      99         100        1  Right
3   0   100        1786       25328      25428      100        500        1  Right
3   0   100        1788       25428      25528      101        500        1  Right
1   7   500        1729       25127      25628      97         1500       1  Left 
0   6   100        1935       25528      25629      100        900        1  Right
5   1   100        1730       25629      25729      104        600        1  Right
12  1   100        1735       25729      25829      105        700        1  Right
1   3   500        1740       25829      26329      106        4000       1  Right
13  1   100        1741       26329      26429      107        100        1  Left 
7   0   100        1795       26329      26430      107        1000       1  Right
11  1   100        1741       26430      26530      109        600        1  Left 
2   1   100        1745       26530      26531      110        200        1  Right
0   15  100        1959       26530      26532      108        1100       1  Right
14  1   100        1756       26532      26632      112        500        1  Right
6   1   100        1757       26632      26732      113        400        1  Left 
15  1   100        1764       26732      26832      114        200        1  Left 
10  1   100        1768       26832      26932      115        900        1  Right
9   1   100        1784       26932      27032      116        400        1  Right
7   1   100        1795       27032      27132      117        300        1  Left 
6   8   500        1819       26732      27233      113        500        1  Right
8   1   100        1847       27233      27333      118        500        1  Left 
1   8   500        1848       27333      27833      119        2500       1  Left 
1   8   500        1898       27833      28333      120        2500       1  Left 
8   0   100        1947       28333      28433      120        800        1  Right
15  6   100        1967       28333      28434      120        200        1  Right
0   1   100        1968       28433      28534      121        300        1  Right
0   14  100        1970       28534      28634      123        200        1  Right
0   13  100        1991       28634      28734      124        400        1  Left 
0   2   100        1995       28734      28834      125        100        1  Right
0   12  100        2026       28834      28934      125        400        1  Right
6   8   500        2118       28434      28935      121        500        1  Right
0   4   100        2037       28934      29035      126        200        1  Right
1   6   100        1976       28935      29036      128        400        1  Left 
0   5   100        2060       29035      29136      128        300        1  Right
3   1   100        2125       29036      29137      128        800        1  Left 
14  6   100        1984       29137      29237      132        700        1  Right
1   0   500        2024       29137      29638      131        1500       1  Right
2   6   100        2008       29638      29738      134        600        1  Left 
13  6   100        2009       29738      29838      135        300        1  Right
1   7   500        2039       29838      30338      135        1500       1  Left 
6   0   500        2232       29838      30339      133        4500       1  Right
1   9   500        2039       30339      30839      137        2000       1  Right
1   10  500        2040       30839      31339      138        3500       1  Left 
1   6   500        2040       31339      31839      139        2000       1  Left 
12  6   100        2049       31839      31939      140        500        1  Right
4   6   100        2068       31939      31940      141        1100       1  Right
1   15  500        2062       31839      32241      140        1000       1  Left 
1   11  500        2062       32241      32741      143        3000       1  Left 
0   11  100        2069       32741      32841      144        700        1  Right
6   1   500        2268       32741      33242      142        2000       1  Left 
1   14  500        2085       33242      33742      146        2500       1  Right
6   15  500        2280       33242      33743      144        1000       1  Right
1   5   500        2096       33742      34243      147        3000       1  Right
0   6   100        2090       34243      34343      149        700        1  Left 
5   6   100        2101       34343      34443      150        600        1  Right
0   10  100        2101       34443      34543      151        600        1  Right
11  6   100        2113       34443      34544      151        200        1  Right
0   3   100        2107       34543      34644      152        500        1  Right
10  6   100        2137       34544      34645      152        300        1  Right
0   9   100        2122       34644      34745      153        100        1  Right
1   13  500        2096       34343      34843      150        500        1  Left 
6   14  500        2313       34645      35147      153        3500       1  Right
0   7   100        2133       35147      35247      157        1000       1  Right
1   2   500        2119       34843      35344      156        1000       1  Right
9   6   100        2163       35247      35348      158        800        1  Right
7   6   100        2177       35348      35448      160        100        1  Right
3   6   100        2254       35448      35548      160        400        1  Right
1   12  500        2119       35348      35848      160        3500       1  Right
0   3   100        2236       35848      35948      162        500        1  Right
1   4   500        2142       35848      36348      163        500        1  Right
6   2   500        2323       35948      36449      162        5000       1  Right
1   0   100        2310       36449      36549      165        300        1  Right
1   0   100        2314       36549      36649      166        300        1  Right
0   8   100        2410       36649      36749      166        800        1  Right
6   13  500        2345       36449      36950      164        1500       1  Right
1   3   500        2427       36749      37250      166        4000       1  Right
15  0   100        2332       37250      37350      169        500        1  Left 
15  0   100        2336       37350      37450      170        500        1  Left 
14  0   100        2360       37450      37550      171        200        1  Right
2   0   100        2361       37550      37650      172        100        1  Right
14  0   100        2364       37650      37750      173        200        1  Right
6   12  500        2378       37250      37751      169        2500       1  Right
2   0   100        2365       37750      37851      174        100        1  Right
0   8   100        2583       37851      37852      173        800        1  Right
6   4   500        2400       37751      38153      175        2500       1  Left 
13  0   100        2387       38153      38253      178        400        1  Left 
13  0   100        2391       38253      38353      179        400        1  Left 
6   5   500        2422       38153      38654      177        3000       1  Right
12  0   100        2415       38654      38754      181        400        1  Right
12  0   100        2419       38754      38854      181        400        1  Right
4   0   100        2427       38854      38954      182        200        1  Right
4   0   100        2431       38954      39054      183        200        1  Right
5   0   100        2444       39054      39154      184        300        1  Right
6   11  500        2433       38654      39155      180        1000       1  Right
5   0   100        2448       39154      39255      185        300        1  Right
8   1   100        2453       39155      39256      186        500        1  Left 
3   4   100        2455       39255      39356      187        700        1  Right
3   4   100        2756       39356      39456      185        700        1  Right
1   8   500        2755       39256      39757      184        2500       1  Left 
6   0   100        2463       39757      39758      191        700        1  Left 
14  8   100        2896       39757      39759      186        600        1  Right
11  0   100        2465       39759      39859      193        700        1  Right
6   0   100        2467       39859      39959      194        700        1  Left 
11  0   100        2469       39959      40059      195        700        1  Right
6   10  500        2488       40059      40559      196        1500       1  Right
6   9   500        2510       40559      41059      197        4000       1  Right
10  0   100        2515       41059      41159      198        600        1  Right
10  0   100        2519       41159      41259      198        600        1  Right
9   0   100        2532       41259      41359      198        100        1  Right
9   0   100        2536       41359      41459      199        100        1  Right
6   7   500        2521       41059      41560      196        500        1  Right
7   0   100        2543       41560      41660      201        600        1  Left 
7   0   100        2547       41660      41760      202        600        1  Left 
6   3   500        2554       41560      42061      201        2000       1  Right
0   3   100        2587       42061      42161      204        500        1  Right
4   3   500        2737       42161      42661      203        3500       1  Right
3   0   100        2757       42661      42761      204        500        1  Right
8   0   100        2808       42761      42861      205        800        1  Right
3   0   500        2879       42861      43361      205        2500       1  Right
0   14  100        2883       43361      43461      206        200        1  Right
3   2   100        3066       43361      43462      206        1000       1  Left 
0   14  100        2887       43461      43562      207        200        1  Right
3   6   100        3095       43462      43563      208        400        1  Right
0   1   100        2970       43562      43663      209        300        1  Right
14  3   100        2900       43563      43664      210        300        1  Right
8   0   500        2910       43663      44164      211        4000       1  Left 
8   0   100        2942       44164      44264      213        800        1  Right
0   8   100        2985       44264      44364      214        800        1  Right
8   14  500        3041       44364      44864      215        3000       1  Right
4   3   500        3042       44864      45364      216        3500       1  Right
0   3   100        3077       45364      45464      217        500        1  Right
0   8   500        3125       45464      45964      218        4000       1  Right
8   0   100        3181       45964      46064      219        800        1  Right
0   13  100        3185       46064      46164      220        400        1  Left 
0   13  100        3189       46164      46264      221        400        1  Left 
13  8   100        3203       46264      46364      222        400        1  Right
3   14  500        3192       46064      46565      220        1500       1  Right
3   14  100        3233       46565      46665      224        300        1  Right
1   0   500        3242       46264      46766      222        1500       1  Right
8   13  500        3244       46364      46865      223        2000       1  Right
14  1   100        3228       46766      46867      226        500        1  Right
13  3   100        3207       46865      46966      227        700        1  Right
0   1   100        3274       46867      46968      228        300        1  Right
14  3   100        3251       46966      47067      229        300        1  Right
13  1   100        3313       46968      47069      230        100        1  Left 
2   3   500        3338       47067      47568      230        3000       1  Right
0   5   100        3498       47568      47668      232        300        1  Right
3   13  500        3282       47568      48068      233        3500       1  Right
3   6   100        3358       48068      48168      234        400        1  Right
1   14  500        3515       47668      48169      233        2500       1  Right
14  0   100        3537       48169      48269      236        200        1  Right
6   3   500        3377       48168      48669      235        2000       1  Right
1   13  500        3530       48169      48670      236        500        1  Left 
0   8   500        3498       48669      49170      238        4000       1  Right
3   1   100        3359       49170      49270      240        800        1  Right
0   11  100        3499       49270      49370      241        700        1  Right
5   8   100        3526       49370      49470      242        500        1  Right
11  3   100        3540       49470      49570      243        200        1  Right
1   0   500        3546       49370      49871      242        1500       1  Right
13  0   100        3557       49871      49971      245        400        1  Left 
8   5   500        3557       49570      50071      244        2500       1  Right
8   1   100        3560       50071      50171      247        500        1  Left 
0   1   100        3568       50171      50271      248        300        1  Right
0   2   100        3580       50271      50371      249        100        1  Right
1   3   500        3638       50271      50772      249        4000       1  Left 
0   1   100        3800       50772      50872      251        300        1  Right
0   7   100        3801       50872      50972      252        600        1  Left 
6   3   500        3640       50772      51272      251        2000       1  Right
3   2   100        3676       51272      51372      254        600        1  Right
1   8   100        3808       51272      51373      254        500        1  Left 
3   11  500        3827       51372      51873      254        1000       1  Right
1   0   500        3840       51373      51874      255        1500       1  Right
7   3   100        3841       51873      51974      256        500        1  Right
3   11  100        3877       51974      52074      258        200        1  Right
2   0   500        3857       51874      52375      257        500        1  Right
8   1   500        3862       51974      52475      258        2500       1  Left 
0   3   100        3863       52375      52476      260        500        1  Right
0   14  100        3868       52476      52576      262        200        1  Right
11  3   100        3890       52476      52577      262        200        1  Right
1   8   500        3870       52475      52976      261        2500       1  Left 
2   3   500        3948       52577      53078      264        3000       1  Right
14  1   100        3881       53078      53178      266        500        1  Right
3   7   500        3916       53078      53579      266        2500       1  Right
8   0   100        3924       53579      53679      268        800        1  Right
3   6   100        3975       53679      53779      269        400        1  Right
0   8   500        3980       53779      54279      270        4000       1  Right
3   5   100        4000       54279      54379      271        200        1  Right
8   0   100        4042       54279      54380      271        800        1  Left 
8   1   100        4044       54380      54480      273        500        1  Left 
1   3   100        4096       54480      54580      274        800        1  Right
15  8   100        4110       54480      54581      274        300        1  Right
1   3   100        4113       54580      54681      275        800        1  Right
0   15  100        4102       54681      54781      277        500        1  Left 
0   1   100        4104       54781      54881      278        300        1  Right
3   1   100        4109       54881      54981      279        800        1  Right
3   0   100        4139       54981      55081      280        500        1  Right
8   15  500        4161       54781      55282      278        1500       1  Right
3   0   500        4155       55081      55582      281        2500       1  Right
0   3   100        4157       55582      55682      283        500        1  Right
1   8   500        4135       55282      55783      282        2500       1  Left 
1   14  500        4153       55783      56283      285        2500       1  Right
6   3   500        4257       55783      56284      285        2000       1  Right
0   13  100        4171       56283      56384      286        400        1  Left 
8   4   100        4188       56384      56484      288        600        1  Left 
1   14  100        4223       56484      56584      289        500        1  Right
5   3   500        4283       56284      56785      287        1000       1  Right
4   8   500        4224       56584      57085      290        3000       1  Left 
3   1   500        4188       57085      57585      292        4000       1  Right
13  1   100        4189       57585      57685      293        100        1  Left 
0   1   100        4222       57685      57785      294        300        1  Right
14  1   100        4231       57785      57885      295        500        1  Right
1   0   100        4240       57885      57985      296        300        1  Right
1   0   500        4243       57985      58485      297        1500       1  Right
0   8   100        4268       58485      58585      298        800        1  Right
1   13  500        4252       58485      58985      298        500        1  Left 
1   0   100        4253       58985      59085      300        300        1  Right
0   1   100        4275       59085      59185      301        300        1  Right
1   0   500        4296       59185      59685      302        1500       1  Right
1   3   100        4298       59685      59785      303        800        1  Right
3   1   100        4307       59785      59885      304        800        1  Right
0   6   100        4316       59885      59985      305        700        1  Left 
0   1   100        4317       59985      60085      306        300        1  Right
8   1   100        4324       60085      60185      306        500        1  Left 
8   5   100        4324       60185      60285      307        500        1  Right
8   15  100        4324       60285      60385      308        300        1  Right
8   14  100        4324       60385      60485      309        600        1  Right
8   13  100        4324       60485      60585      310        400        1  Right
1   8   100        4333       60585      60685      311        500        1  Left 
5   8   100        4345       60685      60785      312        500        1  Right
1   0   500        4340       60685      61185      312        1500       1  Right
1   8   100        4362       61185      61285      314        500        1  Left 
13  8   100        4364       61285      61385      315        400        1  Right
14  8   100        4366       61385      61485      316        600        1  Right
15  8   100        4368       61485      61585      317        300        1  Right
8   1   100        4371       61585      61685      318        500        1  Left 
0   8   100        4385       61685      61785      319        800        1  Right
0   2   100        4404       61785      61885      320        100        1  Right
15  3   100        4415       61785      61886      320        600        1  Right
0   15  100        4406       61886      61986      322        500        1  Left 
2   8   100        4417       61986      62086      323        700        1  Left 
8   0   100        4419       62086      62186      324        800        1  Right
15  1   100        4494       62086      62187      324        200        1  Left 
3   0   100        4450       62186      62286      325        500        1  Right
8   6   100        4428       62186      62287      325        100        1  Right
1   3   500        4422       62286      62787      327        4000       1  Right
8   4   100        4440       62787      62887      329        600        1  Left 
8   6   100        4441       62887      62987      330        100        1  Right
3   15  500        4451       62887      63388      330        5000       1  Left 
6   3   100        4454       63388      63488      332        400        1  Right
1   15  500        4520       63388      63889      332        1000       1  Left 
0   3   500        4462       63488      63989      333        2500       1  Right
4   8   500        4476       63889      64390      334        3000       1  Left 
0   3   500        4481       63989      64490      335        2500       1  Right
8   0   100        4463       64490      64590      337        800        1  Right
3   6   100        4472       64590      64690      338        400        1  Right
0   8   500        4506       64690      65190      339        4000       1  Right
3   0   100        4512       65190      65290      340        500        1  Right
15  0   100        4547       65290      65390      341        500        1  Left 
3   5   100        4588       65290      65391      341        200        1  Right
6   8   500        4513       65190      65691      340        500        1  Right
8   2   100        4515       65691      65791      344        700        1  Left 
0   3   500        4552       65391      65892      343        2500       1  Right
2   8   500        4561       65791      66292      345        3500       1  Left 
0   1   100        4552       66292      66392      347        300        1  Right
8   2   500        4570       66392      66892      348        3500       1  Left 
0   1   100        4573       66892      66992      349        300        1  Right
8   6   100        4606       66892      66993      349        100        1  Right
1   2   100        4581       66992      67093      350        200        1  Right
3   1   500        4594       67093      67593      352        4000       1  Right
2   0   100        4602       67593      67693      353        100        1  Right
1   8   100        4646       67593      67694      353        500        1  Left 
0   2   100        4622       67693      67794      354        100        1  Right
1   8   100        4679       67694      67795      355        500        1  Left 
6   0   500        4613       67795      68295      357        3500       1  Left 
0   1   100        4625       68295      68395      358        300        1  Right
6   8   500        4720       68295      68796      358        500        1  Right
2   1   500        4648       68395      68896      359        1000       1  Right
12  8   100        4729       68796      68897      360        400        1  Right
0   1   100        4661       68896      68997      361        300        1  Right
1   0   500        4682       68997      69497      363        1500       1  Right
8   1   100        4684       69497      69597      364        500        1  Left 
2   3   100        4722       69497      69598      364        600        1  Right
0   1   100        4701       69598      69698      366        300        1  Right
0   12  100        4706       69698      69798      367        400        1  Right
0   2   100        4708       69798      69898      368        100        1  Right
8   1   500        4730       69698      70199      367        2500       1  Left 
3   2   500        4743       69898      70399      369        3000       1  Right
1   0   500        4722       70399      70899      371        1500       1  Right
8   12  500        4765       70399      70900      371        2000       1  Right
1   0   500        4735       70899      71400      372        1500       1  Right
8   1   100        4768       71400      71500      374        500        1  Left 
2   1   100        4768       71500      71600      375        200        1  Right
0   1   100        4789       71600      71700      376        300        1  Right
0   15  100        4855       71700      71701      376        1100       1  Right
1   2   500        4789       71700      72101      377        1000       1  Right
2   0   100        4810       72101      72201      379        100        1  Right
1   8   100        4810       72101      72202      379        500        1  Left 
2   1   100        4821       72202      72302      380        200        1  Right
2   0   100        4823       72302      72402      381        100        1  Right
1   3   100        4827       72302      72403      381        800        1  Left 
3   1   100        4840       72403      72503      383        800        1  Right
1   2   500        4842       72503      73003      384        1000       1  Right
5   3   500        4865       72503      73004      384        1000       1  Right
8   1   100        4848       73003      73104      385        500        1  Left 
15  1   100        4863       73104      73204      387        200        1  Left 
2   1   100        4864       73204      73304      388        200        1  Right
2   3   100        4908       73304      73404      389        600        1  Right
1   8   500        4866       73304      73804      389        2500       1  Left 
1   0   100        4873       73804      73904      391        300        1  Right
1   8   100        4875       73904      74004      392        500        1  Left 
6   8   500        4883       74004      74504      393        500        1  Right
1   2   500        4885       74004      74505      393        1000       1  Right
12  8   100        4960       74504      74605      393        400        1  Right
2   8   100        4967       74605      74705      395        900        1  Right
12  3   100        5035       74705      74805      396        100        1  Right
1   15  500        4889       74505      75006      395        1000       1  Left 
1   0   500        4899       75006      75506      399        1500       1  Right
1   6   100        4903       75506      75606      400        400        1  Left 
1   0   100        4908       75606      75706      401        300        1  Right
3   1   100        4910       75706      75806      402        800        1  Right
3   1   100        4910       75806      75906      403        800        1  Right
8   0   100        4931       75906      76006      403        800        1  Right
8   2   100        4931       76006      76106      404        700        1  Left 
8   12  100        4931       76106      76206      405        400        1  Right
0   6   100        4958       76106      76207      405        700        1  Left 
8   2   100        4932       76207      76307      407        700        1  Left 
0   1   100        4962       76307      76407      408        300        1  Right
0   8   100        4974       76407      76507      409        800        1  Right
1   0   500        4983       76507      77007      410        1500       1  Right
2   8   500        4986       77007      77507      411        3500       1  Left 
0   4   100        5006       77507      77607      412        200        1  Right
8   1   100        5030       77507      77608      412        500        1  Left 
0   4   100        5008       77607      77708      413        200        1  Right
8   6   100        5039       77608      77709      414        100        1  Right
0   12  100        5010       77708      77809      415        400        1  Right
6   0   500        5006       77809      78309      417        3500       1  Left 
3   12  500        5056       77809      78310      417        500        1  Right
8   5   100        5064       78310      78410      419        500        1  Right
12  1   100        5081       78410      78510      420        900        1  Left 
8   1   100        5089       78510      78610      421        500        1  Left 
4   0   500        5042       78309      78810      418        1000       1  Right
0   2   100        5137       78810      78910      423        100        1  Right
0   2   100        5157       78910      79010      424        100        1  Right
1   12  500        5112       78610      79111      422        4500       1  Left 
4   8   100        5043       79111      79211      426        600        1  Left 
12  0   100        5143       79111      79212      426        400        1  Right
8   4   500        5186       79211      79712      427        3000       1  Left 
3   2   500        5190       79212      79713      428        3000       1  Right
5   8   500        5095       79713      80213      430        2500       1  Right
1   8   500        5127       80213      80713      431        2500       1  Left 
12  1   100        5154       80713      80813      432        700        1  Right
12  0   100        5156       80813      80913      433        400        1  Right
2   8   100        5182       80813      80914      433        700        1  Left 
3   0   100        5219       80913      81014      434        500        1  Right
3   0   100        5235       81014      81114      436        500        1  Right
8   2   500        5228       80914      81415      435        3500       1  Left 
0   1   100        5185       81415      81515      438        300        1  Right
14  8   100        5201       81415      81516      438        600        1  Right
4   0   500        5294       81515      81517      439        1000       1  Right
6   1   500        5210       81515      81518      439        2000       1  Left 
8   14  500        5247       81516      81520      440        3000       1  Right
3   15  100        5371       81520      81521      443        600        1  Right
1   12  500        5185       81520      81921      443        3500       1  Right
1   3   500        5187       81921      82421      445        4000       1  Right
1   3   500        5198       82421      82921      446        4000       1  Right
12  1   100        5217       82921      83021      447        700        1  Right
0   1   100        5229       83021      83121      448        300        1  Right
12  8   100        5279       83021      83122      448        400        1  Right
0   4   100        5258       83121      83222      449        200        1  Right
1   12  500        5248       83122      83623      450        4500       1  Left 
0   6   100        5259       83623      83723      452        700        1  Left 
8   5   100        5315       83623      83724      452        500        1  Right
1   0   100        5297       83723      83824      453        300        1  Right
12  3   100        5350       83724      83824      454        100        1  Right
13  8   100        5307       83724      83825      454        400        1  Right
3   14  100        5371       83824      83924      455        300        1  Right
0   1   500        5318       83824      84325      455        1500       1  Right
6   8   500        5316       83825      84327      456        500        1  Right
1   0   100        5339       84325      84426      458        300        1  Right
0   6   100        5318       84426      84526      460        700        1  Left 
0   4   100        5318       84526      84626      461        200        1  Right
0   2   100        5333       84626      84726      462        100        1  Right
2   1   100        5342       84726      84826      463        200        1  Right
8   12  500        5315       84327      84828      459        2000       1  Right
0   1   500        5360       84826      85327      464        1500       1  Right
5   8   500        5346       84828      85329      465        2500       1  Right
2   0   500        5361       85327      85828      466        500        1  Right
8   13  500        5348       85329      85830      467        2000       1  Right
4   3   100        5355       85828      85929      468        700        1  Right
15  8   100        5363       85830      85931      469        300        1  Right
6   8   100        5365       85931      86031      471        100        1  Right
3   13  100        5371       86031      86131      472        700        1  Right
0   6   100        5386       86131      86231      473        900        1  Right
13  3   100        5390       86231      86331      474        700        1  Right
1   2   500        5363       85929      86430      470        1000       1  Right
14  3   100        5392       86331      86431      475        300        1  Right
2   0   100        5386       86430      86531      476        100        1  Right
3   12  100        5430       86431      86532      476        100        1  Right
1   0   100        5405       86531      86632      478        300        1  Right
15  3   100        5394       86632      86732      480        1000       1  Left 
8   6   500        5391       86331      86832      475        500        1  Right
1   2   500        5416       86732      87233      481        1000       1  Right
2   8   100        5388       87233      87333      483        700        1  Left 
2   1   100        5395       87333      87433      484        200        1  Right
6   8   100        5454       87333      87434      483        100        1  Right
8   1   100        5396       87434      87534      486        500        1  Left 
8   1   100        5396       87534      87634      487        500        1  Left 
8   15  500        5414       87634      88134      488        1500       1  Right
0   1   500        5426       87634      88135      487        1500       1  Right
8   1   100        5435       88135      88235      489        500        1  Left 
8   4   100        5435       88235      88335      490        600        1  Left 
8   6   100        5435       88335      88435      491        100        1  Right
8   15  100        5435       88435      88535      492        300        1  Right
8   14  100        5435       88535      88635      493        600        1  Right
2   6   100        5436       88535      88636      493        600        1  Left 
8   13  100        5435       88636      88736      495        400        1  Right
2   1   100        5437       88636      88737      495        200        1  Right
8   12  100        5435       88736      88837      496        400        1  Right
2   0   100        5441       88737      88838      497        100        1  Right
4   8   100        5461       88837      88938      498        600        1  Left 
0   12  100        5466       88838      88939      499        400        1  Right
3   1   100        5469       88938      89039      500        800        1  Left 
0   12  100        5480       88939      89040      501        400        1  Right
3   1   100        5472       89039      89041      502        800        1  Left 
2   12  500        5529       89040      89442      503        2500       1  Right
4   1   500        5510       89041      89542      504        500        1  Right
1   0   100        5453       89542      89642      506        300        1  Right
1   3   100        5453       89642      89742      507        800        1  Right
1   3   100        5456       89742      89842      508        800        1  Right
1   2   500        5460       89842      90342      509        1000       1  Right
0   3   500        5528       89842      90343      509        2500       1  Right
1   8   100        5473       90342      90443      510        500        1  Left 
12  8   100        5476       90443      90543      512        400        1  Right
1   4   100        5479       90443      90544      512        100        1  Right
12  2   100        5503       90543      90643      513        500        1  Right
13  8   100        5478       90543      90644      513        400        1  Right
0   1   100        5586       90643      90744      515        300        1  Right
14  8   100        5480       90644      90745      516        600        1  Right
4   1   100        5666       90744      90845      517        100        1  Right
15  8   100        5482       90745      90846      518        300        1  Right
1   8   500        5495       90846      91346      520        2500       1  Left 
1   8   500        5498       91346      91846      521        2500       1  Left 
8   2   100        5533       91846      91946      522        700        1  Left 
8   0   100        5543       91946      92046      523        800        1  Right
12  8   100        5565       92046      92146      524        400        1  Right
6   0   500        5558       92046      92546      524        3500       1  Left 
3   0   100        5559       92546      92646      526        500        1  Right
15  8   100        5573       92546      92647      526        300        1  Right
3   12  100        5613       92646      92747      527        100        1  Right
8   0   100        5559       92647      92748      528        800        1  Left 
15  3   100        5577       92748      92848      530        600        1  Right
1   0   500        5607       92748      93249      530        1500       1  Right
12  3   500        5621       92848      93349      531        500        1  Right
8   2   100        5601       93249      93350      532        700        1  Left 
5   3   100        5674       93349      93450      533        200        1  Right
0   8   500        5615       93350      93851      534        4000       1  Left 
0   5   100        5620       93851      93951      536        300        1  Right
3   4   500        5631       93851      94352      536        4500       1  Left 
0   10  100        5620       94352      94353      538        600        1  Right
2   8   500        5634       94352      94754      538        3500       1  Left 
0   2   100        5640       94754      94854      540        100        1  Right
1   4   500        5699       94754      95254      540        500        1  Right
3   15  500        5650       94754      95255      540        3000       1  Right
10  8   100        5682       95255      95355      543        200        1  Right
2   0   500        5667       94854      95356      541        500        1  Right
8   12  500        5699       95355      95856      544        2000       1  Right
6   0   500        5683       95356      95857      545        3500       1  Left 
14  8   100        5744       95856      95957      546        600        1  Right
0   2   100        5694       95857      95958      547        100        1  Right
0   2   100        5699       95958      96058      549        100        1  Right
3   4   100        5700       96058      96158      550        700        1  Right
4   3   100        5708       96158      96258      551        700        1  Right
1   4   100        5731       96258      96358      552        100        1  Right
8   15  500        5700       95957      96458      548        1500       1  Right
4   0   100        5733       96358      96458      553        200        1  Right
3   5   500        5729       96258      96759      552        1000       1  Right
12  3   100        5731       96759      96859      555        100        1  Right
6   2   500        5723       96458      96958      554        3000       1  Left 
8   10  500        5708       96458      96959      554        1000       1  Right
14  3   100        5748       96859      96961      556        300        1  Right
0   2   100        5755       96958      97058      557        100        1  Right
1   6   100        5732       96958      97059      557        400        1  Left 
1   6   100        5769       97059      97159      561        400        1  Left 
8   14  500        5790       96961      97463      559        3000       1  Right
3   15  100        5752       97463      97563      563        600        1  Right
1   2   500        5782       97159      97660      562        1000       1  Right
13  8   100        5833       97563      97663      564        400        1  Right
3   12  100        5811       97563      97664      564        100        1  Right
5   1   100        5760       97660      97762      565        600        1  Right
2   1   100        5761       97762      97862      568        200        1  Right
8   0   100        5812       97762      97863      568        800        1  Right
1   15  500        5791       97862      98363      569        1000       1  Left 
0   1   100        5761       98363      98463      571        300        1  Right
8   13  500        5874       98363      98864      571        2000       1  Right
4   1   500        5762       98463      98964      572        500        1  Right
15  1   100        5765       98964      99064      574        200        1  Left 
15  3   100        5775       99064      99164      575        600        1  Right
1   2   100        5796       99064      99165      575        200        1  Right
0   3   100        5783       99164      99265      576        500        1  Right
2   1   100        5801       99165      99266      577        200        1  Right
12  3   500        5825       99265      99766      578        500        1  Right
1   5   500        5804       99266      99767      579        3000       1  Right
12  3   100        5829       99766      99867      580        100        1  Right
3   2   100        5812       99867      99967      582        600        1  Right
3   12  100        5813       99967      100067     583        100        1  Right
6   1   500        5810       99767      100268     581        2000       1  Left 
15  1   100        5819       100268     100368     585        200        1  Left 
3   14  500        5854       100067     100568     584        1500       1  Right
13  3   100        5837       100568     100668     587        700        1  Right
1   2   500        5822       100368     100869     586        1000       1  Right
0   3   500        5851       100668     101169     588        2500       1  Right
3   14  100        5857       101169     101269     590        300        1  Right
2   1   500        5825       100869     101370     589        1000       1  Right
15  1   100        5832       101370     101470     592        200        1  Left 
1   6   100        5845       101470     101570     593        400        1  Left 
0   8   500        5868       101269     101770     591        4000       1  Right
14  3   100        5886       101770     101870     595        300        1  Right
1   15  500        5845       101570     102071     594        1000       1  Left 
12  1   100        5849       102071     102171     597        900        1  Left 
0   2   500        5880       101770     102271     595        500        1  Right
3   2   100        5882       102271     102371     599        600        1  Right
0   6   100        5922       102371     102471     599        900        1  Right
0   9   100        5922       102471     102571     600        100        1  Right
1   15  500        5858       102171     102672     598        1000       1  Left 
0   2   500        5945       102571     103072     601        500        1  Right
1   12  500        5880       102672     103173     603        4500       1  Left 
15  0   100        5834       103173     103273     605        500        1  Left 
3   12  100        5917       103173     103274     605        100        1  Right
15  1   100        5887       103273     103373     606        200        1  Left 
5   0   100        5844       103273     103374     606        300        1  Right
3   12  100        5919       103274     103376     607        100        1  Right
2   0   100        5845       103374     103474     609        100        1  Right
1   15  500        5913       103373     103874     608        1000       1  Left 
2   3   500        5903       103474     103975     611        3000       1  Right
2   0   100        5914       103975     104075     613        100        1  Right
1   12  500        5957       103975     104476     612        4500       1  Left 
12  0   100        5917       104476     104576     615        400        1  Right
8   2   100        5956       104476     104577     614        700        1  Left 
12  8   100        5919       104577     104677     617        400        1  Right
8   15  100        5956       104677     104777     617        300        1  Right
8   14  100        5956       104777     104877     618        600        1  Right
8   13  100        5956       104877     104977     619        400        1  Right
8   10  100        5956       104977     105077     620        200        1  Right
1   2   500        5992       104577     105078     616        1000       1  Right
12  1   100        5926       105078     105079     622        700        1  Right
2   1   100        5971       105079     105179     623        200        1  Right
3   13  500        5958       105077     105479     621        3500       1  Right
13  1   100        5988       105479     105579     625        100        1  Left 
2   0   500        5971       105179     105680     624        500        1  Right
12  3   500        5928       105479     105980     625        500        1  Right
1   13  500        6015       105579     106080     626        500        1  Left 
15  3   100        5941       105980     106081     628        600        1  Right
6   3   100        5955       106081     106181     630        400        1  Right
1   12  500        6024       106080     106581     628        3500       1  Right
3   6   500        5986       106181     106682     631        2000       1  Right
9   8   100        5963       106682     106782     633        700        1  Right
10  8   100        5981       106782     106783     634        200        1  Right
12  6   100        5990       106782     106784     634        1100       1  Left 
2   8   100        5989       106784     106884     636        700        1  Left 
12  1   100        5991       106884     106984     637        700        1  Right
13  8   100        5993       106884     106985     637        400        1  Right
12  0   100        5995       106984     107085     638        400        1  Right
6   1   100        6022       106985     107086     638        400        1  Left 
2   0   100        6015       107085     107185     640        100        1  Right
14  8   100        5995       107085     107186     640        600        1  Right
0   6   100        5998       107185     107286     642        700        1  Left 
8   12  100        6048       107186     107287     642        400        1  Right
0   4   100        6024       107286     107387     643        200        1  Right
8   12  100        6050       107287     107387     644        400        1  Right
0   2   100        6025       107387     107388     645        100        1  Right
1   6   500        6063       107286     107688     643        2000       1  Left 
0   1   100        6026       107688     107788     647        300        1  Right
8   9   500        6118       107387     107789     645        3500       1  Right
0   2   500        6041       107788     108287     648        500        1  Right
6   1   500        6027       107788     108288     648        2000       1  Left 
0   4   100        6067       108287     108388     650        200        1  Right
13  1   100        6041       108288     108388     651        100        1  Left 
15  8   100        5997       108288     108389     652        300        1  Right
13  1   100        6054       108388     108489     652        100        1  Left 
13  0   100        6056       108489     108589     654        400        1  Left 
2   0   100        6073       108589     108689     655        100        1  Right
12  8   500        6074       108389     108890     653        2000       1  Right
0   8   100        6085       108890     108990     657        800        1  Right
1   13  500        6067       108589     109090     655        500        1  Left 
6   0   100        6105       108990     109091     658        900        1  Right
2   1   100        6075       109090     109191     659        200        1  Right
3   0   100        6124       109091     109192     659        500        1  Right
1   13  500        6080       109191     109692     661        500        1  Left 
2   3   500        6090       109192     109693     662        3000       1  Right
4   1   100        6092       109692     109793     663        100        1  Right
0   10  100        6224       109693     109794     663        600        1  Right
1   2   100        6083       109793     109894     665        200        1  Right
0   11  100        6225       109794     109895     665        700        1  Right
0   12  100        6246       109895     109995     667        400        1  Right
1   2   500        6097       109894     110395     667        1000       1  Right
13  1   100        6115       110395     110495     670        100        1  Left 
8   2   100        6137       110395     110496     669        900        1  Right
8   2   100        6137       110496     110596     671        900        1  Right
13  8   100        6167       110596     110696     672        400        1  Right
1   4   500        6123       110495     110996     670        500        1  Right
2   1   500        6123       110996     111496     674        1000       1  Right
2   4   100        6124       111496     111596     675        100        1  Right
6   1   500        6137       111496     111997     675        2000       1  Left 
1   13  500        6141       111997     112497     677        500        1  Left 
6   12  500        6277       111997     112498     677        2500       1  Right
1   2   100        6145       112497     112598     678        200        1  Right
0   12  100        6327       112498     112598     679        400        1  Right
8   13  500        6208       112498     112999     679        2000       1  Right
4   2   500        6165       112598     113000     680        500        1  Right
8   0   100        6271       112999     113000     681        800        1  Right
1   6   100        6192       112999     113001     681        400        1  Left 
3   2   100        6192       113000     113101     682        600        1  Right
8   11  500        6286       113000     113501     682        500        1  Right
2   1   500        6173       113101     113602     684        1000       1  Right
1   5   100        6217       113602     113702     686        600        1  Right
3   15  500        6238       113501     114002     685        3000       1  Right
5   1   500        6255       113702     114203     687        3000       1  Right
3   10  500        6288       114002     114503     688        500        1  Right
6   0   500        6299       114203     114704     689        3500       1  Left 
2   3   100        6183       114704     114804     691        600        1  Right
2   8   500        6186       114804     115304     692        3500       1  Left 
2   8   500        6213       115304     115804     693        3500       1  Left 
13  3   100        6245       115804     115904     694        700        1  Right
11  8   100        6255       115904     116004     695        100        1  Right
10  3   100        6257       115904     116005     695        100        1  Right
1   0   500        6309       115804     116305     694        1500       1  Right
12  1   100        6315       116305     116405     698        900        1  Left 
11  1   100        6321       116405     116505     699        600        1  Left 
10  1   100        6323       116505     116605     700        700        1  Left 
2   0   500        6312       116305     116805     698        500        1  Right
1   12  500        6346       116605     117106     701        4500       1  Left 
4   0   500        6329       116805     117306     702        1000       1  Right
0   2   100        6337       117306     117406     704        100        1  Right
2   4   100        6376       117406     117506     705        100        1  Right
1   11  500        6357       117106     117607     703        3000       1  Left 
1   10  500        6364       117607     118107     707        3500       1  Left 
0   8   100        6368       118107     118108     708        800        1  Right
2   6   100        6377       118107     118109     708        600        1  Left 
0   5   100        6369       118108     118209     709        300        1  Right
12  1   100        6375       118109     118210     710        900        1  Left 
0   2   100        6386       118209     118310     711        100        1  Right
1   12  500        6406       118210     118711     712        4500       1  Left 
0   15  100        6387       118711     118811     714        500        1  Left 
11  0   100        6393       118811     118911     715        700        1  Right
15  2   100        6397       118811     118912     715        400        1  Left 
2   6   100        6399       118912     119012     717        600        1  Left 
11  1   100        6404       119012     119112     718        600        1  Left 
11  0   100        6406       119112     119212     719        700        1  Right
10  0   100        6409       119212     119312     720        600        1  Right
5   1   100        6411       119312     119412     721        1000       1  Left 
4   2   500        6410       119012     119513     718        500        1  Right
