
168
C:/Users/nxconrad/Desktop/REU 2.0/Benchmark Data/16-core/7/flow_freqmine100#1.txt
759
[1, 4, 11, 7, 6, 5, 15, 14, 8, 10, 3, 2, 13, 9, 12, 0]
8   0   100        0          2          102        0          700        1  Right
0   8   500        317        319        819        0          3500       1  Right
8   1   100        376        819        919        1          800        1  Right
1   8   500        678        919        1419       1          4000       1  Right
8   1   100        725        1419       1420       2          800        1  Right
3   0   100        1001       1419       1421       0          500        1  Right
6   0   100        1002       1421       1521       2          500        1  Left 
5   0   100        1003       1521       1621       3          600        1  Left 
9   0   100        1003       1621       1721       4          200        1  Right
1   0   100        1004       1721       1821       5          100        1  Left 
15  0   100        1004       1821       1921       6          700        1  Left 
12  0   100        1005       1921       2021       7          100        1  Right
1   8   500        1027       1921       2422       7          4000       1  Right
14  0   100        1006       2422       2522       9          800        1  Right
10  0   100        1006       2522       2622       10         600        1  Right
11  0   100        1007       2622       2722       11         300        1  Left 
4   0   100        1008       2722       2822       12         200        1  Left 
13  0   100        1008       2822       2922       13         300        1  Right
7   0   100        1010       2922       3022       14         400        1  Left 
2   0   100        1012       3022       3122       15         400        1  Right
0   15  500        1025       3122       3622       16         3500       1  Left 
0   1   500        1025       3622       4122       17         500        1  Left 
0   14  500        1032       4122       4622       18         4000       1  Right
0   2   500        1038       4622       5122       19         2000       1  Right
15  0   100        1042       5122       5222       20         700        1  Left 
0   13  500        1052       5222       5722       21         1500       1  Right
0   12  500        1052       5722       6222       22         500        1  Right
1   0   100        1053       6222       6322       23         100        1  Left 
14  0   100        1069       6322       6422       24         800        1  Right
0   4   500        1075       6422       6922       25         1000       1  Left 
0   5   500        1075       6922       7422       26         3000       1  Left 
8   0   100        1077       7422       7522       27         700        1  Right
8   1   100        1079       7522       7622       28         800        1  Right
8   0   100        1080       7622       7722       29         700        1  Right
2   0   100        1086       7722       7822       30         400        1  Right
13  0   100        1102       7822       7922       31         300        1  Right
12  0   100        1118       7922       8022       32         100        1  Right
1   8   500        1379       7722       8223       30         4000       1  Right
0   11  500        1097       8223       8723       34         1500       1  Left 
0   6   500        1097       8723       9223       35         2500       1  Left 
0   10  500        1119       9223       9723       36         3000       1  Right
0   9   500        1119       9723       10223      37         1000       1  Right
4   0   100        1129       10223      10323      38         200        1  Left 
0   7   500        1141       10323      10823      39         2000       1  Left 
5   0   100        1145       10823      10923      40         600        1  Left 
11  0   100        1156       10923      11023      41         300        1  Left 
6   0   100        1172       11023      11123      42         500        1  Left 
10  0   100        1183       11123      11223      43         600        1  Right
9   0   100        1199       11223      11323      44         200        1  Right
7   0   100        1210       11323      11423      45         400        1  Left 
0   3   500        1319       11423      11923      46         2500       1  Right
0   1   100        1340       11923      12023      47         100        1  Left 
3   1   100        1353       12023      12123      48         600        1  Left 
0   7   500        1356       12123      12623      49         2000       1  Left 
7   1   100        1410       12623      12723      50         300        1  Right
0   9   500        1356       12623      13123      50         1000       1  Right
0   10  500        1357       13123      13623      52         3000       1  Right
0   6   500        1357       13623      14123      53         2500       1  Left 
8   6   100        1542       14123      14223      50         400        1  Right
0   11  500        1378       14123      14623      54         1500       1  Left 
0   5   500        1378       14623      15123      56         3000       1  Left 
0   4   500        1400       15123      15623      57         1000       1  Left 
9   1   100        1421       15623      15624      55         1300       1  Right
10  1   100        1438       15624      15724      56         900        1  Right
0   12  500        1400       15623      16024      58         500        1  Right
0   13  500        1422       16024      16524      58         1500       1  Right
0   2   500        1422       16524      17024      59         2000       1  Right
0   14  500        1444       17024      17524      60         4000       1  Right
0   1   500        1444       17524      18024      61         500        1  Left 
6   1   100        1449       18024      18025      62         400        1  Right
11  1   100        1455       18025      18125      63         200        1  Right
5   1   100        1466       18125      18126      64         500        1  Right
4   1   100        1472       18126      18226      65         100        1  Right
0   15  500        1466       18024      18327      62         4500       1  Right
0   8   100        1466       18327      18427      67         700        1  Right
0   8   100        1466       18427      18527      68         700        1  Right
12  1   100        1483       18527      18627      69         200        1  Left 
13  1   100        1489       18627      18727      70         400        1  Left 
2   1   100        1493       18727      18827      71         500        1  Left 
14  1   100        1504       18827      18927      72         700        1  Right
15  1   100        1512       18927      19027      73         600        1  Right
8   1   100        1546       19027      19127      73         800        1  Right
1   0   500        1612       19127      19627      74         500        1  Left 
1   15  500        1627       19627      20127      74         3000       1  Right
1   14  500        1627       20127      20627      75         3500       1  Right
1   13  500        1628       20627      21127      76         2000       1  Left 
0   1   100        1631       21127      21227      77         100        1  Left 
1   0   100        1633       21227      21327      78         100        1  Left 
1   2   500        1640       21327      21827      79         2500       1  Left 
1   12  500        1640       21827      22327      80         1000       1  Left 
15  0   100        1651       22327      22427      81         700        1  Left 
14  0   100        1657       22427      22527      82         800        1  Right
13  0   100        1673       22527      22627      83         300        1  Right
2   0   100        1682       22627      22727      84         400        1  Right
12  0   100        1703       22727      22827      85         100        1  Right
1   4   500        1662       22427      22928      82         500        1  Right
1   5   500        1662       22928      23428      87         2500       1  Right
1   11  500        1685       23428      23928      88         1000       1  Right
1   6   500        1685       23928      24428      89         2000       1  Right
8   6   100        1841       24428      24528      88         400        1  Right
1   10  500        1707       24428      24928      90         3500       1  Left 
1   9   500        1707       24928      25428      92         1500       1  Left 
4   0   100        1714       25428      25528      93         200        1  Left 
4   1   100        1724       25528      25628      93         100        1  Right
5   0   100        1730       25528      25629      93         1000       1  Right
0   6   100        1935       25629      25630      93         1100       1  Right
0   15  100        1959       25630      25730      94         900        1  Right
1   7   500        1729       25628      26030      94         1500       1  Right
5   1   100        1730       26030      26130      98         500        1  Right
12  1   100        1735       26130      26230      99         200        1  Left 
1   3   500        1740       26230      26730      100        3000       1  Left 
11  0   100        1741       26730      26830      101        300        1  Left 
13  1   100        1741       26830      26930      102        400        1  Left 
11  1   100        1741       26930      26931      103        200        1  Right
6   0   100        1757       26930      26932      103        1100       1  Right
2   1   100        1745       26932      27032      105        500        1  Left 
14  1   100        1756       27032      27033      106        700        1  Right
10  0   100        1768       27032      27034      106        600        1  Right
6   1   100        1757       27033      27134      107        400        1  Right
9   0   100        1784       27034      27135      108        200        1  Right
15  1   100        1764       27134      27235      109        600        1  Right
3   0   100        1786       27135      27236      110        500        1  Right
10  1   100        1768       27235      27237      111        900        1  Right
3   0   100        1788       27236      27238      112        500        1  Right
9   1   100        1784       27238      27338      114        300        1  Left 
7   0   100        1795       27338      27438      115        400        1  Left 
7   1   100        1795       27438      27538      116        300        1  Right
6   8   500        1819       27237      27738      113        2000       1  Right
8   1   100        1847       27738      27838      117        800        1  Right
1   8   500        1848       27838      28338      118        4000       1  Right
1   8   500        1898       28338      28838      119        4000       1  Right
8   0   100        1947       28838      28938      119        700        1  Right
15  6   100        1967       28838      28939      119        200        1  Right
0   1   100        1968       28938      29039      120        100        1  Left 
3   1   100        2125       29039      29139      121        600        1  Left 
6   8   500        2118       28939      29440      120        2000       1  Right
0   14  100        1970       29440      29540      124        800        1  Right
1   6   100        1976       29440      29541      124        400        1  Right
0   13  100        1991       29540      29641      125        300        1  Right
14  6   100        1984       29541      29642      126        300        1  Right
0   2   100        1995       29641      29742      127        400        1  Right
2   6   100        2008       29742      29842      129        700        1  Right
13  6   100        2009       29842      29942      130        800        1  Right
1   0   500        2024       29742      30243      128        500        1  Left 
0   12  100        2026       30243      30343      131        100        1  Right
1   7   500        2039       30243      30344      131        1500       1  Right
6   0   500        2232       30343      30444      132        5500       1  Right
0   4   100        2037       30444      30544      134        200        1  Left 
1   9   500        2039       30544      31044      135        1500       1  Left 
1   10  500        2040       31044      31544      136        3500       1  Left 
0   5   100        2060       31544      31545      137        1000       1  Right
1   6   500        2040       31544      31945      137        2000       1  Right
12  6   100        2049       31945      32045      139        600        1  Left 
1   15  500        2062       32045      32545      140        3000       1  Right
1   11  500        2062       32545      33045      141        1000       1  Right
4   6   100        2068       33045      33145      142        300        1  Right
1   14  500        2085       33045      33546      142        4500       1  Left 
0   11  100        2069       33546      33646      144        300        1  Left 
0   6   100        2090       33646      33746      145        500        1  Left 
0   10  100        2101       33746      33846      146        600        1  Right
0   3   100        2107       33846      33946      147        500        1  Right
0   9   100        2122       33946      34046      148        200        1  Right
1   5   500        2096       33746      34246      146        2500       1  Right
5   6   100        2101       34246      34346      150        100        1  Right
11  6   100        2113       34346      34446      151        200        1  Right
10  6   100        2137       34446      34546      152        500        1  Right
1   13  500        2096       34246      34746      150        2000       1  Left 
1   2   500        2119       34746      35246      154        2500       1  Left 
9   6   100        2163       35246      35346      155        900        1  Right
7   6   100        2177       35346      35446      156        100        1  Right
3   6   100        2254       35446      35546      157        600        1  Right
1   12  500        2119       35246      35746      155        1000       1  Left 
0   7   100        2133       35746      35846      159        400        1  Left 
0   3   100        2236       35846      35946      160        500        1  Right
0   8   100        2410       35946      36046      161        700        1  Right
0   8   100        2583       36046      36146      160        700        1  Right
1   4   500        2142       35846      36346      160        500        1  Right
6   1   500        2268       36346      36846      164        2000       1  Right
1   0   100        2310       36846      36946      165        100        1  Left 
1   0   100        2314       36946      37046      166        100        1  Left 
6   15  500        2280       36846      37346      165        1000       1  Right
1   3   500        2427       37046      37547      166        3000       1  Left 
8   1   100        2453       37547      37647      168        800        1  Left 
6   14  500        2313       37346      37847      168        1500       1  Right
1   8   500        2755       37647      38148      166        4000       1  Left 
6   2   500        2323       38148      38648      172        3500       1  Right
15  0   100        2332       38648      38748      173        700        1  Left 
15  0   100        2336       38748      38848      174        700        1  Left 
6   13  500        2345       38848      39348      175        4000       1  Right
14  0   100        2360       39348      39448      176        800        1  Right
2   0   100        2361       39448      39548      177        400        1  Right
14  0   100        2364       39548      39648      178        800        1  Right
2   0   100        2365       39648      39748      179        400        1  Right
14  8   100        2896       39648      39749      174        100        1  Right
6   12  500        2378       39748      40249      180        3000       1  Left 
13  0   100        2387       40249      40349      182        300        1  Right
13  0   100        2391       40349      40449      183        300        1  Right
12  0   100        2415       40449      40549      184        100        1  Right
12  0   100        2419       40549      40649      185        100        1  Right
6   4   500        2400       40249      40750      182        1500       1  Right
4   0   100        2427       40750      40850      186        200        1  Left 
4   0   100        2431       40850      40950      187        200        1  Left 
3   4   100        2455       40950      41050      188        700        1  Left 
3   4   100        2756       41050      41150      186        700        1  Left 
6   5   500        2422       40750      41250      186        500        1  Right
5   0   100        2444       41250      41350      191        1000       1  Right
5   0   100        2448       41350      41450      192        1000       1  Right
6   11  500        2433       41250      41750      191        1000       1  Right
6   0   100        2463       41750      41850      194        500        1  Left 
11  0   100        2465       41850      41950      195        300        1  Left 
6   0   100        2467       41950      42050      196        500        1  Left 
11  0   100        2469       42050      42150      197        300        1  Left 
6   10  500        2488       42050      42551      197        2500       1  Right
6   9   500        2510       42551      43051      199        3500       1  Left 
10  0   100        2515       43051      43151      200        600        1  Right
10  0   100        2519       43151      43251      201        600        1  Right
9   0   100        2532       43251      43351      201        200        1  Right
9   0   100        2536       43351      43451      202        200        1  Right
6   7   500        2521       43051      43552      199        500        1  Right
7   0   100        2543       43552      43652      204        400        1  Left 
7   0   100        2547       43652      43752      205        400        1  Left 
6   3   500        2554       43552      44053      204        3000       1  Right
0   3   100        2587       44053      44153      207        500        1  Right
4   3   500        2737       44153      44653      206        3500       1  Left 
3   0   100        2757       44653      44753      207        500        1  Right
8   0   100        2808       44753      44853      208        700        1  Right
3   0   500        2879       44853      45353      208        2500       1  Right
0   14  100        2883       45353      45453      209        800        1  Right
0   14  100        2887       45453      45553      210        800        1  Right
14  3   100        2900       45553      45653      211        300        1  Right
0   1   100        2970       45553      45654      210        100        1  Left 
4   3   500        3042       45653      46154      210        4500       1  Right
14  1   100        3228       46154      46155      211        700        1  Right
8   0   500        2910       46154      46555      214        3500       1  Right
8   0   100        2942       46555      46655      215        700        1  Right
0   8   100        2985       46655      46755      216        700        1  Right
3   2   100        3066       46755      46855      216        100        1  Right
0   3   100        3077       46855      46955      217        500        1  Right
3   6   100        3095       46955      47055      218        1000       1  Left 
8   14  500        3041       46755      47255      216        500        1  Right
0   8   500        3125       47255      47755      219        3500       1  Right
8   0   100        3181       47755      47855      220        700        1  Right
0   13  100        3185       47855      47955      221        300        1  Right
0   13  100        3189       47955      48055      222        300        1  Right
3   14  500        3192       47855      48356      221        1500       1  Right
13  8   100        3203       48356      48456      224        400        1  Right
1   0   500        3242       48055      48556      223        500        1  Left 
13  3   100        3207       48456      48557      225        200        1  Right
0   1   100        3274       48556      48657      226        100        1  Left 
3   14  100        3233       48557      48658      227        300        1  Right
13  1   100        3313       48657      48758      228        400        1  Left 
14  3   100        3251       48658      48759      229        300        1  Right
0   5   100        3498       48758      48859      230        600        1  Left 
8   13  500        3244       48759      49260      231        2000       1  Right
1   14  500        3515       48859      49360      232        3500       1  Right
3   13  500        3282       49260      49761      233        1000       1  Right
0   8   500        3498       49360      49861      234        4500       1  Left 
0   11  100        3499       49861      49961      236        300        1  Left 
5   8   100        3526       49861      49962      236        300        1  Right
2   3   500        3338       49761      50262      235        500        1  Right
8   5   500        3557       49962      50462      238        1500       1  Right
1   13  500        3530       49961      50463      237        2000       1  Left 
3   6   100        3358       50462      50563      240        600        1  Right
3   1   100        3359       50563      50663      242        600        1  Left 
6   3   500        3377       50663      51163      243        3000       1  Right
14  0   100        3537       51163      51263      244        800        1  Right
11  3   100        3540       51263      51363      245        800        1  Right
1   0   500        3546       51263      51764      245        500        1  Left 
13  0   100        3557       51764      51864      247        300        1  Right
8   1   100        3560       51764      51865      247        800        1  Right
0   1   100        3568       51865      51965      249        100        1  Left 
0   2   100        3580       51965      51966      250        400        1  Right
1   3   500        3638       51965      52367      249        5000       1  Right
0   1   100        3800       52367      52467      251        100        1  Left 
0   7   100        3801       52467      52567      252        400        1  Left 
6   3   500        3640       52367      52867      251        3000       1  Right
3   2   100        3676       52867      52967      254        100        1  Right
1   8   100        3808       52867      52968      254        800        1  Right
3   11  500        3827       52968      53468      256        4000       1  Right
1   0   500        3840       52968      53469      256        500        1  Left 
7   3   100        3841       53468      53569      257        700        1  Right
2   0   500        3857       53469      53970      258        2000       1  Right
8   1   500        3862       53569      53971      259        4000       1  Right
0   3   100        3863       53970      53972      260        500        1  Right
1   8   500        3870       53971      54472      261        4000       1  Right
0   14  100        3868       54472      54572      263        800        1  Right
3   11  100        3877       54572      54672      264        800        1  Right
14  1   100        3881       54672      54673      265        700        1  Right
8   0   100        3924       54672      54674      265        700        1  Right
11  3   100        3890       54674      54774      267        800        1  Right
3   7   500        3916       54774      55274      268        3500       1  Right
2   3   500        3948       55274      55774      269        500        1  Right
0   8   500        3980       55274      55775      269        4500       1  Left 
3   6   100        3975       55775      55875      271        600        1  Right
3   5   100        4000       55875      55975      272        500        1  Right
8   0   100        4042       55975      56075      273        700        1  Right
8   1   100        4044       56075      56175      274        800        1  Right
1   3   100        4096       56175      56275      275        600        1  Left 
15  8   100        4110       56175      56276      275        200        1  Right
1   3   100        4113       56275      56376      276        600        1  Left 
0   15  100        4102       56376      56476      278        700        1  Left 
0   1   100        4104       56476      56576      279        100        1  Left 
3   1   100        4109       56576      56676      280        600        1  Left 
3   0   100        4139       56676      56776      280        500        1  Right
8   15  500        4161       56476      56977      278        1000       1  Right
3   0   500        4155       56776      56978      281        2500       1  Right
0   3   100        4157       56978      56979      283        500        1  Right
0   13  100        4171       56979      57079      284        300        1  Right
1   8   500        4135       56977      57080      282        4000       1  Right
1   14  500        4153       57080      57580      286        3500       1  Right
8   4   100        4188       57580      57581      287        700        1  Right
3   1   500        4188       57580      57582      287        3000       1  Left 
4   8   500        4224       57581      57682      288        3500       1  Right
13  1   100        4189       57582      57683      289        400        1  Left 
0   1   100        4222       57683      57783      291        100        1  Left 
6   3   500        4257       57682      58183      290        3000       1  Right
1   14  100        4223       58183      58184      293        700        1  Right
0   8   100        4268       58183      58185      293        700        1  Right
14  1   100        4231       58184      58285      294        700        1  Right
1   0   100        4240       58285      58385      296        100        1  Left 
5   3   500        4283       58285      58786      296        2500       1  Right
1   0   500        4243       58385      58886      297        500        1  Left 
1   13  500        4252       58886      59386      299        2000       1  Left 
1   0   100        4253       59386      59486      300        100        1  Left 
0   1   100        4275       59486      59586      301        100        1  Left 
1   0   500        4296       59586      60086      302        500        1  Left 
1   3   100        4298       60086      60186      303        600        1  Left 
3   1   100        4307       60186      60286      304        600        1  Left 
0   6   100        4316       60286      60386      305        500        1  Left 
0   1   100        4317       60386      60486      306        100        1  Left 
8   1   100        4324       60486      60586      307        800        1  Right
8   5   100        4324       60586      60686      308        300        1  Right
8   15  100        4324       60686      60786      309        200        1  Right
8   14  100        4324       60786      60886      310        100        1  Right
8   13  100        4324       60886      60986      311        400        1  Right
1   8   100        4333       60986      61086      312        800        1  Right
5   8   100        4345       61086      61186      313        300        1  Right
1   0   500        4340       61086      61586      313        500        1  Left 
1   8   100        4362       61586      61686      315        800        1  Right
13  8   100        4364       61686      61786      316        400        1  Right
14  8   100        4366       61786      61886      317        100        1  Right
15  8   100        4368       61886      61986      318        200        1  Right
8   1   100        4371       61986      62086      319        800        1  Right
0   8   100        4385       62086      62186      320        700        1  Right
0   2   100        4404       62186      62286      321        400        1  Right
15  3   100        4415       62186      62287      321        400        1  Right
0   15  100        4406       62287      62387      323        700        1  Left 
2   8   100        4417       62287      62388      323        300        1  Right
15  1   100        4494       62387      62389      324        600        1  Right
8   0   100        4419       62388      62390      325        700        1  Right
8   6   100        4428       62390      62490      327        400        1  Right
8   4   100        4440       62490      62491      328        700        1  Right
8   6   100        4441       62491      62591      329        400        1  Right
1   3   500        4422       62390      62592      327        3000       1  Left 
3   0   100        4450       62592      62692      331        500        1  Right
4   8   500        4476       62591      62893      330        3500       1  Right
3   15  500        4451       62893      63393      333        2000       1  Right
6   3   100        4454       63393      63493      334        600        1  Right
0   3   500        4462       63493      63993      335        2500       1  Right
1   15  500        4520       63493      63994      335        3000       1  Right
8   0   100        4463       63993      64094      336        700        1  Right
3   6   100        4472       64094      64194      338        600        1  Right
0   3   500        4481       64194      64694      339        2500       1  Right
0   8   500        4506       64694      65194      340        3500       1  Right
3   0   100        4512       65194      65294      341        500        1  Right
6   8   500        4513       65194      65695      341        2000       1  Right
0   3   500        4552       65294      65795      342        2500       1  Right
8   2   100        4515       65795      65895      344        300        1  Right
15  0   100        4547       65795      65896      344        700        1  Left 
0   1   100        4552       65896      65996      346        100        1  Left 
0   1   100        4573       65996      66096      347        100        1  Left 
2   8   500        4561       65895      66396      345        1500       1  Right
8   2   500        4570       66396      66896      349        1500       1  Right
1   2   100        4581       66896      66996      350        500        1  Left 
3   5   100        4588       66896      66997      350        500        1  Right
2   0   100        4602       66996      66998      351        400        1  Right
0   2   100        4622       66998      66999      352        400        1  Right
3   1   500        4594       66997      67300      352        5000       1  Right
8   6   100        4606       67300      67400      355        400        1  Right
0   1   100        4625       67300      67401      354        100        1  Left 
6   0   500        4613       67401      67901      357        2500       1  Left 
1   8   100        4646       67901      68001      357        800        1  Right
2   1   500        4648       68001      68501      358        2500       1  Left 
0   1   100        4661       68501      68601      359        100        1  Left 
2   3   100        4722       68501      68602      359        100        1  Right
1   8   100        4679       68601      68702      360        800        1  Right
1   0   500        4682       68702      69202      362        500        1  Left 
6   8   500        4720       68702      69203      362        2000       1  Right
12  8   100        4729       69203      69303      364        600        1  Right
1   0   500        4722       69202      69703      363        500        1  Left 
8   1   100        4684       69703      69803      366        800        1  Right
0   1   100        4701       69803      69903      367        100        1  Left 
0   12  100        4706       69903      70003      368        100        1  Right
0   2   100        4708       70003      70103      369        400        1  Right
8   1   500        4730       69903      70404      368        4000       1  Right
3   2   500        4743       70103      70604      370        500        1  Right
1   0   500        4735       70404      70905      371        500        1  Left 
8   12  500        4765       70604      71105      372        3000       1  Right
8   1   100        4768       71105      71205      374        800        1  Right
2   1   100        4768       71205      71305      375        500        1  Left 
0   1   100        4789       71305      71405      376        100        1  Left 
1   2   500        4789       71405      71905      377        2500       1  Left 
2   0   100        4810       71905      72005      378        400        1  Right
1   8   100        4810       71905      72006      378        800        1  Right
2   1   100        4821       72006      72106      380        500        1  Left 
2   0   100        4823       72106      72107      381        400        1  Right
1   3   100        4827       72106      72108      381        1000       1  Right
3   1   100        4840       72108      72208      383        600        1  Left 
1   2   500        4842       72208      72708      384        2500       1  Left 
5   3   500        4865       72208      72709      384        2500       1  Right
8   1   100        4848       72709      72809      386        800        1  Right
0   15  100        4855       72809      72909      387        700        1  Left 
15  1   100        4863       72909      73009      388        600        1  Right
2   1   100        4864       73009      73109      389        500        1  Left 
2   3   100        4908       73109      73209      390        100        1  Right
1   8   500        4866       73109      73609      390        4000       1  Right
1   0   100        4873       73609      73709      392        100        1  Left 
1   8   100        4875       73709      73809      393        800        1  Right
6   8   500        4883       73809      74309      394        2000       1  Right
1   2   500        4885       73809      74310      394        2500       1  Left 
12  8   100        4960       74310      74410      396        600        1  Right
2   8   100        4967       74410      74510      397        300        1  Right
12  3   100        5035       74510      74610      398        400        1  Right
1   15  500        4889       74310      74810      396        3000       1  Right
1   0   500        4899       74810      75310      400        500        1  Left 
1   6   100        4903       75310      75410      401        400        1  Right
1   0   100        4908       75410      75510      402        100        1  Left 
3   1   100        4910       75510      75610      403        600        1  Left 
3   1   100        4910       75610      75710      404        600        1  Left 
8   0   100        4931       75710      75810      405        700        1  Right
8   2   100        4931       75810      75910      406        300        1  Right
0   6   100        4958       75810      75911      406        500        1  Left 
8   12  100        4931       75910      76011      407        600        1  Right
0   1   100        4962       75911      76012      408        100        1  Left 
8   2   100        4932       76011      76112      409        300        1  Right
1   0   500        4983       76012      76513      410        500        1  Left 
0   8   100        4974       76513      76613      412        700        1  Right
0   4   100        5006       76613      76713      413        200        1  Left 
2   8   500        4986       76613      77113      413        1500       1  Right
6   0   500        5006       76713      77214      414        2500       1  Left 
0   4   100        5008       77214      77314      416        200        1  Left 
0   12  100        5010       77314      77414      417        100        1  Right
8   1   100        5030       77314      77415      417        800        1  Right
8   6   100        5039       77415      77515      419        400        1  Right
8   5   100        5064       77515      77615      420        300        1  Right
3   12  500        5056       77414      77915      418        2000       1  Right
4   0   500        5042       77415      77917      419        1000       1  Left 
4   8   100        5043       77917      78017      423        700        1  Right
12  1   100        5081       77917      78018      423        200        1  Left 
5   8   500        5095       78017      78518      424        1500       1  Right
1   12  500        5112       78018      78519      425        1000       1  Left 
8   1   100        5089       78519      78619      427        800        1  Right
0   2   100        5137       78519      78620      426        400        1  Right
12  0   100        5143       78620      78720      428        100        1  Right
0   2   100        5157       78720      78820      429        400        1  Right
1   8   500        5127       78619      79120      427        4000       1  Right
12  1   100        5154       79120      79220      431        200        1  Left 
12  0   100        5156       79220      79320      432        100        1  Right
3   2   500        5190       78820      79321      430        500        1  Right
0   1   100        5185       79320      79420      433        100        1  Left 
8   4   500        5186       79120      79622      431        3500       1  Right
2   8   100        5182       79622      79722      436        300        1  Right
14  8   100        5201       79722      79822      437        100        1  Right
1   12  500        5185       79420      79921      435        1000       1  Left 
8   2   500        5228       79822      80323      437        1500       1  Right
6   1   500        5210       79921      80422      439        2000       1  Right
3   0   100        5219       80323      80424      440        500        1  Right
8   14  500        5247       80323      80824      439        500        1  Right
8   5   100        5315       80824      80924      442        300        1  Right
1   3   500        5187       80424      80925      442        3000       1  Left 
1   3   500        5198       80925      81425      445        3000       1  Left 
12  1   100        5217       81425      81525      446        200        1  Left 
0   1   100        5229       81525      81625      446        100        1  Left 
12  8   100        5279       81525      81626      446        600        1  Right
0   4   100        5258       81625      81726      447        200        1  Left 
13  8   100        5307       81626      81727      448        400        1  Right
1   12  500        5248       81726      82227      449        1000       1  Left 
6   8   500        5316       81727      82228      450        2000       1  Right
3   0   100        5235       82227      82328      451        500        1  Right
0   6   100        5259       82328      82329      453        500        1  Left 
12  3   100        5350       82328      82330      453        400        1  Right
5   8   500        5346       82228      82630      452        1500       1  Right
4   0   500        5294       82329      82831      454        1000       1  Left 
1   0   100        5297       82831      82931      457        100        1  Left 
8   12  500        5315       82630      83131      456        3000       1  Right
0   1   500        5318       82931      83432      458        500        1  Left 
0   6   100        5318       83432      83532      460        500        1  Left 
8   13  500        5348       83131      83632      459        2000       1  Right
0   4   100        5318       83532      83633      461        200        1  Left 
15  8   100        5363       83632      83733      462        200        1  Right
0   2   100        5333       83633      83734      463        400        1  Right
4   3   100        5355       83733      83834      464        900        1  Right
1   0   100        5339       83734      83835      465        100        1  Left 
13  3   100        5390       83834      83934      466        200        1  Right
6   8   100        5365       83834      83935      466        400        1  Right
2   1   100        5342       83934      84035      468        500        1  Left 
3   15  100        5371       83935      84036      469        400        1  Right
3   14  100        5371       84036      84136      471        300        1  Right
3   13  100        5371       84136      84236      472        200        1  Right
14  3   100        5392       84236      84336      473        300        1  Right
15  3   100        5394       84336      84436      474        400        1  Right
0   1   500        5360       84035      84536      470        500        1  Left 
3   12  100        5430       84436      84537      475        400        1  Right
0   6   100        5386       84536      84637      476        500        1  Left 
2   0   500        5361       84637      85137      478        2000       1  Right
8   6   500        5391       84637      85138      478        2000       1  Right
1   2   500        5363       85137      85638      479        2500       1  Left 
2   0   100        5386       85638      85738      481        400        1  Right
2   8   100        5388       85738      85838      482        300        1  Right
1   0   100        5405       85738      85839      482        100        1  Left 
6   8   100        5454       85838      85939      483        400        1  Right
2   1   100        5395       85839      85940      484        500        1  Left 
4   8   100        5461       85939      86040      485        700        1  Right
1   2   500        5416       85940      86441      486        2500       1  Left 
8   1   100        5396       86441      86541      488        800        1  Right
8   1   100        5396       86541      86641      489        800        1  Right
8   15  500        5414       86641      87141      490        1000       1  Right
0   1   500        5426       86641      87142      490        500        1  Left 
8   1   100        5435       87142      87242      492        800        1  Right
8   4   100        5435       87242      87342      493        700        1  Right
8   6   100        5435       87342      87442      494        400        1  Right
8   15  100        5435       87442      87542      495        200        1  Right
2   6   100        5436       87442      87543      495        900        1  Left 
8   14  100        5435       87542      87643      496        100        1  Right
2   1   100        5437       87543      87644      497        500        1  Left 
8   13  100        5435       87644      87744      499        400        1  Right
8   12  100        5435       87744      87844      500        600        1  Right
2   0   100        5441       87844      87845      501        400        1  Right
3   1   100        5469       87844      87846      501        1000       1  Right
0   12  100        5466       87845      87946      502        100        1  Right
3   1   100        5472       87846      87947      503        1000       1  Right
0   12  100        5480       87946      88047      504        100        1  Right
4   1   500        5510       87947      88448      505        500        1  Right
2   12  500        5529       88047      88548      506        1500       1  Right
1   0   100        5453       88448      88549      507        100        1  Left 
1   3   100        5453       88549      88649      509        600        1  Left 
1   3   100        5456       88649      88749      510        600        1  Left 
1   2   500        5460       88749      89249      511        2500       1  Left 
1   8   100        5473       89249      89250      512        800        1  Right
1   4   100        5479       89250      89350      513        100        1  Right
0   3   500        5528       89249      89651      512        2500       1  Right
12  8   100        5476       89651      89751      515        600        1  Right
0   1   100        5586       89651      89752      515        100        1  Left 
13  8   100        5478       89751      89852      516        400        1  Right
4   1   100        5666       89752      89853      517        100        1  Right
12  2   100        5503       89852      89952      518        300        1  Right
14  8   100        5480       89852      89953      518        100        1  Right
15  8   100        5482       89953      90053      521        200        1  Right
1   8   500        5495       90053      90553      522        4000       1  Right
1   8   500        5498       90553      91053      523        4000       1  Right
8   2   100        5533       91053      91153      524        300        1  Right
8   0   100        5543       91153      91253      525        700        1  Right
12  8   100        5565       91253      91353      526        600        1  Right
15  8   100        5573       91353      91453      527        200        1  Right
15  3   100        5577       91453      91553      528        400        1  Right
6   0   500        5558       91253      91753      526        2500       1  Left 
12  3   500        5621       91553      91754      529        2000       1  Right
0   8   500        5615       91753      91954      530        4500       1  Left 
3   0   100        5559       91954      92054      532        500        1  Right
8   0   100        5559       92054      92154      533        700        1  Right
8   2   100        5601       92154      92254      534        300        1  Right
3   12  100        5613       92254      92354      535        400        1  Right
1   0   500        5607       92154      92655      534        500        1  Left 
3   4   500        5631       92354      92855      536        4500       1  Right
0   5   100        5620       92855      92955      538        600        1  Left 
2   8   500        5634       92855      93356      538        1500       1  Right
1   4   500        5699       92955      93456      539        500        1  Right
0   10  100        5620       93356      93457      540        600        1  Right
0   2   100        5640       93457      93557      542        400        1  Right
3   15  500        5650       93457      93958      542        2000       1  Right
2   0   500        5667       93557      94058      543        2000       1  Right
5   3   100        5674       93958      94059      544        500        1  Right
10  8   100        5682       94059      94159      546        100        1  Right
6   0   500        5683       94058      94559      545        2500       1  Left 
5   1   100        5760       94559      94659      547        500        1  Right
8   12  500        5699       94159      94660      547        3000       1  Right
0   2   100        5694       94660      94760      550        400        1  Right
0   2   100        5699       94760      94860      551        400        1  Right
3   4   100        5700       94860      94960      552        700        1  Left 
4   3   100        5708       94960      95060      553        700        1  Left 
8   15  500        5700       94660      95161      550        1000       1  Right
6   2   500        5723       95060      95561      553        4500       1  Left 
8   10  500        5708       95161      95662      555        500        1  Right
14  8   100        5744       95662      95762      556        100        1  Right
3   5   500        5729       95561      96062      555        5500       1  Left 
12  3   100        5731       96062      96162      558        400        1  Right
1   4   100        5731       96062      96163      558        100        1  Right
8   14  500        5790       95762      96263      557        500        1  Right
1   6   100        5732       96163      96263      560        400        1  Right
0   2   100        5755       96162      96264      559        400        1  Right
1   6   100        5769       96263      96363      561        400        1  Right
14  3   100        5748       96263      96364      561        300        1  Right
4   0   100        5733       96363      96464      563        200        1  Left 
3   15  100        5752       96364      96465      564        400        1  Right
2   1   100        5761       96464      96565      565        500        1  Left 
0   1   100        5761       96565      96665      567        100        1  Left 
3   12  100        5811       96565      96666      567        400        1  Right
8   0   100        5812       96666      96766      569        700        1  Right
13  8   100        5833       96766      96866      570        400        1  Right
4   1   500        5762       96665      97166      568        500        1  Right
15  1   100        5765       97166      97266      572        600        1  Right
8   13  500        5874       96866      97367      571        2000       1  Right
15  3   100        5775       97367      97467      574        400        1  Right
1   2   500        5782       97367      97868      574        2500       1  Left 
0   3   100        5783       97868      97968      576        500        1  Right
1   15  500        5791       97868      98369      576        3000       1  Right
12  3   500        5825       97968      98469      577        2000       1  Right
1   2   100        5796       98469      98569      579        500        1  Left 
2   1   100        5801       98569      98669      580        500        1  Left 
3   2   100        5812       98669      98769      581        100        1  Right
3   12  100        5813       98769      98869      582        400        1  Right
12  3   100        5829       98869      98969      583        400        1  Right
13  3   100        5837       98969      99069      584        200        1  Right
1   5   500        5804       98669      99169      581        2500       1  Right
0   3   500        5851       99069      99570      585        2500       1  Right
6   1   500        5810       99169      99670      586        2000       1  Right
15  1   100        5819       99670      99770      588        600        1  Right
3   14  500        5854       99570      100071     587        1500       1  Right
3   14  100        5857       100071     100171     590        300        1  Right
1   2   500        5822       99770      100271     589        2500       1  Left 
14  3   100        5886       100171     100272     591        300        1  Right
2   1   500        5825       100271     100772     592        2500       1  Left 
15  1   100        5832       100772     100773     594        600        1  Right
1   6   100        5845       100773     100873     595        400        1  Right
0   8   500        5868       100772     100874     594        3500       1  Right
1   15  500        5845       100873     101074     596        3000       1  Right
0   2   500        5880       100874     101375     597        2000       1  Right
3   2   100        5882       101375     101475     599        100        1  Right
1   15  500        5858       101074     101575     598        3000       1  Right
15  0   100        5834       101575     101675     601        700        1  Left 
5   0   100        5844       101675     101775     602        600        1  Left 
2   0   100        5845       101775     101875     603        400        1  Right
12  1   100        5849       101875     101975     604        200        1  Left 
2   3   500        5903       101875     102376     604        500        1  Right
1   12  500        5880       101975     102476     605        1000       1  Left 
15  1   100        5887       102476     102576     607        600        1  Right
2   0   100        5914       102476     102577     607        400        1  Right
12  0   100        5917       102577     102677     609        100        1  Right
3   12  100        5917       102677     102777     610        400        1  Right
12  8   100        5919       102777     102877     611        600        1  Right
3   12  100        5919       102877     102977     612        400        1  Right
1   15  500        5913       102576     103077     608        3000       1  Right
9   8   100        5963       102977     103078     613        500        1  Right
0   6   100        5922       103077     103178     614        500        1  Left 
10  8   100        5981       103078     103179     615        100        1  Right
0   9   100        5922       103178     103279     616        200        1  Right
12  1   100        5926       103279     103379     618        200        1  Left 
12  3   500        5928       103379     103879     619        2000       1  Right
15  3   100        5941       103879     103979     620        400        1  Right
6   3   100        5955       103979     104079     621        600        1  Right
0   2   500        5945       103879     104380     620        2000       1  Right
8   2   100        5956       104380     104480     623        300        1  Right
8   15  100        5956       104480     104580     624        200        1  Right
8   14  100        5956       104580     104680     625        100        1  Right
8   13  100        5956       104680     104780     626        400        1  Right
8   10  100        5956       104780     104880     627        100        1  Right
1   12  500        5957       104380     104881     623        1000       1  Left 
3   13  500        5958       104780     105282     627        1000       1  Right
2   1   100        5971       105282     105382     630        500        1  Left 
3   6   500        5986       105282     105783     630        3000       1  Right
2   0   500        5971       105382     105883     631        2000       1  Right
13  1   100        5988       105883     105983     633        400        1  Left 
2   8   100        5989       105883     105984     633        300        1  Right
12  6   100        5990       105983     106084     634        600        1  Left 
13  8   100        5993       105984     106085     635        400        1  Right
12  1   100        5991       106084     106185     636        200        1  Left 
14  8   100        5995       106085     106186     637        100        1  Right
15  8   100        5997       106186     106286     639        200        1  Right
1   2   500        5992       106185     106686     638        2500       1  Left 
12  0   100        5995       106686     106687     641        100        1  Right
1   13  500        6015       106686     107088     641        6000       1  Right
0   6   100        5998       107088     107188     643        500        1  Left 
6   1   100        6022       107188     107288     644        400        1  Right
0   4   100        6024       107288     107388     645        200        1  Left 
12  8   500        6074       107088     107589     643        3000       1  Right
2   0   100        6015       107589     107689     647        400        1  Right
1   12  500        6024       107689     108189     648        1000       1  Left 
0   2   100        6025       108189     108289     649        400        1  Right
8   12  100        6048       108289     108389     650        600        1  Right
8   12  100        6050       108389     108489     651        600        1  Right
1   6   500        6063       108189     108690     649        2000       1  Right
0   1   100        6026       108690     108790     653        100        1  Left 
8   9   500        6118       108489     108990     652        2500       1  Right
6   1   500        6027       108790     109291     654        2000       1  Right
0   2   500        6041       108990     109491     655        2000       1  Right
13  1   100        6041       109491     109591     657        400        1  Left 
13  1   100        6054       109591     109691     658        400        1  Left 
13  0   100        6056       109691     109791     659        300        1  Right
0   4   100        6067       109791     109891     660        200        1  Left 
1   13  500        6067       109891     110391     661        2000       1  Left 
2   0   100        6073       110391     110491     662        400        1  Right
2   1   100        6075       110491     110591     663        500        1  Left 
1   13  500        6080       110591     111091     664        2000       1  Left 
2   3   500        6090       110591     111092     664        500        1  Right
0   8   100        6085       111091     111192     665        900        1  Left 
1   2   100        6083       111192     111292     667        500        1  Left 
4   1   100        6092       111292     111392     668        100        1  Right
6   0   100        6105       111292     111393     668        1100       1  Right
1   2   500        6097       111393     111893     670        2500       1  Left 
13  1   100        6115       111893     111993     671        400        1  Left 
8   2   100        6137       111893     111994     671        300        1  Right
3   0   100        6124       111994     112094     673        500        1  Right
8   2   100        6137       112094     112194     674        300        1  Right
13  8   100        6167       112194     112294     675        400        1  Right
0   10  100        6224       112294     112394     675        600        1  Right
1   4   500        6123       111993     112395     672        500        1  Right
0   11  100        6225       112394     112396     676        1300       1  Right
2   1   500        6123       112396     112896     679        2500       1  Left 
2   4   100        6124       112896     112996     680        600        1  Left 
0   12  100        6246       112996     113096     680        100        1  Right
6   1   500        6137       112996     113496     681        2000       1  Right
1   13  500        6141       113496     113996     683        2000       1  Left 
1   2   100        6145       113996     114096     684        500        1  Left 
4   2   500        6165       114096     114596     685        3000       1  Left 
2   1   500        6173       114596     115096     686        2500       1  Left 
2   3   100        6183       115096     115196     687        100        1  Right
1   6   100        6192       115096     115197     687        400        1  Right
1   5   100        6217       115197     115297     689        500        1  Right
2   8   500        6186       115196     115697     688        1500       1  Right
3   2   100        6192       115697     115797     691        100        1  Right
5   1   500        6255       115297     115798     689        2500       1  Right
8   13  500        6208       115797     116298     692        2000       1  Right
6   12  500        6277       115798     116299     692        3000       1  Left 
12  1   100        6315       116299     116399     694        200        1  Left 
0   12  100        6327       116399     116499     694        100        1  Right
2   8   500        6213       116298     116799     694        1500       1  Right
0   2   100        6337       116799     116899     696        400        1  Right
3   15  500        6238       116799     117299     697        2000       1  Right
13  3   100        6245       117299     117399     699        200        1  Right
11  8   100        6255       117299     117400     699        600        1  Right
10  3   100        6257       117399     117500     700        100        1  Right
8   0   100        6271       117400     117501     701        900        1  Left 
3   10  500        6288       117500     118001     702        500        1  Right
8   11  500        6286       117501     118002     703        3000       1  Right
6   0   500        6299       118002     118502     705        2500       1  Left 
1   0   500        6309       118502     119002     706        500        1  Left 
11  1   100        6321       119002     119102     706        200        1  Right
10  1   100        6323       119102     119103     707        900        1  Right
2   0   500        6312       119002     119403     707        2000       1  Right
4   0   500        6329       119403     119903     709        1000       1  Left 
2   4   100        6376       119903     120003     710        1000       1  Right
2   6   100        6377       120003     120103     711        700        1  Right
2   6   100        6399       120103     120203     712        700        1  Right
1   12  500        6346       119903     120403     710        1000       1  Left 
0   8   100        6368       120403     120503     714        700        1  Right
0   5   100        6369       120503     120603     715        1000       1  Right
0   2   100        6386       120603     120703     716        400        1  Right
0   15  100        6387       120703     120803     717        900        1  Right
1   11  500        6357       120403     120903     714        1000       1  Right
15  2   100        6397       120803     120904     718        500        1  Right
12  1   100        6375       120903     121004     719        200        1  Left 
4   2   500        6410       120904     121405     720        5000       1  Right
1   10  500        6364       121405     121905     722        3500       1  Left 
11  0   100        6393       121905     122005     723        300        1  Left 
11  1   100        6404       122005     122105     724        200        1  Right
11  0   100        6406       122105     122205     725        300        1  Left 
1   12  500        6406       122205     122705     726        1000       1  Left 
10  0   100        6409       122705     122805     727        600        1  Right
5   1   100        6411       122705     122806     727        500        1  Right
