
189
C:/Users/nxconrad/Desktop/REU 2.0/Benchmark Data/16-core/7/flow_freqmine100#1.txt
759
[15, 0, 6, 2, 1, 8, 11, 4, 7, 5, 3, 9, 10, 13, 12, 14]
8   0   100        0          2          102        0          400        1  Right
0   8   500        317        319        819        0          2000       1  Right
8   1   100        376        819        919        1          100        1  Right
1   8   500        678        919        1419       1          500        1  Right
8   1   100        725        1419       1519       2          100        1  Right
3   0   100        1001       1419       1520       0          700        1  Left 
6   0   100        1002       1520       1620       2          100        1  Right
5   0   100        1003       1620       1720       3          800        1  Right
9   0   100        1003       1720       1820       4          600        1  Left 
1   0   100        1004       1820       1920       5          300        1  Right
15  0   100        1004       1920       2020       6          100        1  Right
12  0   100        1005       2020       2120       7          300        1  Left 
14  0   100        1006       2120       2220       8          200        1  Left 
10  0   100        1006       2220       2320       9          500        1  Left 
11  0   100        1007       2320       2420       10         1100       1  Left 
1   8   500        1027       1920       2421       6          500        1  Right
4   0   100        1008       2420       2521       11         1000       1  Left 
13  0   100        1008       2521       2621       13         400        1  Left 
7   0   100        1010       2621       2721       14         700        1  Right
2   0   100        1012       2721       2821       15         200        1  Right
0   15  500        1025       2821       3321       16         500        1  Right
0   1   500        1025       3321       3821       17         1500       1  Right
0   14  500        1032       3821       4321       18         1000       1  Left 
0   2   500        1038       4321       4821       19         1000       1  Right
15  0   100        1042       4821       4921       20         100        1  Right
0   13  500        1052       4921       5421       21         2000       1  Left 
0   12  500        1052       5421       5921       22         1500       1  Left 
1   0   100        1053       5921       6021       23         300        1  Right
14  0   100        1069       6021       6121       24         200        1  Left 
1   8   500        1379       6021       6522       24         500        1  Right
0   4   500        1075       6121       6622       25         5000       1  Left 
0   5   500        1075       6622       7122       27         4000       1  Right
8   0   100        1077       7122       7222       28         400        1  Right
8   1   100        1079       7222       7322       29         100        1  Right
0   11  500        1097       7222       7723       29         5500       1  Left 
8   0   100        1080       7723       7823       31         400        1  Right
2   0   100        1086       7823       7923       32         200        1  Right
0   6   500        1097       7923       8423       33         500        1  Right
13  0   100        1102       8423       8523       34         400        1  Left 
12  0   100        1118       8523       8623       35         300        1  Left 
0   10  500        1119       8623       9123       36         2500       1  Left 
0   9   500        1119       9123       9623       37         3000       1  Left 
4   0   100        1129       9623       9723       38         600        1  Right
0   7   500        1141       9723       10223      39         3500       1  Right
5   0   100        1145       10223      10323      40         800        1  Right
11  0   100        1156       10323      10423      41         500        1  Right
6   0   100        1172       10423      10523      42         100        1  Right
10  0   100        1183       10523      10623      43         500        1  Left 
9   0   100        1199       10623      10723      44         600        1  Left 
7   0   100        1210       10723      10823      45         700        1  Right
0   3   500        1319       10823      11323      46         3500       1  Left 
0   1   100        1340       11323      11423      47         300        1  Right
3   1   100        1353       11423      11523      48         600        1  Right
0   7   500        1356       11523      12023      49         3500       1  Right
7   1   100        1410       12023      12123      50         400        1  Right
0   9   500        1356       12023      12523      50         3000       1  Left 
9   1   100        1421       12523      12623      51         700        1  Right
0   10  500        1357       12523      13023      52         2500       1  Left 
10  1   100        1438       13023      13123      53         800        1  Right
0   6   500        1357       13023      13523      54         500        1  Right
0   11  500        1378       13523      14023      56         2500       1  Right
0   5   500        1378       14023      14523      57         4000       1  Right
0   4   500        1400       14523      15023      58         3000       1  Right
8   6   100        1542       15023      15123      56         300        1  Right
0   12  500        1400       15023      15523      59         1500       1  Left 
0   13  500        1422       15523      16023      60         2000       1  Left 
0   2   500        1422       16023      16523      61         1000       1  Right
0   14  500        1444       16523      17023      62         1000       1  Left 
0   1   500        1444       17023      17523      63         1500       1  Right
6   1   100        1449       17523      17623      64         200        1  Right
11  1   100        1455       17623      17723      65         200        1  Right
5   1   100        1466       17723      17823      66         500        1  Right
4   1   100        1472       17823      17923      67         300        1  Right
12  1   100        1483       17923      18023      68         1000       1  Right
0   15  500        1466       17523      18024      64         500        1  Right
13  1   100        1489       18023      18124      69         900        1  Right
0   8   100        1466       18124      18224      71         400        1  Right
0   8   100        1466       18224      18324      72         400        1  Right
2   1   100        1493       18324      18424      73         100        1  Right
14  1   100        1504       18424      18524      74         500        1  Left 
15  1   100        1512       18524      18624      75         400        1  Right
8   1   100        1546       18624      18724      74         100        1  Right
1   0   500        1612       18724      19224      75         1500       1  Right
1   15  500        1627       19224      19724      75         2000       1  Right
1   14  500        1627       19724      20224      76         2500       1  Left 
1   13  500        1628       20224      20724      77         3500       1  Left 
0   1   100        1631       20724      20824      78         300        1  Right
1   0   100        1633       20824      20924      79         300        1  Right
15  0   100        1651       20924      21024      80         100        1  Right
14  0   100        1657       21024      21124      81         200        1  Left 
13  0   100        1673       21124      21224      82         400        1  Left 
1   2   500        1640       20924      21424      80         500        1  Right
1   12  500        1640       21424      21924      84         3000       1  Left 
2   0   100        1682       21924      22024      85         200        1  Right
12  0   100        1703       22024      22124      86         300        1  Left 
1   4   500        1662       21924      22424      85         1500       1  Right
1   5   500        1662       22424      22924      88         2500       1  Right
4   0   100        1714       22924      23024      89         1000       1  Left 
5   0   100        1730       23024      23124      89         800        1  Left 
1   11  500        1685       22924      23424      89         1000       1  Right
11  0   100        1741       23424      23425      91         1100       1  Left 
1   6   500        1685       23424      23825      92         1000       1  Right
6   0   100        1757       23825      23925      93         100        1  Right
1   10  500        1707       23825      24325      94         4000       1  Right
10  0   100        1768       24325      24425      95         500        1  Left 
1   9   500        1707       24325      24825      96         3500       1  Right
4   1   100        1724       24825      24925      97         300        1  Right
9   0   100        1784       24825      24926      97         600        1  Left 
3   0   100        1786       24926      25026      99         700        1  Left 
3   0   100        1788       25026      25126      100        700        1  Left 
1   7   500        1729       24925      25426      98         2000       1  Right
5   1   100        1730       25426      25526      102        500        1  Right
12  1   100        1735       25526      25626      103        600        1  Left 
1   3   500        1740       25626      26126      104        3000       1  Right
13  1   100        1741       26126      26226      105        700        1  Left 
11  1   100        1741       26226      26326      106        200        1  Right
7   0   100        1795       26226      26327      106        900        1  Left 
2   1   100        1745       26326      26328      107        100        1  Right
8   6   100        1841       26327      26329      107        1300       1  Left 
14  1   100        1756       26329      26429      110        500        1  Left 
6   1   100        1757       26429      26529      111        200        1  Right
15  1   100        1764       26529      26629      112        400        1  Right
10  1   100        1768       26629      26729      113        800        1  Right
0   6   100        1935       26629      26730      111        100        1  Right
9   1   100        1784       26729      26830      114        700        1  Right
0   15  100        1959       26730      26831      113        100        1  Right
7   1   100        1795       26830      26931      116        400        1  Right
15  6   100        1967       26831      26932      115        200        1  Right
8   1   100        1847       26931      27032      117        100        1  Right
6   8   500        1819       27032      27532      119        1500       1  Right
1   8   500        1848       27532      28032      120        500        1  Right
1   8   500        1898       28032      28532      121        500        1  Right
8   0   100        1947       28532      28632      121        400        1  Right
0   1   100        1968       28632      28732      122        300        1  Right
0   14  100        1970       28732      28832      123        200        1  Left 
1   6   100        1976       28732      28833      123        200        1  Right
0   13  100        1991       28832      28933      124        400        1  Left 
6   8   500        2118       28833      29334      124        1500       1  Right
14  6   100        1984       29334      29434      127        300        1  Left 
3   1   100        2125       29334      29435      125        600        1  Right
0   2   100        1995       29434      29535      128        200        1  Right
2   6   100        2008       29535      29536      130        100        1  Right
1   0   500        2024       29535      29937      129        6500       1  Left 
13  6   100        2009       29937      30037      132        500        1  Left 
0   12  100        2026       30037      30137      132        300        1  Left 
1   7   500        2039       29937      30438      131        2000       1  Right
6   0   500        2232       30137      30638      131        500        1  Right
1   9   500        2039       30438      30939      134        3500       1  Right
0   4   100        2037       30939      31039      136        600        1  Right
1   10  500        2040       31039      31539      137        4000       1  Right
0   5   100        2060       31539      31639      138        800        1  Left 
1   6   500        2040       31539      32039      138        1000       1  Right
12  6   100        2049       32039      32139      140        400        1  Left 
1   15  500        2062       32139      32639      141        2000       1  Right
4   6   100        2068       32639      32640      142        1100       1  Left 
1   11  500        2062       32639      33040      142        1000       1  Right
0   11  100        2069       33040      33140      144        500        1  Right
1   14  500        2085       33140      33640      145        2500       1  Left 
0   6   100        2090       33640      33740      146        100        1  Right
0   10  100        2101       33740      33840      147        500        1  Left 
0   3   100        2107       33840      33940      148        700        1  Left 
0   9   100        2122       33940      34040      148        600        1  Left 
1   5   500        2096       33640      34141      146        2500       1  Right
1   13  500        2096       34141      34641      151        3500       1  Left 
5   6   100        2101       34641      34741      152        700        1  Right
11  6   100        2113       34741      34742      153        400        1  Right
0   7   100        2133       34741      34743      152        900        1  Left 
10  6   100        2137       34743      34843      154        600        1  Left 
9   6   100        2163       34843      34943      155        700        1  Left 
7   6   100        2177       34943      35043      156        1000       1  Left 
0   3   100        2236       35043      35143      156        700        1  Left 
1   2   500        2119       34742      35243      153        500        1  Right
3   6   100        2254       35143      35244      157        800        1  Left 
1   12  500        2119       35244      35744      160        3000       1  Left 
1   4   500        2142       35744      36244      161        1500       1  Right
0   8   100        2410       36244      36245      160        1200       1  Left 
0   8   100        2583       36245      36246      158        1200       1  Left 
6   1   500        2268       36244      36546      161        1000       1  Right
8   1   100        2453       36546      36646      161        100        1  Right
6   15  500        2280       36546      37046      164        1000       1  Right
1   0   100        2310       37046      37146      166        300        1  Right
6   14  500        2313       37146      37646      167        1500       1  Left 
1   0   100        2314       37646      37746      168        300        1  Right
15  0   100        2332       37746      37846      168        100        1  Right
15  0   100        2336       37846      37946      169        100        1  Right
14  0   100        2360       37946      38046      170        200        1  Left 
6   2   500        2323       37746      38246      168        500        1  Right
1   3   500        2427       37746      38248      166        3000       1  Right
6   13  500        2345       38246      38747      172        2500       1  Left 
1   8   500        2755       38248      38749      168        500        1  Right
2   0   100        2361       38747      38848      174        200        1  Right
14  0   100        2364       38848      38849      176        200        1  Left 
6   12  500        2378       38848      39250      176        6000       1  Right
2   0   100        2365       39250      39350      178        200        1  Right
14  8   100        2896       39250      39351      172        1000       1  Right
13  0   100        2387       39351      39451      180        400        1  Left 
13  0   100        2391       39451      39551      181        400        1  Left 
12  0   100        2415       39551      39651      182        300        1  Left 
12  0   100        2419       39651      39751      182        300        1  Left 
6   4   500        2400       39351      39852      180        2500       1  Right
6   5   500        2422       39852      40352      183        3500       1  Right
4   0   100        2427       40352      40452      184        600        1  Right
4   0   100        2431       40452      40552      185        600        1  Right
5   0   100        2444       40552      40652      186        800        1  Left 
5   0   100        2448       40652      40752      187        800        1  Left 
3   4   100        2455       40752      40852      188        300        1  Right
3   4   100        2756       40852      40952      186        300        1  Right
6   11  500        2433       40552      41052      186        2000       1  Right
6   0   100        2463       41052      41152      191        100        1  Right
11  0   100        2465       41152      41252      192        500        1  Right
6   0   100        2467       41252      41352      193        100        1  Right
11  0   100        2469       41352      41452      194        500        1  Right
6   10  500        2488       41452      41952      195        3000       1  Left 
6   9   500        2510       41952      42452      196        3500       1  Left 
10  0   100        2515       42452      42552      197        500        1  Left 
10  0   100        2519       42552      42652      198        500        1  Left 
9   0   100        2532       42652      42752      198        600        1  Left 
9   0   100        2536       42752      42852      199        600        1  Left 
6   7   500        2521       42452      42953      196        3000       1  Right
7   0   100        2543       42953      43053      201        700        1  Right
7   0   100        2547       43053      43153      202        700        1  Right
6   3   500        2554       43153      43653      203        4000       1  Right
0   3   100        2587       43653      43753      204        700        1  Left 
0   14  100        2883       43753      43853      202        200        1  Left 
0   14  100        2887       43853      43953      203        200        1  Left 
0   1   100        2970       43953      44053      204        300        1  Right
0   8   100        2985       44053      44153      205        400        1  Right
4   3   500        2737       43753      44253      203        1500       1  Right
3   0   100        2757       44253      44353      208        700        1  Left 
8   0   100        2808       44353      44453      209        400        1  Right
14  3   100        2900       44353      44454      208        500        1  Right
3   0   500        2879       44454      44954      210        3500       1  Left 
8   0   500        2910       44954      45454      211        2000       1  Right
4   3   500        3042       44954      45455      211        1500       1  Right
8   0   100        2942       45454      45555      212        400        1  Right
8   14  500        3041       45555      46055      214        3000       1  Left 
3   2   100        3066       46055      46155      215        700        1  Right
0   3   100        3077       46155      46255      216        700        1  Left 
3   6   100        3095       46255      46355      217        800        1  Right
0   8   500        3125       46355      46855      218        2000       1  Right
3   14  500        3192       46355      46856      218        2500       1  Right
8   0   100        3181       46855      46956      219        400        1  Right
3   14  100        3233       46856      46957      220        500        1  Right
13  8   100        3203       46957      47057      222        800        1  Right
13  3   100        3207       47057      47157      223        300        1  Right
1   0   500        3242       46956      47457      221        1500       1  Right
0   13  100        3185       47457      47557      225        400        1  Left 
0   13  100        3189       47557      47657      226        400        1  Left 
14  1   100        3228       47657      47658      227        500        1  Left 
0   1   100        3274       47658      47758      228        300        1  Right
8   13  500        3244       47657      47759      227        4000       1  Right
1   14  500        3515       47758      47959      228        2500       1  Left 
0   5   100        3498       47959      48059      230        800        1  Right
3   13  500        3282       47759      48260      230        1500       1  Right
14  3   100        3251       48260      48360      233        500        1  Right
0   8   500        3498       48059      48560      231        2000       1  Right
13  1   100        3313       48560      48660      235        700        1  Left 
5   8   100        3526       48560      48661      234        400        1  Right
2   3   500        3338       48660      48662      235        4500       1  Left 
8   5   500        3557       48661      48663      236        2000       1  Right
3   6   100        3358       48662      48763      237        800        1  Left 
3   1   100        3359       48763      48863      239        600        1  Right
14  0   100        3537       48763      48864      239        200        1  Left 
6   3   500        3377       48863      49364      240        4000       1  Right
0   11  100        3499       49364      49464      242        500        1  Right
11  3   100        3540       49464      49564      243        400        1  Right
1   13  500        3530       49464      49964      243        3500       1  Left 
1   0   500        3546       49964      50464      245        1500       1  Right
13  0   100        3557       50464      50564      246        400        1  Left 
8   1   100        3560       50464      50565      246        100        1  Right
0   1   100        3568       50565      50665      248        300        1  Right
0   2   100        3580       50665      50765      249        200        1  Right
1   3   500        3638       50665      51166      249        3000       1  Right
6   3   500        3640       51166      51666      251        4000       1  Right
3   2   100        3676       51666      51766      252        700        1  Right
0   1   100        3800       51766      51866      253        300        1  Right
1   8   100        3808       51866      51966      254        100        1  Right
3   11  500        3827       51766      52267      252        2000       1  Right
7   3   100        3841       52267      52367      255        200        1  Right
1   0   500        3840       51966      52467      254        1500       1  Right
3   11  100        3877       52367      52468      256        400        1  Right
8   1   500        3862       52467      52967      257        500        1  Right
2   0   500        3857       52467      52968      257        1000       1  Right
0   7   100        3801       52968      53068      261        900        1  Left 
0   3   100        3863       53068      53168      261        700        1  Left 
0   14  100        3868       53168      53268      262        200        1  Left 
11  3   100        3890       53168      53269      262        400        1  Right
1   8   500        3870       52967      53468      259        500        1  Right
14  1   100        3881       53468      53568      265        500        1  Left 
8   0   100        3924       53568      53668      266        400        1  Right
3   7   500        3916       53269      53770      264        1000       1  Right
0   8   500        3980       53668      54169      267        2000       1  Right
0   15  100        4102       54169      54269      269        100        1  Right
2   3   500        3948       54169      54669      269        3500       1  Right
3   6   100        3975       54669      54769      271        800        1  Right
3   5   100        4000       54769      54869      272        100        1  Right
8   0   100        4042       54769      54870      272        400        1  Right
8   1   100        4044       54870      54970      274        100        1  Right
1   3   100        4096       54970      55070      275        600        1  Right
0   1   100        4104       55070      55071      276        300        1  Right
15  8   100        4110       55070      55072      276        1100       1  Left 
3   1   100        4109       55072      55172      278        600        1  Right
1   3   100        4113       55172      55272      279        600        1  Right
3   0   100        4139       55272      55372      280        700        1  Left 
1   8   500        4135       55272      55772      280        500        1  Right
3   0   500        4155       55372      55873      281        3500       1  Left 
4   8   500        4224       55772      56273      282        1000       1  Right
1   14  500        4153       55873      56374      283        2500       1  Left 
0   3   100        4157       56374      56474      285        700        1  Left 
8   15  500        4161       56474      56974      286        2500       1  Right
0   13  100        4171       56974      57074      287        400        1  Left 
8   4   100        4188       56974      57075      287        200        1  Right
3   1   500        4188       57074      57575      288        5000       1  Left 
13  1   100        4189       57575      57675      290        700        1  Left 
0   1   100        4222       57675      57775      291        300        1  Right
1   14  100        4223       57775      57875      292        500        1  Left 
14  1   100        4231       57875      57975      293        500        1  Left 
1   0   100        4240       57975      58075      294        300        1  Right
1   0   500        4243       58075      58575      295        1500       1  Right
1   13  500        4252       58575      59075      296        3500       1  Left 
1   0   100        4253       59075      59175      297        300        1  Right
6   3   500        4257       59175      59675      298        4000       1  Right
0   8   100        4268       59675      59775      299        400        1  Right
0   1   100        4275       59775      59875      300        300        1  Right
5   3   500        4283       59675      60176      299        500        1  Right
1   0   500        4296       59875      60376      301        1500       1  Right
1   3   100        4298       60376      60476      303        600        1  Right
0   6   100        4316       60376      60477      303        100        1  Right
3   1   100        4307       60476      60577      304        600        1  Right
0   1   100        4317       60577      60677      306        300        1  Right
8   1   100        4324       60677      60777      306        100        1  Right
8   5   100        4324       60777      60877      307        400        1  Right
8   15  100        4324       60877      60977      308        500        1  Right
8   14  100        4324       60977      61077      309        600        1  Left 
8   13  100        4324       61077      61177      310        800        1  Right
1   8   100        4333       61177      61277      311        100        1  Right
5   8   100        4345       61277      61377      312        400        1  Right
1   0   500        4340       61277      61777      312        1500       1  Right
1   8   100        4362       61777      61877      314        100        1  Right
13  8   100        4364       61877      61977      315        800        1  Right
14  8   100        4366       61977      62077      316        600        1  Left 
15  8   100        4368       62077      62177      317        500        1  Right
8   1   100        4371       62177      62277      318        100        1  Right
15  3   100        4415       62177      62278      318        600        1  Left 
0   8   100        4385       62277      62378      319        400        1  Right
0   2   100        4404       62378      62478      321        200        1  Right
0   15  100        4406       62478      62578      322        100        1  Right
1   3   500        4422       62378      62879      321        3000       1  Right
2   8   100        4417       62879      62979      324        200        1  Right
6   3   100        4454       62879      62980      324        800        1  Left 
4   8   500        4476       62979      63480      325        1000       1  Right
0   3   500        4462       62980      63481      326        3500       1  Left 
8   0   100        4419       63481      63581      328        400        1  Right
8   6   100        4428       63581      63681      329        300        1  Right
3   0   100        4450       63581      63682      329        700        1  Left 
8   4   100        4440       63681      63782      330        200        1  Right
8   6   100        4441       63782      63882      332        300        1  Right
8   0   100        4463       63882      63982      333        400        1  Right
8   2   100        4515       63982      64082      334        200        1  Right
3   15  500        4451       63682      64183      331        3000       1  Left 
3   6   100        4472       64183      64283      336        800        1  Left 
8   2   500        4570       64082      64583      335        1000       1  Right
8   6   100        4606       64583      64683      338        300        1  Right
0   3   500        4481       64283      64784      337        3500       1  Left 
15  1   100        4494       64784      64884      340        400        1  Right
0   8   500        4506       64884      65384      341        2000       1  Right
3   0   100        4512       65384      65484      342        700        1  Left 
15  0   100        4547       65484      65584      343        100        1  Right
3   5   100        4588       65484      65585      343        100        1  Right
6   8   500        4513       65384      65885      342        1500       1  Right
0   3   500        4552       65585      66086      345        3500       1  Left 
2   8   500        4561       65885      66386      346        1000       1  Right
1   15  500        4520       66386      66886      348        2000       1  Right
0   1   100        4552       66886      66986      349        300        1  Right
0   1   100        4573       66986      67086      350        300        1  Right
1   2   100        4581       67086      67186      351        100        1  Right
2   0   100        4602       67186      67286      352        200        1  Right
3   1   500        4594       67186      67686      352        3000       1  Right
1   8   100        4646       67686      67786      354        100        1  Right
6   0   500        4613       67286      67787      353        500        1  Right
1   8   100        4679       67786      67887      355        100        1  Right
0   2   100        4622       67787      67888      356        200        1  Right
0   1   100        4625       67888      67988      358        300        1  Right
2   1   500        4648       67988      67989      359        500        1  Right
6   8   500        4720       67988      67990      359        6500       1  Left 
0   1   100        4661       67990      68090      361        300        1  Right
12  8   100        4729       67990      68091      361        900        1  Right
1   0   500        4682       68090      68591      362        1500       1  Right
8   1   100        4684       68591      68691      364        100        1  Right
2   3   100        4722       68591      68692      364        900        1  Left 
0   1   100        4701       68692      68792      366        300        1  Right
0   12  100        4706       68792      68892      367        300        1  Left 
0   2   100        4708       68892      68992      368        200        1  Right
8   1   500        4730       68792      69293      367        500        1  Right
3   2   500        4743       68992      69493      369        4500       1  Left 
1   0   500        4722       69493      69993      371        1500       1  Right
8   12  500        4765       69493      69994      371        4500       1  Right
1   0   500        4735       69993      70494      372        1500       1  Right
8   1   100        4768       70494      70594      374        100        1  Right
2   1   100        4768       70594      70694      375        100        1  Right
0   1   100        4789       70694      70794      376        300        1  Right
0   15  100        4855       70794      70894      376        100        1  Right
1   2   500        4789       70794      71294      377        500        1  Right
2   0   100        4810       71294      71394      379        200        1  Right
1   8   100        4810       71294      71395      379        100        1  Right
2   1   100        4821       71395      71495      380        100        1  Right
2   0   100        4823       71495      71595      381        200        1  Right
1   3   100        4827       71495      71596      381        600        1  Right
3   1   100        4840       71596      71696      383        600        1  Right
1   2   500        4842       71696      72196      384        500        1  Right
5   3   500        4865       71696      72197      384        500        1  Right
8   1   100        4848       72196      72297      385        100        1  Right
15  1   100        4863       72297      72397      387        400        1  Right
2   1   100        4864       72397      72497      388        100        1  Right
2   3   100        4908       72497      72597      389        900        1  Left 
1   8   500        4866       72497      72997      389        500        1  Right
1   0   100        4873       72997      73097      391        300        1  Right
1   8   100        4875       73097      73197      392        100        1  Right
6   8   500        4883       73197      73697      393        1500       1  Right
12  8   100        4960       73697      73797      393        900        1  Right
12  3   100        5035       73797      73897      394        400        1  Right
1   2   500        4885       73697      74197      394        500        1  Right
1   15  500        4889       74197      74697      397        2000       1  Right
1   0   500        4899       74697      75197      398        1500       1  Right
1   6   100        4903       75197      75297      399        200        1  Right
1   0   100        4908       75297      75397      400        300        1  Right
3   1   100        4910       75397      75497      401        600        1  Right
0   6   100        4958       75397      75498      400        100        1  Right
3   1   100        4910       75497      75598      402        600        1  Right
8   0   100        4931       75598      75698      403        400        1  Right
8   2   100        4931       75698      75798      404        200        1  Right
8   12  100        4931       75798      75898      405        700        1  Left 
8   2   100        4932       75898      75998      406        200        1  Right
0   1   100        4962       75998      76098      407        300        1  Right
2   8   100        4967       76098      76198      408        200        1  Right
0   8   100        4974       76198      76298      409        400        1  Right
1   0   500        4983       76298      76798      410        1500       1  Right
0   4   100        5006       76798      76898      411        1000       1  Left 
2   8   500        4986       76798      77298      411        1000       1  Right
8   1   100        5030       77298      77398      413        100        1  Right
6   0   500        5006       76898      77399      412        500        1  Right
12  1   100        5081       77398      77499      414        1000       1  Right
0   4   100        5008       77499      77599      416        600        1  Right
0   12  100        5010       77599      77699      417        300        1  Left 
8   6   100        5039       77599      77700      417        300        1  Right
4   0   500        5042       77699      78200      418        5000       1  Left 
4   8   100        5043       78200      78300      420        200        1  Right
0   2   100        5137       78200      78300      420        200        1  Right
8   5   100        5064       78300      78400      421        400        1  Right
0   2   100        5157       78300      78401      421        200        1  Right
8   1   100        5089       78400      78501      422        100        1  Right
3   12  500        5056       78200      78701      420        2000       1  Right
5   8   500        5095       78501      79002      424        2000       1  Right
1   12  500        5112       78701      79202      425        3000       1  Left 
12  0   100        5143       79202      79302      427        300        1  Left 
12  1   100        5154       79302      79402      428        600        1  Left 
12  0   100        5156       79402      79502      429        300        1  Left 
8   4   500        5186       79002      79503      426        1000       1  Right
0   1   100        5185       79502      79603      430        300        1  Right
1   8   500        5127       79603      80103      432        500        1  Right
3   2   500        5190       79603      80104      432        4500       1  Left 
2   8   100        5182       80104      80204      434        200        1  Right
3   0   100        5219       80104      80205      434        700        1  Left 
14  8   100        5201       80205      80305      436        1000       1  Right
3   0   100        5235       80305      80405      437        700        1  Left 
6   1   500        5210       80204      80705      435        1000       1  Right
4   0   500        5294       80405      80906      438        5000       1  Left 
3   15  100        5371       80906      81006      440        600        1  Left 
8   2   500        5228       80705      81206      439        1000       1  Right
1   12  500        5185       81206      81706      442        3000       1  Left 
1   3   500        5187       81706      82206      443        3000       1  Right
1   3   500        5198       82206      82706      444        3000       1  Right
12  1   100        5217       82706      82806      445        600        1  Left 
0   1   100        5229       82806      82807      446        300        1  Right
8   14  500        5247       82806      83208      446        5000       1  Right
8   5   100        5315       83208      83308      448        400        1  Right
1   12  500        5248       83208      83708      448        3000       1  Left 
0   4   100        5258       83708      83808      450        600        1  Right
3   14  100        5371       83708      83809      450        500        1  Right
0   6   100        5259       83808      83909      451        100        1  Right
12  8   100        5279       83809      83910      452        900        1  Right
1   0   100        5297       83909      84010      453        300        1  Right
13  8   100        5307       83910      84011      454        800        1  Right
0   1   500        5318       84010      84511      455        1500       1  Right
8   12  500        5315       84011      84512      456        4500       1  Right
2   1   100        5342       84511      84611      457        100        1  Right
0   6   100        5318       84511      84612      457        100        1  Right
1   0   100        5339       84612      84712      460        300        1  Right
8   13  500        5348       84512      85014      458        4000       1  Right
12  3   100        5350       85014      85114      462        400        1  Right
2   0   500        5361       84712      85213      461        1000       1  Right
4   3   100        5355       85114      85215      463        300        1  Right
0   4   100        5318       85215      85216      465        1000       1  Left 
3   13  100        5371       85216      85316      466        300        1  Right
13  3   100        5390       85316      85416      467        300        1  Right
14  3   100        5392       85416      85516      468        500        1  Right
6   8   500        5316       85213      85615      464        1500       1  Right
3   12  100        5430       85516      85617      468        400        1  Right
0   2   100        5333       85615      85716      470        200        1  Right
5   8   500        5346       85615      86116      470        2000       1  Right
15  8   100        5363       86116      86117      473        1100       1  Left 
0   1   500        5360       85716      86118      472        1500       1  Right
15  3   100        5394       86117      86218      474        600        1  Left 
0   6   100        5386       86118      86218      475        100        1  Right
6   8   100        5365       86218      86219      476        1300       1  Left 
1   2   500        5363       86118      86220      475        500        1  Right
8   6   500        5391       86219      86420      477        6500       1  Left 
2   0   100        5386       86420      86520      479        200        1  Right
2   8   100        5388       86520      86620      480        200        1  Right
2   1   100        5395       86620      86621      481        100        1  Right
6   8   100        5454       86620      86622      480        1300       1  Left 
8   1   100        5396       86622      86722      483        100        1  Right
8   1   100        5396       86722      86822      484        100        1  Right
1   0   100        5405       86822      86823      485        300        1  Right
8   15  500        5414       86822      87224      485        5500       1  Left 
1   2   500        5416       86823      87324      486        500        1  Right
4   8   100        5461       87224      87325      486        200        1  Right
0   1   500        5426       87324      87825      487        1500       1  Right
8   1   100        5435       87825      87925      489        100        1  Right
8   4   100        5435       87925      88025      490        200        1  Right
8   6   100        5435       88025      88125      491        300        1  Right
8   15  100        5435       88125      88225      492        500        1  Right
8   14  100        5435       88225      88325      493        600        1  Left 
8   13  100        5435       88325      88425      494        800        1  Right
2   6   100        5436       88325      88426      494        100        1  Right
8   12  100        5435       88425      88526      495        900        1  Right
2   1   100        5437       88426      88527      496        100        1  Right
0   12  100        5466       88526      88627      497        300        1  Left 
3   1   100        5469       88527      88628      498        600        1  Right
2   0   100        5441       88627      88728      499        200        1  Right
3   1   100        5472       88628      88729      500        600        1  Right
0   12  100        5480       88728      88829      501        300        1  Left 
4   1   500        5510       88729      89230      502        1500       1  Right
2   12  500        5529       88829      89330      503        2500       1  Left 
1   0   100        5453       89330      89430      505        300        1  Right
1   3   100        5453       89430      89530      506        600        1  Right
1   3   100        5456       89530      89630      507        600        1  Right
1   2   500        5460       89630      90130      508        500        1  Right
0   3   500        5528       89630      90131      508        3500       1  Left 
1   8   100        5473       90130      90231      509        100        1  Right
12  8   100        5476       90231      90331      511        700        1  Left 
13  8   100        5478       90331      90332      512        800        1  Right
12  2   100        5503       90331      90333      512        500        1  Left 
1   4   100        5479       90332      90433      513        300        1  Right
14  8   100        5480       90433      90533      515        600        1  Left 
15  8   100        5482       90533      90633      516        500        1  Right
1   8   500        5495       90633      91133      517        500        1  Right
1   8   500        5498       91133      91633      518        500        1  Right
8   2   100        5533       91633      91733      519        200        1  Right
8   0   100        5543       91733      91833      520        400        1  Right
12  8   100        5565       91833      91933      521        900        1  Right
15  8   100        5573       91933      92033      522        1100       1  Left 
15  3   100        5577       92033      92133      523        600        1  Left 
6   0   500        5558       91833      92333      521        500        1  Right
0   1   100        5586       92333      92433      525        300        1  Right
12  3   500        5621       92133      92634      524        2000       1  Right
5   3   100        5674       92634      92734      527        100        1  Right
0   8   500        5615       92433      92934      526        2000       1  Right
3   0   100        5559       92934      93034      529        700        1  Left 
3   12  100        5613       93034      93134      530        400        1  Right
0   5   100        5620       93134      93234      531        800        1  Left 
0   10  100        5620       93234      93334      532        500        1  Left 
2   8   500        5634       92934      93435      529        1000       1  Right
8   0   100        5559       93435      93535      534        400        1  Right
8   2   100        5601       93535      93635      535        200        1  Right
3   4   500        5631       93234      93736      532        1500       1  Right
1   0   500        5607       93635      94136      536        1500       1  Right
0   2   100        5640       94136      94236      538        200        1  Right
3   15  500        5650       93736      94237      537        3000       1  Left 
4   1   100        5666       94136      94238      538        300        1  Right
10  8   100        5682       94238      94338      541        700        1  Right
2   0   500        5667       94236      94737      539        1000       1  Right
1   4   500        5699       94338      94839      542        1500       1  Right
6   0   500        5683       94737      95238      543        500        1  Right
0   2   100        5694       95238      95338      545        200        1  Right
8   12  500        5699       94839      95340      544        4500       1  Right
0   2   100        5699       95338      95341      546        200        1  Right
8   15  500        5700       95340      95743      547        5500       1  Left 
6   2   500        5723       95341      95842      548        500        1  Right
3   4   100        5700       95743      95844      549        300        1  Right
4   3   100        5708       95844      95944      551        300        1  Right
8   10  500        5708       95842      96343      550        4500       1  Left 
1   4   100        5731       96343      96443      553        300        1  Right
0   2   100        5755       96343      96444      553        200        1  Right
3   5   500        5729       95944      96445      552        500        1  Right
1   6   100        5732       96444      96545      555        200        1  Right
12  3   100        5731       96445      96546      556        400        1  Right
4   0   100        5733       96545      96646      557        600        1  Right
3   15  100        5752       96546      96647      558        600        1  Left 
5   1   100        5760       96646      96747      559        500        1  Right
3   12  100        5811       96647      96748      560        400        1  Right
14  8   100        5744       96747      96848      561        600        1  Left 
14  3   100        5748       96848      96948      563        500        1  Right
2   1   100        5761       96848      96949      563        100        1  Right
0   1   100        5761       96949      96950      565        300        1  Right
1   6   100        5769       96950      97050      566        200        1  Right
8   14  500        5790       96948      97350      564        5000       1  Right
8   0   100        5812       97350      97351      568        1200       1  Left 
13  8   100        5833       97351      97451      569        800        1  Right
1   2   500        5782       97050      97452      567        500        1  Right
8   13  500        5874       97451      97952      570        4000       1  Right
1   15  500        5791       97452      97953      571        2000       1  Right
4   1   500        5762       97953      98453      573        1500       1  Right
15  1   100        5765       98453      98553      574        400        1  Right
15  3   100        5775       98553      98653      575        600        1  Left 
1   2   100        5796       98553      98654      575        100        1  Right
0   3   100        5783       98653      98754      576        700        1  Left 
2   1   100        5801       98654      98755      577        100        1  Right
12  3   500        5825       98754      99255      578        2000       1  Right
1   5   500        5804       98755      99256      579        2500       1  Right
3   2   100        5812       99255      99356      580        900        1  Left 
3   12  100        5813       99356      99456      582        400        1  Right
12  3   100        5829       99456      99556      583        400        1  Right
13  3   100        5837       99556      99656      584        300        1  Right
6   1   500        5810       99356      99856      582        1000       1  Right
0   3   500        5851       99656      100157     585        3500       1  Left 
1   2   500        5822       99856      100357     586        500        1  Right
15  1   100        5819       100357     100457     588        400        1  Right
3   14  500        5854       100157     100658     587        2500       1  Right
3   14  100        5857       100658     100758     590        500        1  Right
2   1   500        5825       100457     100759     589        500        1  Right
1   6   100        5845       100759     100760     592        200        1  Right
0   8   500        5868       100758     100961     591        6000       1  Left 
15  1   100        5832       100961     101061     594        400        1  Right
14  3   100        5886       100961     101062     594        500        1  Right
15  0   100        5834       101061     101162     595        100        1  Right
12  1   100        5849       101062     101163     596        1000       1  Right
0   2   500        5880       101162     101164     597        1000       1  Right
1   15  500        5845       101163     101165     598        6000       1  Left 
0   6   100        5922       101164     101166     598        100        1  Right
1   15  500        5858       101165     101567     600        6000       1  Left 
5   0   100        5844       101567     101667     602        800        1  Right
2   0   100        5845       101667     101767     603        200        1  Right
1   12  500        5880       101667     102168     603        5000       1  Right
3   2   100        5882       102168     102169     605        700        1  Right
0   9   100        5922       102168     102170     604        600        1  Left 
2   3   500        5903       102169     102670     606        3500       1  Right
15  1   100        5887       102670     102770     608        400        1  Right
3   12  100        5917       102670     102771     608        400        1  Right
3   12  100        5919       102771     102871     610        400        1  Right
1   15  500        5913       102770     103271     609        2000       1  Right
2   0   100        5914       103271     103371     612        200        1  Right
1   12  500        5957       103271     103772     611        5000       1  Right
0   2   500        5945       103371     103872     612        1000       1  Right
12  0   100        5917       103872     103972     615        300        1  Left 
8   2   100        5956       103872     103973     614        200        1  Right
12  8   100        5919       103973     104073     617        700        1  Left 
12  1   100        5926       104073     104173     617        600        1  Left 
9   8   100        5963       104073     104174     617        600        1  Right
2   1   100        5971       104173     104274     618        100        1  Right
8   15  100        5956       104274     104374     620        500        1  Right
8   14  100        5956       104374     104474     621        600        1  Left 
12  3   500        5928       104174     104675     619        2000       1  Right
15  3   100        5941       104675     104775     623        600        1  Left 
8   13  100        5956       104775     104875     624        800        1  Right
2   0   500        5971       104474     104975     622        1000       1  Right
8   10  100        5956       104875     104976     625        700        1  Right
13  1   100        5988       104975     104977     626        700        1  Left 
10  8   100        5981       104976     104978     627        700        1  Right
6   3   100        5955       104978     105078     629        800        1  Left 
1   2   500        5992       104977     105478     628        500        1  Right
2   8   100        5989       105478     105578     631        200        1  Right
3   13  500        5958       105078     105579     630        1500       1  Right
3   6   500        5986       105579     106079     633        4000       1  Right
12  6   100        5990       106079     106179     634        400        1  Left 
13  8   100        5993       106079     106180     634        800        1  Right
12  1   100        5991       106179     106280     635        600        1  Left 
12  0   100        5995       106280     106380     637        300        1  Left 
0   6   100        5998       106380     106480     638        100        1  Right
2   0   100        6015       106480     106580     639        200        1  Right
1   13  500        6015       106280     106781     637        4500       1  Right
14  8   100        5995       106781     106881     641        600        1  Left 
15  8   100        5997       106881     106981     642        500        1  Right
6   1   100        6022       106981     107081     642        200        1  Right
0   4   100        6024       106981     107082     642        1000       1  Left 
1   12  500        6024       107082     107582     644        3000       1  Left 
0   2   100        6025       107582     107682     645        200        1  Right
8   12  100        6048       107582     107683     645        900        1  Right
0   1   100        6026       107682     107783     646        300        1  Right
8   12  100        6050       107683     107784     647        900        1  Right
6   1   500        6027       107783     108284     648        1000       1  Right
12  8   500        6074       107784     108285     649        4500       1  Right
13  1   100        6041       108285     108385     651        900        1  Right
13  1   100        6054       108385     108485     652        900        1  Right
0   2   500        6041       108284     108785     650        1000       1  Right
13  0   100        6056       108785     108786     654        400        1  Left 
8   9   500        6118       108485     108887     653        3000       1  Right
0   4   100        6067       108887     108987     656        1000       1  Left 
0   8   100        6085       108987     108988     657        1200       1  Left 
0   10  100        6224       108988     109088     657        500        1  Left 
1   6   500        6063       108785     109089     654        1000       1  Right
0   11  100        6225       109088     109189     658        1100       1  Left 
1   13  500        6067       109189     109689     661        3500       1  Left 
2   0   100        6073       109689     109789     662        200        1  Right
6   0   100        6105       109789     109889     663        100        1  Right
0   12  100        6246       109889     109989     663        300        1  Left 
1   13  500        6080       109689     110190     662        4500       1  Right
2   1   100        6075       110190     110290     666        100        1  Right
3   0   100        6124       110190     110291     665        700        1  Left 
1   2   100        6083       110290     110391     667        100        1  Right
2   3   500        6090       110391     110891     669        3500       1  Right
4   1   100        6092       110891     110991     670        300        1  Right
1   2   500        6097       110991     111491     671        500        1  Right
13  1   100        6115       111491     111591     672        700        1  Left 
1   4   500        6123       111591     112091     672        1500       1  Right
13  8   100        6167       112091     112191     673        800        1  Right
2   1   500        6123       112091     112591     673        500        1  Right
2   4   100        6124       112591     112691     675        400        1  Right
8   2   100        6137       112691     112791     676        200        1  Right
8   2   100        6137       112791     112891     677        200        1  Right
6   1   500        6137       112891     113391     678        1000       1  Right
1   13  500        6141       113391     113891     679        3500       1  Left 
1   2   100        6145       113891     113892     680        100        1  Right
6   12  500        6277       113891     113893     680        2000       1  Left 
8   13  500        6208       113891     113894     680        4000       1  Right
0   12  100        6327       113893     113993     682        300        1  Left 
2   1   500        6173       113892     113994     681        500        1  Right
8   0   100        6271       113993     113995     684        1200       1  Left 
1   6   100        6192       113994     113997     685        200        1  Right
8   11  500        6286       113995     113998     686        500        1  Right
4   2   500        6165       113997     114000     687        6000       1  Left 
2   3   100        6183       114000     114100     689        700        1  Right
13  3   100        6245       114100     114200     690        300        1  Right
10  3   100        6257       114200     114300     691        200        1  Right
6   0   500        6299       114000     114501     689        500        1  Right
2   8   500        6186       114100     114601     690        1000       1  Right
3   2   100        6192       114601     114701     694        700        1  Right
2   8   500        6213       114701     115201     695        1000       1  Right
3   15  500        6238       114701     115202     695        3000       1  Left 
0   2   100        6337       115201     115301     696        200        1  Right
1   5   100        6217       115201     115302     696        500        1  Right
11  8   100        6255       115302     115402     699        100        1  Right
3   10  500        6288       115202     115704     697        1000       1  Right
1   0   500        6309       115302     115804     699        1500       1  Right
5   1   500        6255       115804     116304     702        2500       1  Right
2   0   500        6312       115804     116305     702        1000       1  Right
12  1   100        6315       116304     116405     703        1000       1  Right
11  1   100        6321       116405     116505     705        200        1  Right
4   0   500        6329       116405     116906     705        5000       1  Left 
10  1   100        6323       116906     117006     707        800        1  Right
1   12  500        6346       117006     117506     708        3000       1  Left 
2   4   100        6376       117506     117507     709        1200       1  Left 
2   6   100        6377       117507     117607     710        100        1  Right
2   6   100        6399       117607     117707     711        100        1  Right
1   11  500        6357       117506     117907     709        1000       1  Right
1   10  500        6364       117907     118407     713        4000       1  Right
0   8   100        6368       118407     118507     714        400        1  Right
0   5   100        6369       118507     118607     715        800        1  Right
12  1   100        6375       118607     118707     716        600        1  Left 
0   2   100        6386       118707     118807     717        200        1  Right
0   15  100        6387       118807     118907     718        100        1  Right
15  2   100        6397       118907     118908     719        300        1  Right
1   12  500        6406       118707     119109     717        5000       1  Right
11  0   100        6393       119109     119209     721        500        1  Right
11  1   100        6404       119209     119210     722        200        1  Right
4   2   500        6410       119209     119611     722        6000       1  Left 
11  0   100        6406       119611     119711     724        500        1  Right
10  0   100        6409       119711     119811     725        500        1  Left 
5   1   100        6411       119711     119812     725        500        1  Right
