
2
C:/Users/nxconrad/Desktop/REU 2.0/Benchmark Data/16-core/7/flow_freqmine100#1.txt
759
[5, 1, 9, 7, 8, 2, 3, 14, 10, 15, 4, 11, 12, 6, 13, 0]
8   0   100        0          2          102        0          500        1  Left 
0   8   500        317        319        819        0          2500       1  Left 
8   1   100        376        819        919        1          300        1  Right
1   8   500        678        919        1419       1          1500       1  Right
8   1   100        725        1419       1519       2          300        1  Right
3   0   100        1001       1419       1520       0          900        1  Right
6   0   100        1002       1520       1620       2          200        1  Right
5   0   100        1003       1620       1720       3          100        1  Left 
9   0   100        1003       1720       1820       4          300        1  Left 
1   0   100        1004       1820       1920       5          200        1  Left 
15  0   100        1004       1920       2020       6          600        1  Right
12  0   100        1005       2020       2120       7          300        1  Right
14  0   100        1006       2120       2220       8          800        1  Right
10  0   100        1006       2220       2320       9          700        1  Right
11  0   100        1007       2320       2420       10         400        1  Right
1   8   500        1027       1920       2421       6          1500       1  Right
4   0   100        1008       2420       2521       11         500        1  Right
13  0   100        1008       2521       2621       13         100        1  Right
7   0   100        1010       2621       2721       14         400        1  Left 
2   0   100        1012       2721       2821       15         600        1  Left 
0   15  500        1025       2821       3321       16         3000       1  Right
0   1   500        1025       3321       3821       17         1000       1  Left 
0   14  500        1032       3821       4321       18         4000       1  Right
0   2   500        1038       4321       4821       19         3000       1  Left 
15  0   100        1042       4821       4921       20         600        1  Right
0   13  500        1052       4921       5421       21         500        1  Right
0   12  500        1052       5421       5921       22         1500       1  Right
1   0   100        1053       5921       6021       23         200        1  Left 
14  0   100        1069       6021       6121       24         800        1  Right
1   8   500        1379       6021       6522       24         1500       1  Right
0   4   500        1075       6121       6622       25         2500       1  Right
0   5   500        1075       6622       7122       27         500        1  Left 
8   0   100        1077       7122       7222       28         500        1  Left 
8   1   100        1079       7222       7322       29         300        1  Right
0   11  500        1097       7222       7723       29         2000       1  Right
8   0   100        1080       7723       7823       31         500        1  Left 
2   0   100        1086       7823       7923       32         600        1  Left 
0   6   500        1097       7923       8423       33         1000       1  Right
13  0   100        1102       8423       8523       34         100        1  Right
12  0   100        1118       8523       8623       35         300        1  Right
0   10  500        1119       8623       9123       36         3500       1  Right
0   9   500        1119       9123       9623       37         1500       1  Left 
4   0   100        1129       9623       9723       38         500        1  Right
0   7   500        1141       9723       10223      39         2000       1  Left 
5   0   100        1145       10223      10323      40         100        1  Left 
11  0   100        1156       10323      10423      41         400        1  Right
6   0   100        1172       10423      10523      42         200        1  Right
10  0   100        1183       10523      10623      43         700        1  Right
9   0   100        1199       10623      10723      44         300        1  Left 
7   0   100        1210       10723      10823      45         400        1  Left 
0   3   500        1319       10823      11323      46         3500       1  Left 
0   1   100        1340       11323      11423      47         200        1  Left 
3   1   100        1353       11423      11523      48         500        1  Right
0   7   500        1356       11523      12023      49         2000       1  Left 
0   9   500        1356       12023      12523      50         1500       1  Left 
7   1   100        1410       12523      12623      51         200        1  Right
9   1   100        1421       12623      12723      51         100        1  Right
0   10  500        1357       12523      13023      51         3500       1  Right
10  1   100        1438       13023      13123      53         700        1  Right
0   6   500        1357       13023      13523      54         1000       1  Right
0   11  500        1378       13523      14023      56         2000       1  Right
8   6   100        1542       14023      14123      54         900        1  Right
0   5   500        1378       14023      14523      57         500        1  Left 
0   4   500        1400       14523      15023      59         2500       1  Right
0   12  500        1400       15023      15523      60         1500       1  Right
0   13  500        1422       15523      16023      60         500        1  Right
0   2   500        1422       16023      16523      61         3000       1  Left 
0   14  500        1444       16523      17023      62         4000       1  Right
0   1   500        1444       17023      17523      63         1000       1  Left 
6   1   100        1449       17523      17623      64         400        1  Left 
11  1   100        1455       17623      17723      65         600        1  Left 
5   1   100        1466       17723      17823      66         100        1  Right
0   15  500        1466       17723      18224      66         3000       1  Right
0   8   100        1466       18224      18324      68         500        1  Left 
0   8   100        1466       18324      18424      69         500        1  Left 
4   1   100        1472       18424      18524      70         700        1  Left 
12  1   100        1483       18524      18624      71         500        1  Left 
13  1   100        1489       18624      18724      72         300        1  Left 
2   1   100        1493       18724      18824      73         400        1  Right
14  1   100        1504       18824      18924      74         600        1  Right
15  1   100        1512       18924      19024      75         800        1  Right
8   1   100        1546       19024      19124      74         300        1  Right
1   0   500        1612       19124      19624      75         1000       1  Left 
1   15  500        1627       19624      20124      75         4000       1  Right
1   14  500        1627       20124      20624      76         3000       1  Right
1   13  500        1628       20624      21124      77         1500       1  Left 
0   1   100        1631       21124      21224      78         200        1  Left 
1   0   100        1633       21224      21324      79         200        1  Left 
15  0   100        1651       21324      21424      80         600        1  Right
14  0   100        1657       21424      21524      81         800        1  Right
13  0   100        1673       21524      21624      82         100        1  Right
1   2   500        1640       21324      21824      80         2000       1  Right
1   12  500        1640       21824      22324      84         2500       1  Left 
1   4   500        1662       22324      22824      85         3500       1  Left 
2   0   100        1682       22824      22924      86         1000       1  Right
12  0   100        1703       22924      23024      87         300        1  Right
4   0   100        1714       23024      23124      88         500        1  Right
1   5   500        1662       22824      23324      86         500        1  Right
1   11  500        1685       23324      23824      90         3000       1  Left 
1   6   500        1685       23824      24324      91         2000       1  Left 
5   0   100        1730       24324      24424      91         100        1  Left 
11  0   100        1741       24424      24524      92         400        1  Right
6   0   100        1757       24524      24624      93         200        1  Right
1   10  500        1707       24324      24824      92         3500       1  Right
10  0   100        1768       24824      24924      95         700        1  Right
8   6   100        1841       24924      25024      95         900        1  Right
0   6   100        1935       25024      25124      95         200        1  Right
0   15  100        1959       25124      25224      96         600        1  Right
1   9   500        1707       24824      25324      96         500        1  Right
4   1   100        1724       25324      25424      100        700        1  Left 
1   7   500        1729       25424      25924      101        1000       1  Right
5   1   100        1730       25924      25925      102        100        1  Right
9   0   100        1784       25924      25926      102        1300       1  Right
12  1   100        1735       25926      26026      104        500        1  Left 
1   3   500        1740       26026      26526      105        2500       1  Right
13  1   100        1741       26526      26626      106        300        1  Left 
11  1   100        1741       26626      26726      107        600        1  Left 
2   1   100        1745       26726      26727      108        400        1  Right
3   0   100        1786       26726      26728      108        900        1  Right
14  1   100        1756       26728      26828      110        600        1  Right
6   1   100        1757       26828      26928      111        400        1  Left 
15  1   100        1764       26928      27028      112        800        1  Right
10  1   100        1768       27028      27128      113        700        1  Right
15  6   100        1967       27028      27129      111        400        1  Right
9   1   100        1784       27128      27229      114        100        1  Right
3   0   100        1788       27129      27230      115        900        1  Right
7   0   100        1795       27230      27231      117        400        1  Left 
7   1   100        1795       27231      27331      118        200        1  Right
6   8   500        1819       27230      27632      116        4500       1  Right
8   1   100        1847       27632      27732      119        300        1  Right
1   8   500        1848       27732      28232      120        1500       1  Right
1   8   500        1898       28232      28732      121        1500       1  Right
8   0   100        1947       28732      28832      121        500        1  Left 
0   1   100        1968       28832      28932      122        200        1  Left 
6   8   500        2118       28832      29333      121        4500       1  Right
0   14  100        1970       29333      29334      124        800        1  Right
3   1   100        2125       29333      29335      122        500        1  Right
0   13  100        1991       29334      29336      125        100        1  Right
1   6   100        1976       29335      29337      126        1200       1  Right
14  6   100        1984       29337      29437      128        600        1  Right
0   2   100        1995       29337      29438      128        600        1  Left 
2   6   100        2008       29438      29538      130        800        1  Right
13  6   100        2009       29538      29638      131        100        1  Right
1   0   500        2024       29438      29939      129        1000       1  Left 
0   12  100        2026       29939      30039      132        300        1  Right
0   4   100        2037       30039      30139      133        500        1  Right
0   5   100        2060       30139      30239      134        100        1  Left 
1   7   500        2039       29939      30440      132        1000       1  Right
6   0   500        2232       30239      30740      133        1000       1  Right
1   9   500        2039       30440      30941      136        500        1  Right
1   10  500        2040       30941      31441      138        3500       1  Right
1   6   500        2040       31441      31941      139        2000       1  Left 
12  6   100        2049       31941      32041      140        100        1  Right
4   6   100        2068       32041      32141      141        300        1  Right
1   15  500        2062       31941      32442      140        4000       1  Right
1   11  500        2062       32442      32942      143        3000       1  Left 
0   11  100        2069       32942      33042      144        400        1  Right
0   6   100        2090       33042      33142      145        200        1  Right
5   6   100        2101       33142      33242      146        300        1  Left 
0   10  100        2101       33242      33243      147        700        1  Right
11  6   100        2113       33243      33343      148        200        1  Right
1   14  500        2085       32942      33344      144        3000       1  Right
10  6   100        2137       33343      33444      148        500        1  Right
0   3   100        2107       33444      33544      151        900        1  Right
0   9   100        2122       33544      33545      151        1300       1  Right
0   7   100        2133       33545      33546      152        1200       1  Right
9   6   100        2163       33546      33646      153        1100       1  Right
1   5   500        2096       33344      33647      150        500        1  Right
7   6   100        2177       33646      33648      154        1000       1  Right
3   6   100        2254       33648      33748      155        700        1  Right
1   13  500        2096       33647      34049      156        1500       1  Left 
0   3   100        2236       34049      34050      157        900        1  Right
1   2   500        2119       34049      34450      158        2000       1  Right
1   12  500        2119       34450      34950      160        2500       1  Left 
1   4   500        2142       34950      35450      161        3500       1  Left 
6   1   500        2268       35450      35950      161        2000       1  Left 
1   0   100        2310       35950      36050      162        200        1  Left 
1   0   100        2314       36050      36150      163        200        1  Left 
0   8   100        2410       36150      36250      163        500        1  Left 
6   15  500        2280       35950      36450      162        2000       1  Right
1   3   500        2427       36250      36751      162        2500       1  Right
8   1   100        2453       36751      36851      164        300        1  Right
6   14  500        2313       36450      36951      166        3000       1  Right
0   8   100        2583       36851      36952      164        500        1  Left 
6   2   500        2323       36951      37452      168        4000       1  Right
1   8   500        2755       36952      37453      164        1500       1  Right
15  0   100        2332       37452      37553      170        600        1  Right
15  0   100        2336       37553      37653      172        600        1  Right
14  0   100        2360       37653      37753      173        800        1  Left 
2   0   100        2361       37753      37853      174        600        1  Left 
14  0   100        2364       37853      37953      175        800        1  Left 
2   0   100        2365       37953      38053      176        600        1  Left 
6   13  500        2345       37653      38153      173        500        1  Right
14  8   100        2896       38053      38154      171        300        1  Right
13  0   100        2387       38153      38253      178        100        1  Right
13  0   100        2391       38253      38353      180        100        1  Right
6   12  500        2378       38153      38654      178        500        1  Right
6   4   500        2400       38654      39154      182        1500       1  Right
12  0   100        2415       39154      39254      183        300        1  Right
3   4   100        2455       39154      39255      181        400        1  Right
12  0   100        2419       39254      39355      183        300        1  Right
3   4   100        2756       39255      39356      180        400        1  Right
6   5   500        2422       39355      39856      184        1500       1  Left 
4   0   100        2427       39856      39956      186        500        1  Right
4   0   100        2431       39956      40056      187        500        1  Right
5   0   100        2444       40056      40156      188        100        1  Left 
5   0   100        2448       40156      40256      189        100        1  Left 
6   11  500        2433       40056      40556      188        1000       1  Right
6   0   100        2463       40556      40656      191        200        1  Right
11  0   100        2465       40656      40756      192        400        1  Right
6   0   100        2467       40756      40856      193        200        1  Right
11  0   100        2469       40856      40956      194        400        1  Right
6   10  500        2488       40956      41456      195        2500       1  Right
6   9   500        2510       41456      41956      196        2500       1  Left 
10  0   100        2515       41956      42056      197        700        1  Right
10  0   100        2519       42056      42156      198        700        1  Right
6   7   500        2521       42156      42656      198        3000       1  Left 
9   0   100        2532       42656      42756      199        300        1  Left 
9   0   100        2536       42756      42856      200        300        1  Left 
7   0   100        2543       42856      42956      201        400        1  Left 
7   0   100        2547       42956      43056      202        400        1  Left 
6   3   500        2554       42656      43157      199        3500       1  Right
0   3   100        2587       43157      43257      204        700        1  Left 
4   3   500        2737       43257      43757      203        2000       1  Right
3   0   100        2757       43757      43857      204        700        1  Left 
8   0   100        2808       43857      43957      205        500        1  Left 
14  3   100        2900       43857      43958      204        100        1  Right
3   0   500        2879       43958      44458      206        3500       1  Left 
0   14  100        2883       44458      44558      207        800        1  Right
3   2   100        3066       44458      44559      207        100        1  Right
0   14  100        2887       44558      44659      208        800        1  Right
8   0   500        2910       44659      45159      210        2500       1  Left 
4   3   500        3042       44659      45160      210        2000       1  Right
8   0   100        2942       45159      45260      211        500        1  Left 
3   6   100        3095       45160      45261      212        700        1  Right
0   1   100        2970       45260      45361      213        200        1  Left 
8   14  500        3041       45261      45762      214        1500       1  Right
0   8   100        2985       45762      45862      216        500        1  Left 
8   0   100        3181       45862      45962      217        500        1  Left 
3   14  500        3192       45762      46263      216        500        1  Right
3   14  100        3233       46263      46363      219        100        1  Right
1   0   500        3242       45962      46463      218        1000       1  Left 
0   3   100        3077       46463      46563      221        700        1  Left 
0   8   500        3125       46563      47063      222        2500       1  Left 
0   13  100        3185       47063      47163      223        100        1  Right
14  1   100        3228       47063      47164      223        600        1  Right
0   13  100        3189       47163      47264      224        100        1  Right
1   14  500        3515       47164      47665      224        3000       1  Right
13  8   100        3203       47665      47765      227        600        1  Left 
13  3   100        3207       47765      47865      228        800        1  Right
0   1   100        3274       47765      47866      228        200        1  Left 
0   5   100        3498       47866      47966      229        100        1  Left 
8   13  500        3244       47865      48366      229        5000       1  Right
14  3   100        3251       48366      48466      232        100        1  Right
13  1   100        3313       48366      48467      232        300        1  Left 
2   3   500        3338       48466      48967      232        500        1  Right
0   8   500        3498       48467      48968      233        2500       1  Left 
5   8   100        3526       48968      49068      235        400        1  Right
3   13  500        3282       48967      49468      235        4000       1  Right
3   6   100        3358       49468      49568      237        700        1  Right
8   5   500        3557       49068      49569      236        2000       1  Right
6   3   500        3377       49568      50069      238        3500       1  Right
1   13  500        3530       49569      50070      239        1500       1  Left 
11  3   100        3540       50069      50170      240        500        1  Right
3   1   100        3359       50170      50270      242        500        1  Right
0   11  100        3499       50170      50271      242        400        1  Right
8   1   100        3560       50270      50371      243        300        1  Right
14  0   100        3537       50271      50372      244        800        1  Right
1   0   500        3546       50372      50872      246        1000       1  Left 
13  0   100        3557       50872      50972      247        100        1  Right
1   3   500        3638       50872      51373      247        2500       1  Right
0   1   100        3568       51373      51473      249        200        1  Left 
0   2   100        3580       51473      51474      250        600        1  Left 
0   1   100        3800       51474      51574      251        200        1  Left 
0   7   100        3801       51574      51674      252        400        1  Left 
1   8   100        3808       51674      51774      253        300        1  Right
6   3   500        3640       51373      51775      249        3500       1  Right
3   2   100        3676       51775      51875      255        100        1  Right
1   0   500        3840       51774      52275      253        1000       1  Left 
3   11  500        3827       51875      52376      255        2500       1  Right
3   11  100        3877       52376      52476      257        500        1  Right
2   0   500        3857       52275      52776      256        3000       1  Left 
7   3   100        3841       52776      52876      259        300        1  Right
0   3   100        3863       52876      52976      260        900        1  Right
0   14  100        3868       52976      53076      261        800        1  Right
11  3   100        3890       53076      53176      262        500        1  Right
8   1   500        3862       52876      53376      260        1500       1  Right
2   3   500        3948       53176      53677      263        500        1  Right
1   8   500        3870       53376      53877      264        1500       1  Right
14  1   100        3881       53877      53977      266        600        1  Right
3   7   500        3916       53977      54477      267        1500       1  Right
8   0   100        3924       54477      54577      268        500        1  Left 
3   6   100        3975       54477      54578      268        700        1  Right
0   8   500        3980       54577      55078      269        2500       1  Left 
3   5   100        4000       55078      55178      271        600        1  Right
0   15  100        4102       55078      55179      271        600        1  Right
1   3   100        4096       55178      55279      272        500        1  Right
8   0   100        4042       55279      55379      274        500        1  Left 
8   1   100        4044       55379      55479      275        300        1  Right
0   1   100        4104       55479      55579      276        200        1  Left 
15  8   100        4110       55479      55580      276        500        1  Right
3   1   100        4109       55580      55680      278        500        1  Right
1   3   100        4113       55680      55780      279        500        1  Right
3   0   100        4139       55780      55880      280        900        1  Right
1   8   500        4135       55780      56280      280        1500       1  Right
3   0   500        4155       55880      56381      281        4500       1  Right
1   14  500        4153       56381      56881      283        3000       1  Right
0   3   100        4157       56881      56981      284        700        1  Left 
0   13  100        4171       56981      57081      285        100        1  Right
8   15  500        4161       56981      57481      285        2500       1  Right
8   4   100        4188       57481      57581      287        600        1  Right
3   1   500        4188       57581      58081      288        2500       1  Right
13  1   100        4189       58081      58181      289        300        1  Left 
0   1   100        4222       58181      58281      290        200        1  Left 
4   8   500        4224       58081      58582      289        3000       1  Right
1   14  100        4223       58582      58682      292        600        1  Right
14  1   100        4231       58682      58782      293        600        1  Right
1   0   100        4240       58782      58882      294        200        1  Left 
6   3   500        4257       58782      59283      294        3500       1  Right
1   0   500        4243       58882      59383      295        1000       1  Left 
1   13  500        4252       59383      59883      297        1500       1  Left 
1   0   100        4253       59883      59983      298        200        1  Left 
0   8   100        4268       59983      60083      299        500        1  Left 
0   1   100        4275       60083      60183      300        200        1  Left 
0   6   100        4316       60183      60283      301        200        1  Right
5   3   500        4283       60183      60683      301        3000       1  Right
1   0   500        4296       60683      61183      303        1000       1  Left 
1   3   100        4298       61183      61283      304        500        1  Right
3   1   100        4307       61283      61383      305        500        1  Right
0   1   100        4317       61383      61483      306        200        1  Left 
8   1   100        4324       61483      61583      306        300        1  Right
8   5   100        4324       61583      61683      307        400        1  Right
8   15  100        4324       61683      61783      308        500        1  Right
8   14  100        4324       61783      61883      309        300        1  Right
8   13  100        4324       61883      61983      310        600        1  Left 
1   8   100        4333       61983      62083      311        300        1  Right
1   0   500        4340       62083      62583      312        1000       1  Left 
5   8   100        4345       62583      62683      313        400        1  Right
1   8   100        4362       62683      62783      314        300        1  Right
13  8   100        4364       62783      62883      315        600        1  Left 
14  8   100        4366       62883      62983      316        300        1  Right
15  8   100        4368       62983      63083      317        500        1  Right
8   1   100        4371       63083      63183      318        300        1  Right
15  3   100        4415       63083      63184      318        300        1  Right
0   8   100        4385       63183      63284      319        500        1  Left 
0   2   100        4404       63284      63384      321        600        1  Left 
0   15  100        4406       63384      63484      322        600        1  Right
2   8   100        4417       63384      63485      322        100        1  Right
1   3   500        4422       63484      63985      323        5500       1  Left 
8   0   100        4419       63985      64085      325        500        1  Left 
6   3   100        4454       63985      64086      325        700        1  Right
8   6   100        4428       64086      64186      327        700        1  Left 
8   4   100        4440       64186      64286      328        600        1  Right
8   6   100        4441       64286      64386      329        700        1  Left 
3   0   100        4450       64386      64486      330        700        1  Left 
8   0   100        4463       64486      64586      331        500        1  Left 
3   15  500        4451       64486      64587      331        1500       1  Right
4   8   500        4476       64586      64688      332        5000       1  Left 
0   3   500        4462       64688      65188      334        3500       1  Left 
3   6   100        4472       65188      65288      335        700        1  Right
8   2   100        4515       65188      65289      335        100        1  Right
0   3   500        4481       65288      65789      336        4500       1  Right
8   2   500        4570       65289      65790      337        500        1  Right
15  1   100        4494       65789      65890      338        800        1  Left 
0   8   500        4506       65890      66390      340        2500       1  Left 
3   0   100        4512       66390      66490      341        700        1  Left 
6   8   500        4513       66490      66990      342        3500       1  Left 
1   15  500        4520       66990      67490      343        4000       1  Right
15  0   100        4547       67490      67590      344        600        1  Right
2   8   500        4561       67490      67991      344        500        1  Right
0   3   500        4552       67590      67992      345        4500       1  Right
1   2   100        4581       67991      67993      346        400        1  Right
3   5   100        4588       67992      67994      347        1000       1  Left 
1   8   100        4646       67993      67995      348        300        1  Right
2   0   100        4602       67994      67996      349        1000       1  Right
1   8   100        4679       67995      67997      350        300        1  Right
6   0   500        4613       67996      68497      351        1000       1  Right
0   1   100        4552       68497      68597      353        200        1  Left 
8   6   100        4606       68497      68598      353        900        1  Right
0   1   100        4573       68597      68698      354        200        1  Left 
6   8   500        4720       68598      69099      355        4500       1  Right
1   0   500        4682       68698      69199      356        1000       1  Left 
12  8   100        4729       69099      69200      357        800        1  Right
1   0   500        4722       69199      69700      358        1000       1  Left 
3   1   500        4594       69700      70200      360        2500       1  Right
0   2   100        4622       70200      70300      361        600        1  Left 
0   1   100        4625       70300      70400      362        200        1  Left 
2   1   500        4648       70400      70900      363        2000       1  Right
0   1   100        4661       70900      71000      364        200        1  Left 
2   3   100        4722       70900      71001      364        100        1  Right
8   1   100        4684       71000      71101      365        300        1  Right
0   1   100        4701       71101      71201      367        200        1  Left 
0   12  100        4706       71201      71301      368        300        1  Right
0   2   100        4708       71301      71302      369        1000       1  Right
8   1   500        4730       71201      71603      368        1500       1  Right
3   2   500        4743       71302      71803      370        500        1  Right
1   0   500        4735       71603      72104      371        1000       1  Left 
8   12  500        4765       71803      72304      372        4000       1  Right
8   1   100        4768       72304      72404      374        300        1  Right
2   1   100        4768       72404      72504      375        400        1  Right
0   1   100        4789       72504      72604      376        200        1  Left 
0   15  100        4855       72604      72704      376        600        1  Right
1   2   500        4789       72604      73104      377        2000       1  Right
2   0   100        4810       73104      73204      379        600        1  Left 
1   8   100        4810       73204      73304      380        300        1  Right
2   1   100        4821       73304      73404      380        400        1  Right
2   0   100        4823       73404      73504      381        600        1  Left 
1   3   100        4827       73504      73604      382        500        1  Right
3   1   100        4840       73604      73704      383        500        1  Right
1   2   500        4842       73704      73705      384        2000       1  Right
5   3   500        4865       73704      73706      384        5000       1  Left 
8   1   100        4848       73705      73806      385        300        1  Right
15  1   100        4863       73806      73906      387        800        1  Right
2   1   100        4864       73906      74006      388        400        1  Right
2   3   100        4908       74006      74106      389        100        1  Right
1   8   500        4866       74006      74506      389        1500       1  Right
1   0   100        4873       74506      74606      391        200        1  Left 
1   8   100        4875       74606      74706      392        300        1  Right
6   8   500        4883       74706      75206      393        3500       1  Left 
1   2   500        4885       75206      75706      394        2000       1  Right
1   15  500        4889       75706      76206      395        4000       1  Right
12  8   100        4960       76206      76306      395        800        1  Right
2   8   100        4967       76306      76406      396        100        1  Right
12  3   100        5035       76306      76407      396        600        1  Right
1   0   500        4899       76206      76706      396        1000       1  Left 
1   6   100        4903       76706      76806      400        400        1  Left 
1   0   100        4908       76806      76906      401        200        1  Left 
3   1   100        4910       76906      77006      402        500        1  Right
0   6   100        4958       76906      77007      401        200        1  Right
3   1   100        4910       77006      77107      403        500        1  Right
8   0   100        4931       77107      77207      404        500        1  Left 
8   2   100        4931       77207      77307      405        100        1  Right
0   1   100        4962       77207      77308      405        200        1  Left 
8   12  100        4931       77307      77408      406        800        1  Right
8   2   100        4932       77408      77508      408        100        1  Right
1   0   500        4983       77308      77809      407        1000       1  Left 
0   8   100        4974       77809      77909      410        500        1  Left 
0   4   100        5006       77909      78009      411        500        1  Right
2   8   500        4986       77909      78409      411        500        1  Right
8   1   100        5030       78409      78509      413        300        1  Right
6   0   500        5006       78009      78510      412        1000       1  Right
12  1   100        5081       78509      78610      414        1100       1  Right
0   4   100        5008       78610      78710      416        500        1  Right
0   12  100        5010       78710      78810      417        300        1  Right
8   6   100        5039       78810      78811      418        700        1  Left 
8   5   100        5064       78811      78911      419        400        1  Right
8   1   100        5089       78911      79011      420        300        1  Right
0   2   100        5137       79011      79111      421        600        1  Left 
0   2   100        5157       79111      79211      422        600        1  Left 
3   12  500        5056       78810      79212      418        3000       1  Right
4   0   500        5042       79212      79712      424        2500       1  Right
3   2   500        5190       79212      79713      424        500        1  Right
4   8   100        5043       79712      79813      425        1000       1  Left 
12  0   100        5143       79813      79913      427        300        1  Right
5   8   500        5095       79813      80313      427        2000       1  Right
1   12  500        5112       80313      80813      429        2500       1  Left 
8   4   500        5186       80313      80814      429        3000       1  Right
12  1   100        5154       80813      80914      430        500        1  Left 
12  0   100        5156       80914      81014      432        300        1  Right
0   1   100        5185       81014      81114      433        200        1  Left 
8   2   500        5228       80814      81315      431        500        1  Right
6   1   500        5210       81114      81615      434        2000       1  Left 
12  1   100        5217       81615      81715      436        500        1  Left 
0   1   100        5229       81715      81815      437        200        1  Left 
8   14  500        5247       81315      81816      435        1500       1  Right
0   4   100        5258       81815      81916      438        500        1  Right
3   0   100        5219       81916      82016      440        900        1  Right
3   0   100        5235       82016      82116      441        900        1  Right
0   6   100        5259       82116      82216      442        200        1  Right
3   15  100        5371       82116      82217      442        300        1  Right
1   8   500        5127       81816      82317      439        1500       1  Right
3   14  100        5371       82217      82317      444        100        1  Right
2   8   100        5182       82317      82417      445        100        1  Right
14  8   100        5201       82417      82517      446        300        1  Right
8   5   100        5315       82517      82617      447        400        1  Right
4   0   500        5294       82216      82718      443        2500       1  Right
1   12  500        5185       82718      83218      449        2500       1  Left 
1   3   500        5187       83218      83718      450        2500       1  Right
1   3   500        5198       83718      84218      451        2500       1  Right
1   12  500        5248       84218      84718      452        2500       1  Left 
12  8   100        5279       84718      84818      453        800        1  Right
1   0   100        5297       84718      84819      453        200        1  Left 
13  8   100        5307       84818      84919      454        1000       1  Right
0   1   500        5318       84819      85320      455        1000       1  Left 
8   12  500        5315       84919      85420      456        4000       1  Right
0   6   100        5318       85320      85421      457        200        1  Right
12  3   100        5350       85420      85520      458        600        1  Right
2   1   100        5342       85420      85521      458        400        1  Right
0   4   100        5318       85520      85621      460        500        1  Right
4   3   100        5355       85621      85721      462        400        1  Right
6   8   500        5316       85621      86121      462        3500       1  Left 
0   2   100        5333       86121      86122      464        600        1  Left 
13  3   100        5390       86121      86123      464        800        1  Right
1   0   100        5339       86122      86223      465        200        1  Left 
8   13  500        5348       86123      86624      466        5000       1  Right
0   1   500        5360       86223      86724      467        1000       1  Left 
3   13  100        5371       86624      86725      468        800        1  Right
5   8   500        5346       86724      86726      469        2000       1  Right
2   0   500        5361       86725      86727      470        5000       1  Right
15  8   100        5363       86727      86827      472        500        1  Right
0   6   100        5386       86727      86828      472        200        1  Right
14  3   100        5392       86827      86927      473        100        1  Right
15  3   100        5394       86927      87027      475        300        1  Right
3   12  100        5430       87027      87127      475        600        1  Right
1   2   500        5363       86827      87328      473        2000       1  Right
6   8   100        5365       87328      87428      478        700        1  Left 
2   0   100        5386       87428      87528      479        600        1  Left 
2   8   100        5388       87528      87628      480        100        1  Right
1   0   100        5405       87528      87629      480        200        1  Left 
8   6   500        5391       87628      88129      481        4500       1  Right
2   1   100        5395       88129      88229      483        400        1  Right
8   1   100        5396       88229      88329      484        300        1  Right
8   1   100        5396       88329      88429      485        300        1  Right
8   15  500        5414       88429      88929      486        2500       1  Right
0   1   500        5426       88429      88930      485        1000       1  Left 
6   8   100        5454       88929      89030      486        900        1  Right
1   2   500        5416       89030      89530      489        2000       1  Right
8   1   100        5435       89530      89630      489        300        1  Right
8   4   100        5435       89630      89730      490        600        1  Right
8   6   100        5435       89730      89830      491        700        1  Left 
8   15  100        5435       89830      89930      492        500        1  Right
8   14  100        5435       89930      90030      493        300        1  Right
8   13  100        5435       90030      90031      494        600        1  Left 
2   6   100        5436       90030      90032      494        800        1  Right
8   12  100        5435       90032      90132      496        800        1  Right
2   1   100        5437       90132      90232      497        400        1  Right
0   12  100        5466       90132      90233      497        300        1  Right
4   8   100        5461       90232      90333      498        600        1  Right
0   12  100        5480       90233      90334      499        300        1  Right
3   1   100        5469       90333      90434      500        500        1  Right
2   0   100        5441       90434      90534      502        600        1  Left 
1   0   100        5453       90534      90634      503        200        1  Left 
2   12  500        5529       90534      91035      503        3500       1  Right
1   3   100        5453       91035      91135      505        500        1  Right
1   3   100        5456       91135      91235      506        500        1  Right
1   2   500        5460       91235      91236      507        2000       1  Right
0   3   500        5528       91235      91237      507        4500       1  Right
1   8   100        5473       91236      91337      508        300        1  Right
3   1   100        5472       91337      91437      510        500        1  Right
12  8   100        5476       91437      91537      511        800        1  Right
13  8   100        5478       91537      91538      512        600        1  Left 
12  2   100        5503       91537      91539      512        700        1  Right
1   4   100        5479       91539      91639      514        700        1  Left 
14  8   100        5480       91539      91640      514        300        1  Right
15  8   100        5482       91640      91740      516        500        1  Right
8   2   100        5533       91740      91840      517        100        1  Right
4   1   500        5510       91639      92140      515        3500       1  Left 
1   8   500        5495       92140      92640      519        1500       1  Right
1   8   500        5498       92640      93140      520        1500       1  Right
8   0   100        5543       93140      93240      521        500        1  Left 
12  8   100        5565       93240      93340      522        800        1  Right
15  8   100        5573       93340      93440      523        500        1  Right
15  3   100        5577       93440      93540      524        300        1  Right
6   0   500        5558       93240      93740      522        1000       1  Right
0   1   100        5586       93740      93840      526        200        1  Left 
12  3   500        5621       93540      94041      525        3000       1  Right
0   8   500        5615       93840      94341      527        2500       1  Left 
3   0   100        5559       94341      94441      529        700        1  Left 
8   0   100        5559       94441      94541      530        500        1  Left 
3   12  100        5613       94441      94542      530        600        1  Right
8   2   100        5601       94541      94642      531        100        1  Right
1   0   500        5607       94541      95042      531        1000       1  Left 
3   4   500        5631       94542      95043      532        2000       1  Right
0   5   100        5620       95042      95142      534        100        1  Left 
2   8   500        5634       94642      95143      533        500        1  Right
4   1   100        5666       95142      95242      536        700        1  Left 
3   15  500        5650       95043      95545      535        1500       1  Right
2   0   500        5667       95242      95743      538        3000       1  Left 
0   10  100        5620       95743      95744      540        700        1  Right
5   3   100        5674       95743      95745      540        600        1  Right
10  8   100        5682       95745      95845      542        400        1  Right
5   1   100        5760       95745      95846      542        100        1  Right
6   0   500        5683       95744      96245      541        1000       1  Right
8   12  500        5699       95845      96347      543        4000       1  Right
0   2   100        5640       96347      96447      546        600        1  Left 
4   3   100        5708       96347      96448      546        400        1  Right
0   2   100        5694       96447      96548      547        600        1  Left 
12  3   100        5731       96448      96549      548        600        1  Right
0   2   100        5699       96548      96649      549        600        1  Left 
1   4   500        5699       96649      97149      551        3500       1  Left 
8   15  500        5700       96649      97150      551        2500       1  Right
4   0   100        5733       97149      97250      552        500        1  Right
8   10  500        5708       97150      97651      553        2000       1  Right
3   4   100        5700       97651      97751      555        400        1  Right
6   2   500        5723       97651      98152      555        4000       1  Left 
3   5   500        5729       98152      98652      557        3000       1  Right
1   4   100        5731       98652      98752      558        700        1  Left 
14  8   100        5744       98652      98753      558        300        1  Right
1   6   100        5732       98752      98853      559        400        1  Left 
14  3   100        5748       98753      98854      560        100        1  Right
0   2   100        5755       98853      98954      561        600        1  Left 
3   15  100        5752       98854      98955      562        300        1  Right
2   1   100        5761       98954      99055      563        400        1  Right
3   12  100        5811       98955      99056      564        600        1  Right
0   1   100        5761       99055      99156      565        200        1  Left 
8   14  500        5790       99056      99557      566        1500       1  Right
4   1   500        5762       99156      99657      567        3500       1  Left 
15  1   100        5765       99657      99757      569        800        1  Right
1   6   100        5769       99757      99857      570        400        1  Left 
15  3   100        5775       99757      99858      570        300        1  Right
0   3   100        5783       99858      99859      572        900        1  Right
1   2   500        5782       99857      100259     571        2000       1  Right
2   1   100        5801       100259     100359     574        400        1  Right
12  3   500        5825       99859      100360     573        3000       1  Right
12  3   100        5829       100360     100460     576        600        1  Right
6   1   500        5810       100359     100860     575        2000       1  Left 
1   15  500        5791       100860     101360     578        4000       1  Right
1   2   100        5796       101360     101460     579        400        1  Right
3   2   100        5812       101460     101560     580        100        1  Right
8   0   100        5812       101560     101660     581        1100       1  Right
3   12  100        5813       101660     101760     582        600        1  Right
13  8   100        5833       101760     101860     583        1000       1  Right
1   5   500        5804       101460     101960     580        500        1  Right
13  3   100        5837       101860     101961     584        800        1  Right
1   2   500        5822       101960     101962     585        2000       1  Right
0   3   500        5851       101961     101963     586        4500       1  Right
15  1   100        5819       101963     102063     588        800        1  Right
2   1   500        5825       102063     102563     589        2000       1  Right
3   14  500        5854       102063     102564     589        500        1  Right
15  1   100        5832       102563     102664     590        800        1  Left 
3   14  100        5857       102564     102665     591        100        1  Right
15  0   100        5834       102664     102765     592        600        1  Right
14  3   100        5886       102665     102766     593        100        1  Right
5   0   100        5844       102765     102767     594        100        1  Left 
1   6   100        5845       102766     102768     595        1200       1  Right
2   0   100        5845       102768     102868     597        600        1  Left 
1   15  500        5845       102868     103368     598        4000       1  Right
12  1   100        5849       103368     103468     599        500        1  Left 
2   3   500        5903       103368     103869     599        500        1  Right
1   15  500        5858       103468     103969     600        4000       1  Left 
0   8   500        5868       103969     104469     602        2500       1  Left 
8   13  500        5874       104469     104969     603        3000       1  Left 
0   2   500        5880       104969     105469     604        3000       1  Left 
3   2   100        5882       105469     105569     605        100        1  Right
1   12  500        5880       105469     105969     605        2500       1  Left 
15  1   100        5887       105969     106069     607        800        1  Right
0   6   100        5922       105969     106070     606        200        1  Right
1   15  500        5913       106069     106570     608        4000       1  Right
2   0   100        5914       106570     106670     610        600        1  Left 
3   12  100        5917       106570     106671     610        600        1  Right
0   9   100        5922       106670     106771     610        300        1  Left 
3   12  100        5919       106671     106772     612        600        1  Right
0   2   500        5945       106771     107272     612        3000       1  Left 
12  0   100        5917       107272     107372     615        300        1  Right
8   2   100        5956       107272     107373     614        100        1  Right
8   15  100        5956       107373     107473     616        500        1  Right
8   14  100        5956       107473     107573     617        300        1  Right
1   12  500        5957       107372     107873     615        2500       1  Left 
12  8   100        5919       107873     107973     620        800        1  Right
12  1   100        5926       107973     108073     620        500        1  Left 
9   8   100        5963       107973     108074     620        200        1  Right
8   13  100        5956       108074     108174     622        600        1  Left 
2   1   100        5971       108174     108274     623        400        1  Right
12  3   500        5928       108073     108574     621        3000       1  Right
15  3   100        5941       108574     108674     625        300        1  Right
6   3   100        5955       108674     108675     626        700        1  Right
2   0   500        5971       108274     108676     624        3000       1  Left 
3   13  500        5958       108675     109176     627        4000       1  Right
1   2   500        5992       108676     109177     628        2000       1  Right
13  1   100        5988       109177     109277     630        300        1  Left 
3   6   500        5986       109176     109677     629        3500       1  Right
8   10  100        5956       109677     109777     632        400        1  Right
1   13  500        6015       109277     109778     631        1500       1  Left 
12  6   100        5990       109677     109779     632        100        1  Right
10  8   100        5981       109777     109878     633        400        1  Right
12  1   100        5991       109779     109880     635        500        1  Left 
2   8   100        5989       109878     109979     636        100        1  Right
12  0   100        5995       109880     109981     637        300        1  Right
13  8   100        5993       109981     110081     639        600        1  Left 
14  8   100        5995       110081     110181     640        300        1  Right
0   6   100        5998       110081     110182     640        200        1  Right
15  8   100        5997       110181     110282     641        500        1  Right
6   1   100        6022       110182     110283     641        400        1  Left 
12  8   500        6074       110282     110783     642        4000       1  Right
2   0   100        6015       110783     110883     645        600        1  Left 
0   4   100        6024       110883     110983     645        500        1  Right
1   12  500        6024       110983     111483     646        2500       1  Left 
0   2   100        6025       111483     111583     647        600        1  Left 
0   1   100        6026       111583     111683     648        200        1  Left 
8   12  100        6048       111583     111684     648        800        1  Right
8   12  100        6050       111684     111784     650        800        1  Right
6   1   500        6027       111683     112184     649        2000       1  Left 
13  1   100        6041       112184     112284     652        300        1  Left 
8   9   500        6118       111784     112285     651        1000       1  Right
0   2   500        6041       112284     112785     653        5000       1  Right
13  1   100        6054       112785     112885     655        300        1  Left 
13  0   100        6056       112885     112886     656        100        1  Right
1   6   500        6063       112885     113287     656        6000       1  Right
0   4   100        6067       113287     113387     658        500        1  Right
1   13  500        6067       113387     113887     659        1500       1  Left 
2   0   100        6073       113887     113987     660        600        1  Left 
2   1   100        6075       113987     114087     661        400        1  Right
6   0   100        6105       113987     114088     661        200        1  Right
2   3   500        6090       114087     114588     662        500        1  Right
1   13  500        6080       114088     114589     663        1500       1  Left 
1   2   100        6083       114589     114590     665        400        1  Right
3   0   100        6124       114589     114591     664        900        1  Right
1   2   500        6097       114590     115091     666        2000       1  Right
0   8   100        6085       115091     115191     668        500        1  Left 
4   1   100        6092       115191     115291     669        700        1  Left 
8   2   100        6137       115191     115292     668        100        1  Right
13  1   100        6115       115291     115392     670        300        1  Left 
8   2   100        6137       115292     115393     670        100        1  Right
1   4   500        6123       115392     115893     671        3500       1  Left 
0   10  100        6224       115893     115993     673        700        1  Right
0   11  100        6225       115993     116093     674        400        1  Right
0   12  100        6246       116093     116193     675        300        1  Right
2   1   500        6123       115893     116393     673        2000       1  Right
2   4   100        6124       116393     116493     677        500        1  Right
6   1   500        6137       116393     116894     677        2000       1  Left 
1   13  500        6141       116894     117394     679        1500       1  Left 
6   12  500        6277       116894     117395     679        500        1  Right
1   2   100        6145       117394     117495     680        400        1  Right
0   12  100        6327       117395     117496     681        300        1  Right
13  8   100        6167       117496     117596     683        600        1  Left 
1   6   100        6192       117596     117696     684        400        1  Left 
4   2   500        6165       117495     117996     682        2500       1  Right
3   2   100        6192       117996     118096     686        100        1  Right
8   13  500        6208       117696     118197     685        3000       1  Left 
3   15  500        6238       118096     118597     687        1500       1  Right
2   1   500        6173       118197     118698     688        2000       1  Right
1   5   100        6217       118698     118798     690        100        1  Right
3   10  500        6288       118597     119098     689        1000       1  Right
2   3   100        6183       119098     119198     692        100        1  Right
13  3   100        6245       119198     119298     693        800        1  Right
5   1   500        6255       118798     119299     691        500        1  Right
10  3   100        6257       119298     119398     694        200        1  Right
12  1   100        6315       119299     119400     695        500        1  Left 
2   8   500        6186       119198     119699     693        500        1  Right
2   8   500        6213       119699     120199     698        500        1  Right
11  8   100        6255       120199     120299     699        700        1  Right
8   0   100        6271       120299     120399     700        500        1  Left 
8   11  500        6286       120399     120899     701        3500       1  Right
6   0   500        6299       120399     120900     701        1000       1  Right
11  1   100        6321       120899     121000     702        1000       1  Right
1   0   500        6309       121000     121500     704        1000       1  Left 
2   0   500        6312       121500     122000     705        3000       1  Left 
10  1   100        6323       122000     122100     706        700        1  Right
4   0   500        6329       122000     122501     706        2500       1  Right
0   2   100        6337       122501     122601     708        600        1  Left 
2   4   100        6376       122601     122701     709        500        1  Right
1   12  500        6346       122601     123101     709        2500       1  Left 
1   11  500        6357       123101     123601     711        3000       1  Left 
11  0   100        6393       123601     123701     712        400        1  Right
1   10  500        6364       123601     124101     712        3500       1  Right
0   8   100        6368       124101     124102     714        500        1  Left 
2   6   100        6377       124101     124103     714        800        1  Right
0   5   100        6369       124102     124203     715        100        1  Left 
12  1   100        6375       124103     124204     716        1100       1  Right
0   2   100        6386       124204     124304     718        600        1  Left 
0   15  100        6387       124304     124404     719        600        1  Right
15  2   100        6397       124404     124504     720        400        1  Right
11  1   100        6404       124404     124505     720        600        1  Left 
11  0   100        6406       124505     124605     722        400        1  Right
5   1   100        6411       124505     124606     722        100        1  Right
4   2   500        6410       124504     125005     721        2500       1  Right
1   12  500        6406       124606     125107     724        2500       1  Left 
2   6   100        6399       125107     125207     727        800        1  Right
10  0   100        6409       125207     125307     727        700        1  Right
