
229
C:/Users/nxconrad/Desktop/REU 2.0/Benchmark Data/16-core/7/flow_freqmine100#1.txt
759
[6, 14, 2, 12, 0, 4, 3, 1, 11, 5, 9, 7, 13, 10, 8, 15]
8   0   100        0          2          102        0          600        1  Left 
0   8   500        317        319        819        0          3000       1  Left 
8   1   100        376        819        919        1          700        1  Right
1   8   500        678        919        1419       1          3500       1  Right
8   1   100        725        1419       1519       2          700        1  Right
3   0   100        1001       1419       1520       0          200        1  Right
6   0   100        1002       1520       1620       2          400        1  Right
5   0   100        1003       1620       1720       3          500        1  Right
9   0   100        1003       1720       1820       4          600        1  Right
1   0   100        1004       1820       1920       5          300        1  Right
15  0   100        1004       1920       2020       6          500        1  Left 
12  0   100        1005       2020       2120       7          100        1  Right
14  0   100        1006       2120       2220       8          300        1  Right
1   8   500        1027       1920       2421       6          3500       1  Right
0   15  500        1025       2220       2721       9          2500       1  Left 
10  0   100        1006       2721       2821       11         700        1  Left 
11  0   100        1007       2821       2921       12         400        1  Right
4   0   100        1008       2921       3021       13         100        1  Right
13  0   100        1008       3021       3121       14         800        1  Right
7   0   100        1010       3121       3221       15         700        1  Right
2   0   100        1012       3221       3321       16         200        1  Right
0   1   500        1025       3321       3821       17         1500       1  Right
0   14  500        1032       3821       4321       18         1500       1  Right
0   2   500        1038       4321       4821       19         1000       1  Right
15  0   100        1042       4821       4921       20         500        1  Left 
0   13  500        1052       4921       5421       21         4000       1  Right
0   12  500        1052       5421       5921       22         500        1  Right
1   0   100        1053       5921       6021       23         300        1  Right
14  0   100        1069       6021       6121       24         300        1  Right
1   8   500        1379       6021       6522       24         3500       1  Right
0   4   500        1075       6121       6622       25         500        1  Right
0   5   500        1075       6622       7122       27         2500       1  Right
8   0   100        1077       7122       7222       28         600        1  Left 
8   1   100        1079       7222       7322       29         700        1  Right
8   0   100        1080       7322       7422       30         600        1  Left 
2   0   100        1086       7422       7522       31         200        1  Right
0   11  500        1097       7522       8022       32         2000       1  Right
0   6   500        1097       8022       8522       33         2000       1  Right
13  0   100        1102       8522       8622       34         800        1  Right
12  0   100        1118       8622       8722       35         100        1  Right
0   10  500        1119       8722       9222       36         3500       1  Left 
0   9   500        1119       9222       9722       37         3000       1  Right
4   0   100        1129       9722       9822       38         100        1  Right
0   7   500        1141       9822       10322      39         3500       1  Right
5   0   100        1145       10322      10422      40         500        1  Right
11  0   100        1156       10422      10522      41         400        1  Right
6   0   100        1172       10522      10622      42         400        1  Right
10  0   100        1183       10622      10722      43         700        1  Left 
9   0   100        1199       10722      10822      44         600        1  Right
7   0   100        1210       10822      10922      45         700        1  Right
0   3   500        1319       10922      11422      46         1000       1  Right
0   1   100        1340       11422      11522      47         300        1  Right
3   1   100        1353       11522      11622      48         100        1  Right
0   7   500        1356       11522      12023      48         4500       1  Left 
0   9   500        1356       12023      12523      50         3000       1  Right
7   1   100        1410       12523      12623      51         400        1  Right
9   1   100        1421       12623      12723      51         300        1  Right
0   10  500        1357       12523      13023      51         3500       1  Left 
10  1   100        1438       13023      13123      53         600        1  Right
0   6   500        1357       13023      13523      54         2000       1  Right
8   6   100        1542       13523      13623      53         200        1  Left 
0   11  500        1378       13523      14023      56         2000       1  Right
0   5   500        1378       14023      14523      58         2500       1  Right
0   4   500        1400       14523      15023      59         500        1  Right
0   12  500        1400       15023      15523      60         500        1  Right
0   13  500        1422       15523      16023      60         4000       1  Right
0   2   500        1422       16023      16523      61         1000       1  Right
0   14  500        1444       16523      17023      62         1500       1  Right
0   1   500        1444       17023      17523      63         1500       1  Right
6   1   100        1449       17523      17623      64         700        1  Right
11  1   100        1455       17623      17723      65         100        1  Right
5   1   100        1466       17723      17823      66         200        1  Right
4   1   100        1472       17823      17923      67         200        1  Right
0   15  500        1466       17623      18124      65         2500       1  Left 
0   8   100        1466       18124      18224      69         600        1  Left 
0   8   100        1466       18224      18324      70         600        1  Left 
12  1   100        1483       18324      18424      71         400        1  Right
13  1   100        1489       18424      18524      72         500        1  Right
2   1   100        1493       18524      18624      73         500        1  Right
14  1   100        1504       18624      18724      74         600        1  Right
15  1   100        1512       18724      18824      75         800        1  Right
8   1   100        1546       18824      18924      74         700        1  Right
1   0   500        1612       18924      19424      75         1500       1  Right
1   15  500        1627       19424      19924      75         4000       1  Right
1   14  500        1627       19924      20424      76         3000       1  Right
1   13  500        1628       20424      20924      77         2500       1  Right
0   1   100        1631       20924      21024      78         300        1  Right
1   0   100        1633       21024      21124      79         300        1  Right
1   2   500        1640       21124      21624      80         2500       1  Right
1   12  500        1640       21624      22124      81         2000       1  Right
15  0   100        1651       22124      22224      82         500        1  Left 
14  0   100        1657       22224      22324      83         300        1  Right
13  0   100        1673       22324      22424      84         800        1  Left 
2   0   100        1682       22424      22524      85         200        1  Right
12  0   100        1703       22524      22624      86         100        1  Right
1   4   500        1662       22124      22625      82         1000       1  Right
4   0   100        1714       22625      22725      88         100        1  Right
1   5   500        1662       22625      23125      88         1000       1  Right
5   0   100        1730       23125      23225      89         1100       1  Left 
1   11  500        1685       23125      23625      90         500        1  Right
1   6   500        1685       23625      24125      92         3500       1  Right
8   6   100        1841       24125      24225      91         200        1  Left 
0   6   100        1935       24225      24325      91         400        1  Right
0   15  100        1959       24325      24425      92         500        1  Left 
1   10  500        1707       24125      24625      93         3000       1  Right
1   9   500        1707       24625      25125      97         1500       1  Right
4   1   100        1724       25125      25126      97         200        1  Right
11  0   100        1741       25125      25127      97         1200       1  Left 
6   0   100        1757       25127      25227      99         400        1  Right
10  0   100        1768       25227      25327      100        700        1  Left 
1   7   500        1729       25127      25627      99         2000       1  Right
5   1   100        1730       25627      25727      102        200        1  Right
9   0   100        1784       25627      25728      102        1000       1  Left 
1   3   500        1740       25727      26228      103        500        1  Right
12  1   100        1735       26228      26328      105        400        1  Right
13  1   100        1741       26328      26428      106        500        1  Right
3   0   100        1786       26328      26429      106        200        1  Right
11  1   100        1741       26428      26529      107        100        1  Right
3   0   100        1788       26429      26530      108        200        1  Right
2   1   100        1745       26529      26630      109        1100       1  Left 
14  1   100        1756       26630      26730      111        600        1  Right
6   1   100        1757       26730      26830      112        700        1  Right
15  1   100        1764       26830      26930      113        800        1  Right
10  1   100        1768       26930      27030      114        600        1  Right
9   1   100        1784       27030      27130      115        300        1  Right
7   0   100        1795       27130      27230      116        700        1  Right
7   1   100        1795       27230      27330      117        400        1  Right
6   8   500        1819       26930      27431      113        1000       1  Left 
8   1   100        1847       27431      27531      118        700        1  Right
15  6   100        1967       27431      27532      117        100        1  Left 
1   8   500        1848       27531      28032      119        3500       1  Right
1   8   500        1898       28032      28532      121        3500       1  Right
8   0   100        1947       28532      28632      121        600        1  Left 
0   1   100        1968       28632      28732      122        300        1  Right
0   14  100        1970       28732      28832      123        300        1  Right
3   1   100        2125       28732      28833      121        100        1  Right
0   13  100        1991       28833      28933      125        800        1  Right
0   2   100        1995       28933      29033      126        200        1  Right
6   8   500        2118       28632      29133      121        1000       1  Left 
0   12  100        2026       29033      29134      126        100        1  Right
1   6   100        1976       29133      29234      128        900        1  Left 
0   4   100        2037       29134      29235      128        100        1  Right
14  6   100        1984       29234      29335      130        100        1  Right
2   6   100        2008       29335      29435      132        200        1  Right
13  6   100        2009       29435      29535      133        400        1  Left 
1   0   500        2024       29235      29736      130        1500       1  Right
1   7   500        2039       29736      30236      134        2000       1  Right
6   0   500        2232       29736      30237      132        2000       1  Right
1   9   500        2039       30236      30737      135        1500       1  Right
1   10  500        2040       30737      31237      137        3000       1  Right
1   6   500        2040       31237      31737      138        3500       1  Right
12  6   100        2049       31737      31837      139        300        1  Right
0   5   100        2060       31737      31838      139        500        1  Right
4   6   100        2068       31838      31839      141        500        1  Right
1   15  500        2062       31838      32239      141        4000       1  Right
1   11  500        2062       32239      32739      143        500        1  Right
0   11  100        2069       32739      32839      144        400        1  Right
1   14  500        2085       32839      33339      145        3000       1  Right
0   6   100        2090       33339      33439      146        400        1  Right
0   10  100        2101       33439      33539      147        700        1  Left 
0   3   100        2107       33539      33639      148        200        1  Right
0   9   100        2122       33639      33739      148        1000       1  Left 
0   7   100        2133       33739      33839      149        900        1  Left 
1   5   500        2096       33339      33840      146        1000       1  Right
0   3   100        2236       33839      33940      149        200        1  Right
0   8   100        2410       33940      34040      151        600        1  Left 
0   8   100        2583       34040      34140      151        600        1  Left 
1   13  500        2096       33840      34341      152        2500       1  Right
5   6   100        2101       34341      34441      156        700        1  Left 
11  6   100        2113       34441      34442      157        800        1  Left 
10  6   100        2137       34442      34542      157        300        1  Left 
9   6   100        2163       34542      34642      158        600        1  Left 
7   6   100        2177       34642      34742      159        500        1  Left 
1   2   500        2119       34341      34743      155        2500       1  Right
1   12  500        2119       34743      35243      161        2000       1  Right
1   4   500        2142       35243      35743      162        1000       1  Right
3   6   100        2254       35743      35843      162        600        1  Right
6   1   500        2268       35843      36343      163        3500       1  Right
1   0   100        2310       36343      36443      164        300        1  Right
1   0   100        2314       36443      36543      165        300        1  Right
6   15  500        2280       36343      36843      164        500        1  Left 
1   3   500        2427       36543      37044      165        500        1  Right
15  0   100        2332       37044      37144      168        1100       1  Right
15  0   100        2336       37144      37244      169        1100       1  Right
6   14  500        2313       36843      37344      167        500        1  Right
8   1   100        2453       37244      37345      169        700        1  Right
6   2   500        2323       37344      37845      171        1000       1  Right
1   8   500        2755       37345      37846      170        3500       1  Right
14  0   100        2360       37845      37946      173        300        1  Right
2   0   100        2361       37946      38046      175        200        1  Right
14  0   100        2364       38046      38146      176        300        1  Right
2   0   100        2365       38146      38246      177        200        1  Right
6   13  500        2345       37846      38347      174        2000       1  Left 
13  0   100        2387       38347      38447      179        800        1  Right
13  0   100        2391       38447      38547      180        800        1  Right
6   12  500        2378       38347      38847      179        1500       1  Right
6   4   500        2400       38847      39347      182        2500       1  Right
12  0   100        2415       39347      39447      183        100        1  Right
3   4   100        2455       39347      39447      182        100        1  Right
12  0   100        2419       39447      39547      184        100        1  Right
3   4   100        2756       39447      39548      182        100        1  Right
4   0   100        2427       39548      39648      185        100        1  Right
4   0   100        2431       39648      39748      186        100        1  Right
6   5   500        2422       39347      39848      182        3500       1  Left 
6   11  500        2433       39848      40348      188        4000       1  Right
5   0   100        2444       40348      40448      189        500        1  Right
14  8   100        2896       40348      40449      187        300        1  Left 
5   0   100        2448       40448      40549      190        500        1  Right
6   0   100        2463       40549      40649      192        400        1  Right
11  0   100        2465       40649      40749      193        400        1  Right
6   0   100        2467       40749      40849      194        400        1  Right
11  0   100        2469       40849      40949      195        400        1  Right
6   10  500        2488       40849      41350      195        1500       1  Left 
6   9   500        2510       41350      41850      197        3000       1  Left 
10  0   100        2515       41850      41950      198        700        1  Left 
10  0   100        2519       41950      42050      199        700        1  Left 
9   0   100        2532       42050      42150      200        600        1  Right
9   0   100        2536       42150      42250      201        600        1  Right
6   7   500        2521       42050      42550      200        2500       1  Left 
7   0   100        2543       42550      42650      203        700        1  Right
7   0   100        2547       42650      42750      204        700        1  Right
6   3   500        2554       42750      43250      205        3000       1  Right
0   3   100        2587       43250      43350      206        200        1  Right
0   14  100        2883       43350      43450      205        300        1  Right
0   14  100        2887       43450      43550      206        300        1  Right
0   1   100        2970       43550      43551      206        1300       1  Left 
0   8   100        2985       43551      43651      207        600        1  Left 
4   3   500        2737       43350      43751      206        500        1  Right
3   0   100        2757       43751      43851      211        200        1  Right
8   0   100        2808       43851      43951      212        600        1  Left 
3   0   500        2879       43951      44451      212        1000       1  Right
14  3   100        2900       44451      44551      213        500        1  Right
8   0   500        2910       44551      45051      214        3000       1  Left 
4   3   500        3042       44551      45052      212        500        1  Right
8   0   100        2942       45051      45152      214        600        1  Left 
3   2   100        3066       45152      45252      215        400        1  Right
0   3   100        3077       45252      45352      216        200        1  Right
8   14  500        3041       45152      45652      215        1500       1  Left 
3   6   100        3095       45652      45752      218        600        1  Right
0   8   500        3125       45752      46252      218        3000       1  Left 
8   0   100        3181       46252      46352      219        600        1  Left 
0   13  100        3185       46352      46452      220        800        1  Right
0   13  100        3189       46452      46552      221        800        1  Right
13  8   100        3203       46552      46652      222        200        1  Right
3   14  500        3192       46552      47052      222        2500       1  Right
14  1   100        3228       47052      47152      223        600        1  Right
8   13  500        3244       46652      47153      222        1000       1  Right
3   14  100        3233       47152      47253      224        500        1  Right
13  3   100        3207       47253      47353      227        600        1  Right
1   0   500        3242       47353      47853      227        1500       1  Right
14  3   100        3251       47853      47953      228        500        1  Right
0   1   100        3274       47953      48053      229        300        1  Right
14  0   100        3537       48053      48153      229        300        1  Right
3   13  500        3282       48053      48553      230        3000       1  Right
13  1   100        3313       48553      48653      232        500        1  Right
2   3   500        3338       48553      48654      231        2000       1  Right
1   14  500        3515       48653      48754      232        5000       1  Left 
3   6   100        3358       48754      48854      234        600        1  Right
1   13  500        3530       48754      49255      234        2500       1  Right
6   3   500        3377       48854      49355      235        3000       1  Right
3   1   100        3359       49355      49455      237        100        1  Right
0   5   100        3498       49355      49456      237        1100       1  Left 
11  3   100        3540       49455      49556      238        200        1  Right
0   8   500        3498       49456      49957      239        3000       1  Left 
0   11  100        3499       49957      50057      241        400        1  Right
5   8   100        3526       49957      50058      241        500        1  Right
1   0   500        3546       50057      50558      242        1500       1  Right
8   5   500        3557       50058      50559      243        2500       1  Right
13  0   100        3557       50559      50659      245        800        1  Left 
1   3   500        3638       50558      51059      244        500        1  Right
8   1   100        3560       51059      51060      247        700        1  Right
1   8   100        3808       51060      51061      248        700        1  Right
6   3   500        3640       51059      51362      247        3000       1  Right
0   1   100        3568       51362      51462      250        300        1  Right
0   2   100        3580       51462      51562      251        200        1  Right
7   3   100        3841       51462      51563      250        500        1  Right
3   2   100        3676       51563      51663      253        400        1  Right
0   1   100        3800       51663      51763      254        300        1  Right
0   7   100        3801       51763      51863      255        700        1  Right
3   11  500        3827       51863      52363      255        1000       1  Right
1   0   500        3840       52363      52863      256        1500       1  Right
2   0   500        3857       52863      53363      257        1000       1  Right
8   1   500        3862       52863      53364      257        3500       1  Right
0   3   100        3863       53363      53464      258        200        1  Right
0   14  100        3868       53464      53564      260        300        1  Right
1   8   500        3870       53364      53865      259        3500       1  Right
3   11  100        3877       53865      53965      262        200        1  Right
8   0   100        3924       53865      53966      262        600        1  Left 
11  3   100        3890       53965      54066      263        200        1  Right
0   8   500        3980       53966      54467      264        3000       1  Left 
3   7   500        3916       54066      54567      265        2500       1  Right
8   0   100        4042       54467      54568      266        600        1  Left 
14  1   100        3881       54568      54668      268        600        1  Right
15  8   100        4110       54568      54669      268        100        1  Right
8   1   100        4044       54669      54769      270        700        1  Right
2   3   500        3948       54668      55169      269        2000       1  Right
3   6   100        3975       55169      55269      272        600        1  Right
3   5   100        4000       55269      55369      273        300        1  Right
0   15  100        4102       55269      55370      273        500        1  Left 
1   3   100        4096       55369      55470      274        100        1  Right
0   1   100        4104       55470      55570      276        300        1  Right
3   1   100        4109       55570      55670      277        100        1  Right
1   3   100        4113       55670      55770      278        100        1  Right
3   0   100        4139       55770      55870      279        200        1  Right
8   15  500        4161       55370      55871      275        500        1  Right
3   0   500        4155       55870      56371      280        1000       1  Right
1   8   500        4135       55871      56372      281        3500       1  Right
0   3   100        4157       56371      56472      282        200        1  Right
1   14  500        4153       56372      56873      283        5000       1  Left 
0   13  100        4171       56873      56973      285        800        1  Right
8   4   100        4188       56973      57073      286        700        1  Left 
3   1   500        4188       56973      57474      286        500        1  Right
4   8   500        4224       57073      57574      287        3500       1  Left 
13  1   100        4189       57474      57575      288        500        1  Right
6   3   500        4257       57574      58075      289        3000       1  Right
0   1   100        4222       58075      58175      291        300        1  Right
1   14  100        4223       58175      58275      292        600        1  Right
14  1   100        4231       58275      58375      293        600        1  Right
1   0   100        4240       58375      58475      294        300        1  Right
1   0   500        4243       58475      58975      295        1500       1  Right
0   8   100        4268       58975      59075      296        600        1  Left 
1   13  500        4252       58975      59475      296        2500       1  Right
1   0   100        4253       59475      59575      298        300        1  Right
0   1   100        4275       59575      59675      299        300        1  Right
0   6   100        4316       59675      59775      300        400        1  Right
5   3   500        4283       59675      60175      300        1500       1  Right
1   0   500        4296       60175      60675      302        1500       1  Right
1   3   100        4298       60675      60775      303        100        1  Right
3   1   100        4307       60775      60875      304        100        1  Right
0   1   100        4317       60875      60975      305        300        1  Right
8   1   100        4324       60975      61075      305        700        1  Right
8   5   100        4324       61075      61175      306        500        1  Right
8   15  100        4324       61175      61275      307        100        1  Right
8   14  100        4324       61275      61375      308        300        1  Left 
8   13  100        4324       61375      61475      309        200        1  Right
1   8   100        4333       61475      61575      310        700        1  Right
5   8   100        4345       61575      61675      311        500        1  Right
1   0   500        4340       61575      62075      311        1500       1  Right
1   8   100        4362       62075      62175      313        700        1  Right
13  8   100        4364       62175      62275      314        200        1  Right
14  8   100        4366       62275      62375      315        300        1  Left 
15  8   100        4368       62375      62475      316        100        1  Right
8   1   100        4371       62475      62476      317        700        1  Right
15  3   100        4415       62475      62477      317        700        1  Left 
0   8   100        4385       62477      62577      319        600        1  Left 
0   2   100        4404       62577      62677      320        200        1  Right
0   15  100        4406       62677      62777      321        500        1  Left 
2   8   100        4417       62777      62877      322        400        1  Left 
8   0   100        4419       62877      62977      323        600        1  Left 
1   3   500        4422       62477      62978      319        500        1  Right
8   6   100        4428       62977      63078      324        200        1  Left 
3   0   100        4450       62978      63079      325        200        1  Right
15  1   100        4494       63078      63080      326        800        1  Right
6   3   100        4454       63079      63081      327        600        1  Right
8   4   100        4440       63081      63181      329        700        1  Left 
8   6   100        4441       63181      63281      330        200        1  Left 
0   3   500        4462       63181      63682      330        1000       1  Right
3   15  500        4451       63682      64182      332        3500       1  Left 
8   0   100        4463       64182      64282      333        600        1  Left 
3   6   100        4472       64282      64283      334        600        1  Right
1   15  500        4520       64282      64684      334        4000       1  Right
0   3   500        4481       64283      64784      335        1000       1  Right
8   2   100        4515       64684      64785      336        400        1  Left 
3   0   100        4512       64784      64885      337        200        1  Right
3   5   100        4588       64885      64985      339        300        1  Right
8   2   500        4570       64785      65286      338        2000       1  Left 
4   8   500        4476       65286      65786      341        3500       1  Left 
0   8   500        4506       65786      66286      342        3000       1  Left 
6   8   500        4513       66286      66786      343        1000       1  Left 
0   3   500        4552       66286      66787      343        1000       1  Right
0   1   100        4552       66787      66887      345        300        1  Right
0   1   100        4573       66887      66987      346        300        1  Right
2   8   500        4561       66786      67287      344        2000       1  Left 
15  0   100        4547       67287      67387      348        500        1  Left 
2   0   100        4602       67387      67487      349        200        1  Right
3   1   500        4594       66987      67488      347        500        1  Right
8   6   100        4606       67387      67489      349        200        1  Left 
1   2   100        4581       67488      67589      351        500        1  Right
1   8   100        4646       67589      67689      353        700        1  Right
1   8   100        4679       67689      67789      354        700        1  Right
6   0   500        4613       67589      68089      353        2000       1  Right
0   2   100        4622       68089      68189      356        200        1  Right
0   1   100        4625       68189      68289      357        300        1  Right
6   8   500        4720       68089      68590      356        1000       1  Left 
2   1   500        4648       68289      68790      358        2500       1  Right
0   1   100        4661       68790      68890      360        300        1  Right
12  8   100        4729       68790      68891      360        500        1  Left 
1   0   500        4682       68890      69391      361        1500       1  Right
8   1   100        4684       69391      69491      363        700        1  Right
2   3   100        4722       69391      69492      363        400        1  Right
0   1   100        4701       69492      69592      365        300        1  Right
0   12  100        4706       69592      69692      366        100        1  Right
0   2   100        4708       69692      69792      367        200        1  Right
8   1   500        4730       69592      70093      366        3500       1  Right
3   2   500        4743       69792      70293      368        2000       1  Right
1   0   500        4722       70293      70793      370        1500       1  Right
8   12  500        4765       70293      70794      370        2500       1  Left 
1   0   500        4735       70793      71294      371        1500       1  Right
8   1   100        4768       71294      71394      373        700        1  Right
2   1   100        4768       71394      71494      374        500        1  Right
0   1   100        4789       71494      71594      375        300        1  Right
1   2   500        4789       71594      72094      376        2500       1  Right
2   0   100        4810       72094      72194      377        200        1  Right
1   8   100        4810       72094      72195      377        700        1  Right
0   15  100        4855       72194      72295      377        500        1  Left 
1   3   100        4827       72195      72296      378        100        1  Right
2   1   100        4821       72296      72396      380        500        1  Right
2   0   100        4823       72396      72496      381        200        1  Right
3   1   100        4840       72396      72497      381        100        1  Right
1   2   500        4842       72497      72997      383        2500       1  Right
8   1   100        4848       72997      73097      384        700        1  Right
15  1   100        4863       73097      73197      385        800        1  Right
2   1   100        4864       73197      73297      386        500        1  Right
5   3   500        4865       73297      73797      387        1500       1  Right
2   3   100        4908       73797      73897      388        400        1  Right
1   8   500        4866       73797      74297      388        3500       1  Right
1   0   100        4873       74297      74397      390        300        1  Right
1   8   100        4875       74397      74497      391        700        1  Right
6   8   500        4883       74497      74997      392        1000       1  Left 
1   2   500        4885       74497      74998      392        2500       1  Right
1   15  500        4889       74998      75498      394        4000       1  Right
12  8   100        4960       75498      75598      394        500        1  Left 
2   8   100        4967       75598      75698      395        400        1  Left 
1   0   500        4899       75498      75998      395        1500       1  Right
1   6   100        4903       75998      76098      398        700        1  Right
1   0   100        4908       76098      76198      399        300        1  Right
3   1   100        4910       76198      76298      400        100        1  Right
8   0   100        4931       76198      76299      399        600        1  Left 
3   1   100        4910       76298      76399      401        100        1  Right
8   2   100        4931       76299      76400      401        400        1  Left 
8   12  100        4931       76400      76500      403        500        1  Left 
8   2   100        4932       76500      76600      404        400        1  Left 
1   0   500        4983       76399      76900      402        1500       1  Right
0   6   100        4958       76900      77000      406        400        1  Right
0   1   100        4962       77000      77100      407        300        1  Right
0   8   100        4974       77100      77200      408        600        1  Left 
0   4   100        5006       77200      77300      409        100        1  Right
0   4   100        5008       77300      77400      410        100        1  Right
0   12  100        5010       77400      77500      411        100        1  Right
12  3   100        5035       77500      77600      412        300        1  Right
2   8   500        4986       77200      77700      409        2000       1  Left 
8   1   100        5030       77700      77800      414        700        1  Right
8   6   100        5039       77800      77900      415        200        1  Left 
8   5   100        5064       77900      78000      416        500        1  Right
3   12  500        5056       77600      78101      413        1500       1  Right
6   0   500        5006       78101      78601      418        2000       1  Right
12  1   100        5081       78601      78602      419        1200       1  Left 
8   1   100        5089       78602      78702      420        700        1  Right
4   0   500        5042       78601      78703      419        500        1  Right
1   12  500        5112       78702      78904      421        6000       1  Left 
4   8   100        5043       78904      79004      423        700        1  Left 
0   2   100        5137       79004      79104      424        200        1  Right
12  0   100        5143       79104      79204      425        100        1  Right
12  1   100        5154       79204      79304      426        400        1  Right
12  0   100        5156       79304      79404      427        100        1  Right
5   8   500        5095       79004      79504      424        2500       1  Right
0   2   100        5157       79404      79505      428        200        1  Right
1   8   500        5127       79504      80005      429        3500       1  Right
3   2   500        5190       79505      80006      430        2000       1  Right
2   8   100        5182       80006      80106      432        400        1  Left 
0   1   100        5185       80006      80107      432        300        1  Right
14  8   100        5201       80106      80207      433        300        1  Left 
1   12  500        5185       80107      80608      434        2000       1  Right
8   4   500        5186       80608      81108      436        3500       1  Left 
1   3   500        5187       80608      81109      436        500        1  Right
8   2   500        5228       81108      81609      437        2000       1  Left 
1   3   500        5198       81109      81610      438        500        1  Right
3   0   100        5219       81610      81710      440        200        1  Right
3   0   100        5235       81710      81810      441        200        1  Right
8   14  500        5247       81609      82110      439        1500       1  Left 
8   5   100        5315       82110      82210      443        500        1  Right
1   12  500        5248       81810      82311      442        2000       1  Right
6   1   500        5210       82311      82811      445        3500       1  Right
12  1   100        5217       82811      82911      446        400        1  Right
0   1   100        5229       82911      83011      447        300        1  Right
12  8   100        5279       82911      83012      447        500        1  Left 
0   4   100        5258       83011      83112      448        100        1  Right
13  8   100        5307       83012      83113      449        200        1  Right
0   6   100        5259       83112      83114      450        400        1  Right
3   15  100        5371       83113      83115      451        900        1  Right
4   0   500        5294       83114      83615      452        500        1  Right
8   12  500        5315       83115      83616      453        2500       1  Left 
1   0   100        5297       83615      83716      454        300        1  Right
6   8   500        5316       83616      84117      455        1000       1  Left 
0   1   500        5318       83716      84217      456        1500       1  Right
0   6   100        5318       84217      84317      458        400        1  Right
0   4   100        5318       84317      84417      459        100        1  Right
0   2   100        5333       84417      84517      460        200        1  Right
1   0   100        5339       84517      84617      461        300        1  Right
5   8   500        5346       84117      84618      457        2500       1  Right
2   1   100        5342       84617      84718      462        500        1  Right
12  3   100        5350       84718      84818      464        300        1  Right
4   3   100        5355       84818      84918      465        100        1  Right
8   13  500        5348       84618      85119      463        1000       1  Right
15  8   100        5363       85119      85219      467        100        1  Right
13  3   100        5390       85119      85220      467        600        1  Right
2   0   500        5361       84818      85320      465        1000       1  Right
6   8   100        5365       85219      85321      468        200        1  Left 
0   1   500        5360       85320      85821      470        1500       1  Right
1   2   500        5363       85821      86321      472        2500       1  Right
3   14  100        5371       86321      86421      473        500        1  Right
3   13  100        5371       86421      86521      474        600        1  Right
2   0   100        5386       86421      86522      474        200        1  Right
14  3   100        5392       86521      86622      475        1100       1  Left 
0   6   100        5386       86622      86623      477        400        1  Right
15  3   100        5394       86622      86624      477        900        1  Right
2   8   100        5388       86624      86724      479        400        1  Left 
1   0   100        5405       86624      86725      479        300        1  Right
2   1   100        5395       86725      86825      481        500        1  Right
8   6   500        5391       86724      87225      480        1000       1  Left 
6   8   100        5454       87225      87325      482        200        1  Left 
1   2   500        5416       86825      87326      482        2500       1  Right
8   1   100        5396       87326      87426      485        700        1  Right
3   12  100        5430       87326      87427      484        300        1  Right
8   1   100        5396       87426      87527      486        700        1  Right
8   15  500        5414       87527      88027      488        500        1  Right
0   1   500        5426       87527      88028      487        1500       1  Right
8   1   100        5435       88028      88128      489        700        1  Right
8   4   100        5435       88128      88228      490        700        1  Left 
8   6   100        5435       88228      88328      491        200        1  Left 
8   15  100        5435       88328      88428      492        100        1  Right
2   6   100        5436       88328      88429      492        200        1  Right
4   8   100        5461       88428      88529      493        900        1  Right
8   14  100        5435       88529      88629      495        300        1  Left 
2   1   100        5437       88529      88630      495        500        1  Right
8   13  100        5435       88629      88730      496        200        1  Right
3   1   100        5469       88630      88730      497        100        1  Right
2   0   100        5441       88630      88731      497        200        1  Right
3   1   100        5472       88730      88831      498        100        1  Right
8   12  100        5435       88731      88832      499        500        1  Left 
1   0   100        5453       88831      88932      500        300        1  Right
1   3   100        5453       88932      89032      502        100        1  Right
0   12  100        5466       88932      89033      502        100        1  Right
1   3   100        5456       89032      89133      503        100        1  Right
0   12  100        5480       89033      89134      504        100        1  Right
1   2   500        5460       89133      89135      505        5500       1  Left 
0   3   500        5528       89134      89136      506        1000       1  Right
1   8   100        5473       89135      89236      507        700        1  Right
1   4   100        5479       89236      89336      509        200        1  Right
2   12  500        5529       89135      89636      507        500        1  Right
12  8   100        5476       89636      89736      511        500        1  Left 
13  8   100        5478       89736      89836      512        200        1  Right
4   1   500        5510       89336      89837      510        1000       1  Right
12  2   100        5503       89736      89838      512        100        1  Right
14  8   100        5480       89836      89937      513        300        1  Left 
0   1   100        5586       89837      89938      514        300        1  Right
15  8   100        5482       89937      90038      516        100        1  Right
4   1   100        5666       89938      90039      517        200        1  Right
8   2   100        5533       90038      90139      518        400        1  Left 
1   8   500        5495       90139      90639      520        3500       1  Right
1   8   500        5498       90639      91139      521        3500       1  Right
8   0   100        5543       91139      91239      522        600        1  Left 
6   0   500        5558       91239      91739      523        2000       1  Right
3   0   100        5559       91739      91839      524        200        1  Right
12  8   100        5565       91739      91840      524        500        1  Left 
8   0   100        5559       91840      91940      526        600        1  Left 
15  8   100        5573       91940      92040      527        100        1  Right
8   2   100        5601       92040      92140      528        400        1  Left 
1   0   500        5607       91940      92441      527        1500       1  Right
15  3   100        5577       92441      92541      530        700        1  Left 
3   12  100        5613       92541      92641      531        300        1  Right
0   8   500        5615       92641      93141      532        3000       1  Left 
3   4   500        5631       92641      93142      532        500        1  Right
0   5   100        5620       93141      93143      533        1100       1  Left 
0   10  100        5620       93143      93243      535        700        1  Left 
1   4   500        5699       93142      93544      534        1000       1  Right
2   8   500        5634       93243      93744      536        2000       1  Left 
10  8   100        5682       93744      93844      538        100        1  Right
14  8   100        5744       93844      93944      539        300        1  Left 
13  8   100        5833       93944      94044      540        200        1  Right
12  3   500        5621       93544      94045      537        1500       1  Right
0   2   100        5640       94045      94145      542        200        1  Right
3   15  500        5650       94045      94546      542        4500       1  Right
2   0   500        5667       94145      94646      543        1000       1  Right
5   3   100        5674       94546      94647      544        300        1  Right
3   4   100        5700       94647      94747      546        100        1  Right
5   1   100        5760       94647      94748      546        200        1  Right
4   3   100        5708       94747      94848      547        100        1  Right
6   0   500        5683       94646      95147      545        2000       1  Right
0   2   100        5694       95147      95247      550        200        1  Right
0   2   100        5699       95247      95347      551        200        1  Right
3   5   500        5729       94848      95349      549        1500       1  Right
4   0   100        5733       95347      95447      552        100        1  Right
1   4   100        5731       95447      95547      554        200        1  Right
8   12  500        5699       95347      95848      552        2500       1  Left 
12  3   100        5731       95848      95948      556        300        1  Right
8   15  500        5700       95848      96348      556        500        1  Right
6   2   500        5723       95848      96349      556        1000       1  Right
1   6   100        5732       96349      96449      559        700        1  Right
14  3   100        5748       96449      96549      560        500        1  Right
3   15  100        5752       96549      96649      561        700        1  Left 
0   2   100        5755       96649      96749      562        200        1  Right
8   10  500        5708       96348      96849      558        500        1  Right
2   1   100        5761       96749      96850      563        500        1  Right
0   1   100        5761       96850      96950      565        300        1  Right
8   14  500        5790       96849      97350      564        1500       1  Left 
8   0   100        5812       97350      97450      567        600        1  Left 
4   1   500        5762       96950      97451      566        1000       1  Right
15  1   100        5765       97451      97551      569        800        1  Left 
1   6   100        5769       97551      97651      570        700        1  Right
15  3   100        5775       97651      97751      571        700        1  Left 
8   13  500        5874       97450      97951      568        1000       1  Right
1   2   500        5782       97751      98252      572        2500       1  Right
0   3   100        5783       98252      98352      574        200        1  Right
3   12  100        5811       98352      98452      575        300        1  Right
1   15  500        5791       98252      98753      574        4000       1  Right
1   2   100        5796       98753      98754      577        1100       1  Left 
12  3   500        5825       98452      98755      576        1500       1  Right
2   1   100        5801       98754      98756      578        1100       1  Left 
12  3   100        5829       98755      98856      579        300        1  Right
3   2   100        5812       98856      98956      581        400        1  Right
3   12  100        5813       98956      99056      582        300        1  Right
13  3   100        5837       99056      99156      583        1000       1  Left 
1   5   500        5804       98756      99257      580        1000       1  Right
0   3   500        5851       99156      99657      584        1000       1  Right
6   1   500        5810       99257      99658      585        4500       1  Left 
15  1   100        5819       99658      99659      587        800        1  Right
3   14  500        5854       99657      99959      586        2500       1  Right
1   2   500        5822       99959      100459     589        2500       1  Right
2   1   500        5825       100459     100959     590        2500       1  Right
15  1   100        5832       100959     100960     591        800        1  Right
3   14  100        5857       100959     100961     591        500        1  Right
1   6   100        5845       100960     100962     592        900        1  Left 
14  3   100        5886       100961     100963     593        500        1  Right
1   15  500        5845       100962     101463     594        4000       1  Right
15  0   100        5834       101463     101563     596        500        1  Left 
5   0   100        5844       101563     101663     597        500        1  Right
2   0   100        5845       101663     101763     598        200        1  Right
1   15  500        5858       101663     102164     598        4000       1  Right
2   3   500        5903       101763     102264     599        2000       1  Right
12  1   100        5849       102264     102364     601        400        1  Right
0   8   500        5868       102364     102864     602        3000       1  Left 
15  1   100        5887       102864     102964     603        800        1  Right
0   2   500        5880       102864     103364     603        1000       1  Right
1   12  500        5880       103364     103864     605        2000       1  Right
3   2   100        5882       103864     103964     606        400        1  Right
2   0   100        5914       103964     104064     607        200        1  Right
12  0   100        5917       104064     104164     608        100        1  Right
3   12  100        5917       104164     104264     609        300        1  Right
3   12  100        5919       104264     104364     610        300        1  Right
1   15  500        5913       103864     104365     606        4000       1  Right
0   6   100        5922       104364     104465     610        400        1  Right
12  8   100        5919       104465     104565     613        500        1  Left 
0   9   100        5922       104465     104566     612        600        1  Right
12  1   100        5926       104566     104666     614        400        1  Right
9   8   100        5963       104566     104667     614        400        1  Right
2   1   100        5971       104667     104668     616        1100       1  Left 
10  8   100        5981       104668     104768     617        100        1  Right
13  1   100        5988       104668     104769     617        500        1  Right
12  3   500        5928       104666     105068     615        1500       1  Right
15  3   100        5941       105068     105168     620        700        1  Left 
6   3   100        5955       105168     105268     621        1000       1  Left 
0   2   500        5945       105168     105668     621        1000       1  Right
8   2   100        5956       105668     105768     623        400        1  Left 
8   15  100        5956       105768     105868     624        100        1  Right
8   14  100        5956       105868     105968     625        300        1  Left 
8   13  100        5956       105968     106068     626        200        1  Right
8   10  100        5956       106068     106168     627        100        1  Right
1   12  500        5957       105668     106169     623        2000       1  Right
3   13  500        5958       106169     106669     629        3000       1  Right
2   0   500        5971       106169     106670     629        1000       1  Right
3   6   500        5986       106669     107170     630        5000       1  Left 
2   8   100        5989       107170     107270     632        400        1  Left 
12  6   100        5990       107270     107370     633        300        1  Right
13  8   100        5993       107270     107371     633        200        1  Right
12  1   100        5991       107370     107471     634        400        1  Right
14  8   100        5995       107371     107472     635        300        1  Left 
15  8   100        5997       107472     107572     637        100        1  Right
1   2   500        5992       107471     107972     636        2500       1  Right
12  0   100        5995       107972     108072     639        100        1  Right
0   6   100        5998       108072     108172     640        400        1  Right
2   0   100        6015       108172     108272     641        200        1  Right
0   4   100        6024       108272     108372     641        100        1  Right
1   13  500        6015       107972     108473     639        2500       1  Right
12  8   500        6074       108272     108774     641        2500       1  Left 
6   1   100        6022       108774     108874     644        700        1  Right
1   12  500        6024       108874     109374     645        2000       1  Right
0   2   100        6025       109374     109474     646        200        1  Right
1   6   500        6063       109374     109875     646        4500       1  Left 
0   1   100        6026       109875     109975     648        300        1  Right
8   12  100        6048       109875     109976     648        500        1  Left 
1   13  500        6067       109975     110476     649        2500       1  Right
0   2   500        6041       109976     110477     650        1000       1  Right
0   4   100        6067       110477     110577     652        100        1  Right
6   1   500        6027       110476     110977     651        4500       1  Left 
13  1   100        6041       110977     111077     654        500        1  Right
8   12  100        6050       110977     111078     654        500        1  Left 
13  1   100        6054       111077     111178     655        500        1  Right
0   8   100        6085       111078     111179     656        600        1  Left 
0   10  100        6224       111179     111279     657        700        1  Left 
1   13  500        6080       111178     111679     657        2500       1  Right
13  0   100        6056       111679     111779     660        800        1  Right
2   0   100        6073       111779     111879     661        200        1  Right
2   1   100        6075       111879     111979     662        500        1  Right
1   2   100        6083       111979     112079     663        500        1  Right
8   9   500        6118       111779     112280     661        2000       1  Right
2   3   500        6090       112079     112580     664        2000       1  Right
4   1   100        6092       112580     112680     666        200        1  Right
6   0   100        6105       112580     112681     666        400        1  Right
13  1   100        6115       112680     112781     667        500        1  Right
3   0   100        6124       112681     112782     667        200        1  Right
1   2   500        6097       112781     113282     669        5500       1  Left 
8   2   100        6137       113282     113382     670        400        1  Left 
8   2   100        6137       113382     113482     671        400        1  Left 
13  8   100        6167       113482     113582     672        200        1  Right
0   11  100        6225       113582     113583     673        1200       1  Left 
1   4   500        6123       113282     113683     670        1000       1  Right
0   12  100        6246       113583     113684     674        100        1  Right
2   1   500        6123       113683     114184     675        5500       1  Left 
2   4   100        6124       114184     114284     677        300        1  Right
6   1   500        6137       114184     114685     677        4500       1  Left 
1   13  500        6141       114685     115185     679        2500       1  Right
6   12  500        6277       114685     115186     679        1500       1  Right
1   2   100        6145       115186     115286     681        500        1  Right
8   13  500        6208       115185     115686     680        1000       1  Right
1   6   100        6192       115686     115786     683        900        1  Left 
4   2   500        6165       115286     115787     682        1500       1  Right
1   5   100        6217       115786     115887     684        200        1  Right
3   2   100        6192       115787     115888     685        400        1  Right
2   1   500        6173       115888     116388     687        2500       1  Right
2   3   100        6183       116388     116488     688        400        1  Right
0   12  100        6327       116488     116588     689        100        1  Right
5   1   500        6255       116388     116889     688        1000       1  Right
2   8   500        6186       116488     116989     689        2000       1  Left 
13  3   100        6245       116889     116990     691        600        1  Right
10  3   100        6257       116990     117090     693        700        1  Right
12  1   100        6315       117090     117190     694        400        1  Right
2   8   500        6213       116989     117490     692        2000       1  Left 
11  8   100        6255       117490     117491     696        600        1  Right
11  1   100        6321       117491     117591     697        100        1  Right
10  1   100        6323       117591     117592     698        600        1  Right
3   15  500        6238       117490     117792     696        3500       1  Left 
8   0   100        6271       117792     117793     700        600        1  Left 
3   10  500        6288       117792     118194     700        3500       1  Right
6   0   500        6299       117793     118294     701        2000       1  Right
8   11  500        6286       118194     118695     702        3000       1  Right
1   0   500        6309       118294     118795     703        1500       1  Right
2   0   500        6312       118795     119295     705        1000       1  Right
4   0   500        6329       119295     119296     706        500        1  Right
1   12  500        6346       119295     119297     706        6000       1  Left 
0   2   100        6337       119297     119397     708        200        1  Right
0   8   100        6368       119397     119497     709        600        1  Left 
0   5   100        6369       119497     119597     710        1100       1  Left 
2   4   100        6376       119597     119697     711        300        1  Right
2   6   100        6377       119697     119797     712        200        1  Right
1   11  500        6357       119297     119798     708        500        1  Right
0   2   100        6386       119797     119898     713        200        1  Right
0   15  100        6387       119898     119998     715        500        1  Left 
15  2   100        6397       119998     120098     716        300        1  Left 
2   6   100        6399       120098     120198     717        200        1  Right
1   10  500        6364       119798     120299     714        3000       1  Right
4   2   500        6410       120198     120699     718        1500       1  Right
12  1   100        6375       120699     120799     720        400        1  Right
11  0   100        6393       120799     120899     721        400        1  Right
11  1   100        6404       120899     120999     722        100        1  Right
11  0   100        6406       120999     121099     723        400        1  Right
1   12  500        6406       121099     121599     724        2000       1  Right
10  0   100        6409       121599     121699     725        700        1  Left 
5   1   100        6411       121599     121700     725        200        1  Right
