
260
C:/Users/nxconrad/Desktop/REU 2.0/Benchmark Data/16-core/7/flow_freqmine100#1.txt
759
[2, 5, 1, 9, 10, 15, 3, 12, 0, 7, 4, 13, 11, 14, 8, 6]
8   0   100        0          2          102        0          600        1  Right
0   8   500        317        319        819        0          3000       1  Right
8   1   100        376        819        919        1          400        1  Left 
1   8   500        678        919        1419       1          2000       1  Left 
8   1   100        725        1419       1519       2          400        1  Left 
3   0   100        1001       1419       1520       0          200        1  Right
6   0   100        1002       1520       1620       2          700        1  Right
5   0   100        1003       1620       1720       3          700        1  Right
9   0   100        1003       1720       1820       4          500        1  Right
1   0   100        1004       1820       1920       5          600        1  Right
15  0   100        1004       1920       2020       6          300        1  Right
12  0   100        1005       2020       2120       7          100        1  Right
14  0   100        1006       2120       2220       8          500        1  Right
10  0   100        1006       2220       2320       9          400        1  Right
11  0   100        1007       2320       2420       10         400        1  Right
1   8   500        1027       1920       2421       6          2000       1  Left 
4   0   100        1008       2420       2521       11         200        1  Right
13  0   100        1008       2521       2621       13         300        1  Right
7   0   100        1010       2621       2721       14         100        1  Right
2   0   100        1012       2721       2821       15         800        1  Right
0   15  500        1025       2821       3321       16         1500       1  Right
0   1   500        1025       3321       3821       17         3000       1  Right
0   14  500        1032       3821       4321       18         2500       1  Right
0   2   500        1038       4321       4821       19         4000       1  Right
15  0   100        1042       4821       4921       20         300        1  Right
0   13  500        1052       4921       5421       21         1500       1  Right
0   12  500        1052       5421       5921       22         500        1  Right
1   0   100        1053       5921       6021       23         600        1  Right
14  0   100        1069       6021       6121       24         500        1  Right
1   8   500        1379       6021       6522       24         2000       1  Left 
0   4   500        1075       6121       6622       25         1000       1  Right
0   5   500        1075       6622       7122       27         3500       1  Right
8   0   100        1077       7122       7222       28         600        1  Right
8   1   100        1079       7222       7322       29         400        1  Left 
0   11  500        1097       7222       7723       29         2000       1  Right
8   0   100        1080       7723       7823       31         600        1  Right
2   0   100        1086       7823       7923       32         800        1  Right
0   6   500        1097       7923       8423       33         3500       1  Right
13  0   100        1102       8423       8523       34         300        1  Right
12  0   100        1118       8523       8623       35         100        1  Right
0   10  500        1119       8623       9123       36         2000       1  Right
0   9   500        1119       9123       9623       37         2500       1  Right
4   0   100        1129       9623       9723       38         200        1  Right
0   7   500        1141       9723       10223      39         500        1  Right
5   0   100        1145       10223      10323      40         700        1  Right
11  0   100        1156       10323      10423      41         400        1  Right
6   0   100        1172       10423      10523      42         700        1  Right
10  0   100        1183       10523      10623      43         400        1  Right
9   0   100        1199       10623      10723      44         500        1  Right
7   0   100        1210       10723      10823      45         100        1  Right
0   3   500        1319       10823      11323      46         1000       1  Right
0   1   100        1340       11323      11423      47         600        1  Right
3   1   100        1353       11423      11523      48         400        1  Right
0   7   500        1356       11423      11924      48         500        1  Right
7   1   100        1410       11924      11925      50         900        1  Left 
0   9   500        1356       11924      12325      50         2500       1  Right
9   1   100        1421       12325      12425      51         100        1  Right
0   10  500        1357       12325      12825      52         2000       1  Right
10  1   100        1438       12825      12925      53         200        1  Right
0   6   500        1357       12825      13325      54         3500       1  Right
8   6   100        1542       13325      13425      53         100        1  Right
0   11  500        1378       13325      13825      56         2000       1  Right
0   5   500        1378       13825      14325      58         3500       1  Right
0   4   500        1400       14325      14825      59         1000       1  Right
0   12  500        1400       14825      15325      60         500        1  Right
0   13  500        1422       15325      15825      60         1500       1  Right
0   2   500        1422       15825      16325      61         4000       1  Right
0   14  500        1444       16325      16825      62         2500       1  Right
0   1   500        1444       16825      17325      63         3000       1  Right
6   1   100        1449       17325      17425      64         300        1  Left 
11  1   100        1455       17425      17525      65         600        1  Left 
5   1   100        1466       17525      17625      66         100        1  Right
4   1   100        1472       17625      17725      67         800        1  Left 
0   15  500        1466       17325      17826      64         1500       1  Right
0   8   100        1466       17826      17926      69         600        1  Right
12  1   100        1483       17826      17927      69         500        1  Right
0   8   100        1466       17926      18027      70         600        1  Right
13  1   100        1489       18027      18127      72         700        1  Left 
2   1   100        1493       18127      18227      73         200        1  Right
14  1   100        1504       18227      18327      74         500        1  Left 
15  1   100        1512       18327      18427      75         300        1  Right
8   1   100        1546       18427      18527      74         400        1  Left 
1   0   500        1612       18527      19027      75         3000       1  Right
1   15  500        1627       19027      19527      75         1500       1  Right
1   14  500        1627       19527      20027      76         2500       1  Left 
1   13  500        1628       20027      20527      77         3500       1  Left 
0   1   100        1631       20527      20627      78         600        1  Right
1   0   100        1633       20627      20727      79         600        1  Right
15  0   100        1651       20727      20827      80         300        1  Right
14  0   100        1657       20827      20927      81         500        1  Right
13  0   100        1673       20927      21027      82         300        1  Right
1   2   500        1640       20727      21227      80         1000       1  Right
2   0   100        1682       21227      21228      84         800        1  Left 
1   12  500        1640       21227      21628      84         2500       1  Right
1   4   500        1662       21628      22128      86         4000       1  Right
12  0   100        1703       22128      22228      87         100        1  Right
4   0   100        1714       22228      22328      88         200        1  Right
1   5   500        1662       22128      22628      87         500        1  Right
1   11  500        1685       22628      23128      90         3000       1  Left 
1   6   500        1685       23128      23628      91         1500       1  Left 
5   0   100        1730       23628      23728      91         900        1  Left 
11  0   100        1741       23728      23828      92         400        1  Right
8   6   100        1841       23728      23829      91         100        1  Right
6   0   100        1757       23829      23929      94         700        1  Right
0   6   100        1935       23929      24029      93         700        1  Right
1   10  500        1707       23628      24128      92         1000       1  Right
0   15  100        1959       24029      24130      94         300        1  Right
10  0   100        1768       24130      24230      98         400        1  Right
1   9   500        1707       24128      24629      98         500        1  Right
4   1   100        1724       24629      24729      100        800        1  Right
1   7   500        1729       24729      25229      101        3500       1  Right
5   1   100        1730       25229      25329      102        100        1  Right
9   0   100        1784       25229      25330      102        500        1  Right
12  1   100        1735       25330      25430      104        500        1  Right
1   3   500        1740       25430      25930      105        2000       1  Right
13  1   100        1741       25930      26030      106        700        1  Left 
3   0   100        1786       25930      26031      106        200        1  Right
11  1   100        1741       26030      26131      107        600        1  Left 
3   0   100        1788       26031      26132      108        200        1  Right
2   1   100        1745       26131      26232      109        200        1  Right
7   0   100        1795       26132      26233      110        100        1  Right
14  1   100        1756       26232      26333      111        500        1  Left 
6   1   100        1757       26333      26433      113        300        1  Left 
15  1   100        1764       26433      26533      114        300        1  Right
10  1   100        1768       26533      26633      115        200        1  Right
9   1   100        1784       26633      26733      116        100        1  Right
7   1   100        1795       26733      26833      117        700        1  Right
6   8   500        1819       26433      26934      113        500        1  Right
8   1   100        1847       26934      27034      118        400        1  Left 
1   8   500        1848       27034      27534      119        2000       1  Left 
1   8   500        1898       27534      28034      120        2000       1  Left 
8   0   100        1947       28034      28134      120        600        1  Right
15  6   100        1967       28034      28135      120        600        1  Left 
0   1   100        1968       28135      28235      122        600        1  Right
0   14  100        1970       28235      28335      123        500        1  Right
3   1   100        2125       28235      28336      121        400        1  Right
0   13  100        1991       28335      28436      124        300        1  Right
0   2   100        1995       28436      28536      126        800        1  Right
6   8   500        2118       28135      28636      121        500        1  Right
0   12  100        2026       28536      28637      126        100        1  Right
1   6   100        1976       28636      28737      128        300        1  Left 
0   4   100        2037       28637      28738      128        200        1  Right
14  6   100        1984       28737      28838      130        200        1  Right
2   6   100        2008       28838      28938      132        100        1  Left 
13  6   100        2009       28938      29038      133        400        1  Right
1   0   500        2024       28738      29239      130        3000       1  Right
1   7   500        2039       29239      29739      134        3500       1  Right
0   5   100        2060       29739      29839      135        900        1  Left 
1   9   500        2039       29739      30239      135        500        1  Right
6   0   500        2232       29839      30340      134        3500       1  Right
1   10  500        2040       30239      30740      137        1000       1  Right
1   6   500        2040       30740      31240      139        1500       1  Left 
12  6   100        2049       31240      31340      140        800        1  Right
4   6   100        2068       31340      31440      141        500        1  Right
1   15  500        2062       31240      31741      140        1500       1  Right
1   11  500        2062       31741      32241      143        3000       1  Left 
0   11  100        2069       32241      32341      144        400        1  Right
1   14  500        2085       32241      32742      144        2500       1  Left 
0   6   100        2090       32742      32842      146        700        1  Right
0   10  100        2101       32842      32942      147        400        1  Right
0   3   100        2107       32942      33042      148        200        1  Right
0   9   100        2122       33042      33142      148        500        1  Right
0   7   100        2133       33142      33242      149        100        1  Right
1   5   500        2096       32742      33243      146        500        1  Right
0   3   100        2236       33242      33343      149        200        1  Right
1   13  500        2096       33243      33744      152        3500       1  Left 
5   6   100        2101       33744      33844      154        200        1  Left 
0   8   100        2410       33744      33845      151        600        1  Right
11  6   100        2113       33845      33945      156        300        1  Right
10  6   100        2137       33945      33946      156        1100       1  Right
9   6   100        2163       33946      33947      157        1200       1  Right
7   6   100        2177       33947      34047      158        600        1  Right
1   2   500        2119       33844      34147      154        1000       1  Right
3   6   100        2254       34047      34148      158        900        1  Right
0   8   100        2583       34148      34248      156        600        1  Right
1   12  500        2119       34148      34648      161        2500       1  Right
1   4   500        2142       34648      35148      163        4000       1  Right
6   1   500        2268       35148      35648      163        1500       1  Left 
6   15  500        2280       35648      36148      164        3000       1  Left 
1   0   100        2310       36148      36248      165        600        1  Right
1   0   100        2314       36248      36348      166        600        1  Right
15  0   100        2332       36348      36448      166        300        1  Right
15  0   100        2336       36448      36548      167        300        1  Right
6   14  500        2313       36148      36649      165        1000       1  Right
14  0   100        2360       36649      36749      169        500        1  Right
1   3   500        2427       36548      37049      166        2000       1  Right
8   1   100        2453       37049      37050      169        1200       1  Right
6   2   500        2323       36649      37051      169        500        1  Left 
1   8   500        2755       37050      37551      167        6000       1  Right
2   0   100        2361       37551      37651      174        800        1  Right
6   13  500        2345       37551      38051      174        2000       1  Right
14  0   100        2364       38051      38052      176        500        1  Right
14  8   100        2896       38052      38152      171        100        1  Right
6   12  500        2378       38051      38453      176        4000       1  Left 
2   0   100        2365       38453      38454      179        800        1  Right
6   4   500        2400       38453      38855      179        2500       1  Right
13  0   100        2387       38855      38955      181        300        1  Right
13  0   100        2391       38955      39055      182        300        1  Right
12  0   100        2415       39055      39155      183        100        1  Right
12  0   100        2419       39155      39255      183        100        1  Right
4   0   100        2427       39255      39355      183        200        1  Right
6   5   500        2422       38855      39356      179        1000       1  Left 
4   0   100        2431       39355      39456      184        200        1  Right
5   0   100        2444       39456      39556      186        700        1  Right
5   0   100        2448       39556      39656      187        700        1  Right
3   4   100        2455       39656      39756      188        400        1  Right
3   4   100        2756       39756      39856      186        400        1  Right
6   11  500        2433       39356      39857      185        1500       1  Right
6   0   100        2463       39857      39957      191        700        1  Right
11  0   100        2465       39957      40057      192        400        1  Right
6   0   100        2467       40057      40157      193        700        1  Right
11  0   100        2469       40157      40257      194        400        1  Right
6   10  500        2488       40157      40658      194        2500       1  Left 
10  0   100        2515       40658      40758      196        400        1  Right
10  0   100        2519       40758      40858      197        400        1  Right
6   9   500        2510       40658      41158      196        2000       1  Left 
9   0   100        2532       41158      41258      198        500        1  Right
9   0   100        2536       41258      41358      199        500        1  Right
6   7   500        2521       41158      41658      198        3000       1  Right
7   0   100        2543       41658      41758      201        100        1  Right
7   0   100        2547       41758      41858      202        100        1  Right
6   3   500        2554       41658      42159      201        3500       1  Left 
0   3   100        2587       42159      42259      204        200        1  Right
4   3   500        2737       42259      42759      203        2000       1  Right
3   0   100        2757       42759      42859      204        200        1  Right
8   0   100        2808       42859      42959      205        600        1  Right
3   0   500        2879       42959      43459      205        1000       1  Right
0   14  100        2883       43459      43559      206        500        1  Right
3   2   100        3066       43459      43560      206        600        1  Right
0   14  100        2887       43559      43660      207        500        1  Right
3   6   100        3095       43560      43661      208        700        1  Left 
8   0   500        2910       43660      44161      209        3000       1  Right
14  3   100        2900       44161      44261      211        700        1  Right
8   0   100        2942       44261      44361      212        600        1  Right
0   1   100        2970       44361      44461      213        600        1  Right
8   14  500        3041       44361      44862      213        500        1  Right
4   3   500        3042       44461      44962      214        2000       1  Right
14  1   100        3228       44862      44963      215        500        1  Left 
0   8   100        2985       44963      45063      217        600        1  Right
0   3   100        3077       45063      45163      218        200        1  Right
0   8   500        3125       45163      45663      219        3000       1  Right
8   0   100        3181       45663      45763      220        600        1  Right
0   13  100        3185       45763      45863      221        300        1  Right
0   13  100        3189       45863      45963      222        300        1  Right
3   14  500        3192       45763      46264      221        4500       1  Left 
13  8   100        3203       46264      46364      224        300        1  Right
1   0   500        3242       46264      46765      224        3000       1  Right
8   13  500        3244       46364      46865      225        1500       1  Right
0   1   100        3274       46765      46866      226        600        1  Right
13  3   100        3207       46866      46966      228        500        1  Right
3   14  100        3233       46966      47066      229        700        1  Right
14  3   100        3251       47066      47166      230        700        1  Right
3   13  500        3282       47166      47666      231        2500       1  Right
1   14  500        3515       47166      47667      230        2500       1  Left 
13  1   100        3313       47667      47767      233        700        1  Left 
14  0   100        3537       47767      47867      233        500        1  Right
2   3   500        3338       47767      48267      233        3000       1  Right
3   6   100        3358       48267      48367      235        700        1  Left 
3   1   100        3359       48367      48368      236        400        1  Right
0   5   100        3498       48367      48369      236        900        1  Left 
6   3   500        3377       48369      48370      238        3500       1  Left 
0   8   500        3498       48369      48371      238        3000       1  Right
0   11  100        3499       48371      48471      240        400        1  Right
5   8   100        3526       48371      48472      240        300        1  Left 
1   13  500        3530       48471      48972      241        4500       1  Right
8   5   500        3557       48472      48973      242        1500       1  Left 
11  3   100        3540       48972      49073      243        600        1  Right
8   1   100        3560       48973      49074      244        400        1  Left 
1   0   500        3546       49074      49574      246        3000       1  Right
13  0   100        3557       49574      49674      247        300        1  Right
1   3   500        3638       49574      50075      247        2000       1  Right
0   1   100        3568       50075      50175      249        600        1  Right
0   2   100        3580       50175      50275      250        800        1  Right
6   3   500        3640       50275      50775      251        3500       1  Left 
3   2   100        3676       50775      50875      252        600        1  Right
0   1   100        3800       50875      50975      253        600        1  Right
0   7   100        3801       50975      51075      254        100        1  Right
1   8   100        3808       50975      51076      254        400        1  Left 
3   11  500        3827       51075      51576      254        3000       1  Right
8   1   500        3862       51076      51577      255        2000       1  Left 
7   3   100        3841       51576      51677      256        300        1  Right
14  1   100        3881       51577      51678      257        500        1  Left 
0   3   100        3863       51677      51778      258        200        1  Right
1   0   500        3840       51778      52278      260        3000       1  Right
2   0   500        3857       52278      52778      261        4000       1  Right
0   14  100        3868       52778      52878      262        500        1  Right
3   11  100        3877       52878      52978      263        600        1  Right
11  3   100        3890       52978      53078      264        600        1  Right
1   8   500        3870       52778      53279      262        2000       1  Left 
3   7   500        3916       53078      53579      265        1500       1  Right
8   0   100        3924       53579      53679      267        600        1  Right
2   3   500        3948       53579      54080      267        3000       1  Right
0   8   500        3980       53679      54081      268        3000       1  Right
3   6   100        3975       54080      54082      269        700        1  Left 
8   0   100        4042       54081      54182      270        600        1  Right
3   5   100        4000       54082      54183      271        500        1  Right
8   1   100        4044       54183      54283      273        400        1  Left 
0   15  100        4102       54183      54284      273        300        1  Right
1   3   100        4096       54284      54384      275        400        1  Right
0   1   100        4104       54384      54484      276        600        1  Right
3   1   100        4109       54484      54584      277        400        1  Right
15  8   100        4110       54584      54684      278        700        1  Left 
3   0   100        4139       54584      54685      278        200        1  Right
8   15  500        4161       54684      55185      279        3500       1  Left 
3   0   500        4155       54685      55186      280        1000       1  Right
8   4   100        4188       55185      55286      281        400        1  Right
1   3   100        4113       55186      55287      282        400        1  Right
0   3   100        4157       55287      55387      284        200        1  Right
0   13  100        4171       55387      55487      285        300        1  Right
1   8   500        4135       55287      55787      284        2000       1  Left 
1   14  500        4153       55787      56287      287        2500       1  Left 
3   1   500        4188       56287      56787      288        2000       1  Right
4   8   500        4224       56287      56788      288        2000       1  Right
6   3   500        4257       56787      57288      289        3500       1  Left 
13  1   100        4189       57288      57388      291        700        1  Left 
0   1   100        4222       57388      57488      292        600        1  Right
1   14  100        4223       57488      57588      293        500        1  Left 
14  1   100        4231       57588      57688      294        500        1  Left 
1   0   100        4240       57688      57788      295        600        1  Right
1   0   500        4243       57788      58288      296        3000       1  Right
1   13  500        4252       58288      58788      297        3500       1  Left 
1   0   100        4253       58788      58888      298        600        1  Right
0   8   100        4268       58888      58988      299        600        1  Right
5   3   500        4283       58888      59389      299        2500       1  Right
0   1   100        4275       59389      59489      301        600        1  Right
1   0   500        4296       59489      59989      302        3000       1  Right
1   3   100        4298       59989      60089      303        400        1  Right
0   6   100        4316       59989      60090      303        700        1  Right
3   1   100        4307       60089      60190      304        400        1  Right
0   1   100        4317       60190      60290      306        600        1  Right
8   1   100        4324       60290      60390      306        400        1  Left 
8   5   100        4324       60390      60490      307        300        1  Left 
8   15  100        4324       60490      60590      308        700        1  Left 
8   14  100        4324       60590      60690      309        100        1  Right
8   13  100        4324       60690      60790      310        300        1  Right
1   8   100        4333       60790      60890      311        400        1  Left 
5   8   100        4345       60890      60990      312        300        1  Left 
1   0   500        4340       60890      61390      312        3000       1  Right
1   8   100        4362       61390      61490      314        400        1  Left 
13  8   100        4364       61490      61590      315        300        1  Right
14  8   100        4366       61590      61690      316        100        1  Right
15  8   100        4368       61690      61790      317        700        1  Left 
8   1   100        4371       61790      61890      318        400        1  Left 
15  3   100        4415       61790      61891      318        100        1  Right
0   8   100        4385       61890      61991      319        600        1  Right
0   2   100        4404       61991      62091      321        800        1  Left 
2   8   100        4417       62091      62191      322        200        1  Left 
8   0   100        4419       62191      62291      323        600        1  Right
8   6   100        4428       62291      62391      324        100        1  Right
1   3   500        4422       61891      62392      320        2000       1  Right
8   4   100        4440       62391      62492      325        400        1  Right
0   15  100        4406       62392      62493      326        300        1  Right
8   6   100        4441       62492      62593      327        100        1  Right
15  1   100        4494       62493      62593      328        300        1  Right
3   0   100        4450       62493      62594      328        200        1  Right
4   8   500        4476       62593      63094      329        2000       1  Right
3   15  500        4451       62594      63095      330        500        1  Right
8   0   100        4463       63094      63096      331        600        1  Right
6   3   100        4454       63095      63097      332        700        1  Left 
8   2   100        4515       63097      63197      334        200        1  Left 
0   3   500        4462       63097      63597      334        1000       1  Right
1   15  500        4520       63097      63599      334        1500       1  Right
8   2   500        4570       63197      63698      335        1000       1  Left 
1   2   100        4581       63698      63798      338        200        1  Right
0   3   500        4481       63597      64098      336        1000       1  Right
3   6   100        4472       64098      64099      340        700        1  Left 
0   8   500        4506       64098      64500      340        3000       1  Right
3   0   100        4512       64500      64600      342        200        1  Right
15  0   100        4547       64600      64700      343        300        1  Right
6   8   500        4513       64500      65001      342        500        1  Right
0   3   500        4552       64700      65201      344        1000       1  Right
0   1   100        4552       65201      65301      346        600        1  Right
0   1   100        4573       65301      65401      347        600        1  Right
3   5   100        4588       65401      65501      348        500        1  Right
2   8   500        4561       65001      65502      345        1000       1  Left 
2   0   100        4602       65502      65602      350        800        1  Left 
8   6   100        4606       65602      65702      351        100        1  Right
3   1   500        4594       65501      66002      349        2000       1  Right
6   0   500        4613       65702      66203      352        3500       1  Right
0   2   100        4622       66203      66303      354        800        1  Right
0   1   100        4625       66303      66403      355        600        1  Right
1   8   100        4646       66403      66503      356        400        1  Left 
2   1   500        4648       66503      67003      357        1000       1  Right
0   1   100        4661       67003      67103      358        600        1  Right
1   8   100        4679       67103      67203      359        400        1  Left 
1   0   500        4682       67203      67703      360        3000       1  Right
6   8   500        4720       67203      67704      360        500        1  Right
2   3   100        4722       67703      67705      361        600        1  Right
12  8   100        4729       67704      67706      362        700        1  Right
8   1   100        4684       67706      67806      364        400        1  Left 
0   1   100        4701       67806      67906      365        600        1  Right
0   12  100        4706       67906      68006      366        100        1  Right
8   1   500        4730       67906      68407      366        2000       1  Left 
0   2   100        4708       68407      68507      368        800        1  Right
1   0   500        4722       68507      69007      369        3000       1  Right
1   0   500        4735       69007      69507      370        3000       1  Right
3   2   500        4743       69507      69508      371        3000       1  Right
8   12  500        4765       69507      69509      371        3500       1  Right
1   2   500        4789       69508      70009      372        1000       1  Right
8   1   100        4768       70009      70109      374        400        1  Left 
2   1   100        4768       70109      70209      375        200        1  Right
0   1   100        4789       70209      70309      376        600        1  Right
2   0   100        4810       70309      70409      377        800        1  Right
1   8   100        4810       70409      70509      378        400        1  Left 
0   15  100        4855       70409      70510      377        300        1  Right
2   1   100        4821       70509      70610      378        200        1  Right
2   0   100        4823       70610      70710      380        800        1  Right
1   3   100        4827       70710      70810      381        400        1  Right
3   1   100        4840       70810      70910      382        400        1  Right
1   2   500        4842       70910      71410      383        1000       1  Right
8   1   100        4848       71410      71510      384        400        1  Left 
15  1   100        4863       71510      71511      385        300        1  Right
5   3   500        4865       71510      71912      385        5500       1  Left 
2   1   100        4864       71912      72012      387        200        1  Right
1   8   500        4866       72012      72512      388        2000       1  Left 
1   0   100        4873       72512      72612      389        600        1  Right
1   8   100        4875       72612      72712      390        400        1  Left 
6   8   500        4883       72712      73212      391        500        1  Right
1   2   500        4885       72712      73213      391        1000       1  Right
12  8   100        4960       73212      73313      391        700        1  Right
2   3   100        4908       73313      73314      394        1000       1  Left 
2   8   100        4967       73314      73414      394        200        1  Left 
12  3   100        5035       73314      73415      394        100        1  Right
1   15  500        4889       73213      73615      393        1500       1  Right
1   0   500        4899       73615      74115      398        3000       1  Right
1   6   100        4903       74115      74215      399        300        1  Left 
1   0   100        4908       74215      74315      400        600        1  Right
3   1   100        4910       74315      74415      401        400        1  Right
8   0   100        4931       74315      74416      400        600        1  Right
3   1   100        4910       74415      74516      402        400        1  Right
8   2   100        4931       74416      74517      402        200        1  Left 
1   0   500        4983       74516      75017      403        3000       1  Right
8   12  100        4931       75017      75117      405        700        1  Right
8   2   100        4932       75117      75217      406        200        1  Left 
0   6   100        4958       75217      75317      407        700        1  Right
0   1   100        4962       75317      75417      408        600        1  Right
0   8   100        4974       75417      75517      409        600        1  Right
0   4   100        5006       75517      75617      410        200        1  Right
0   4   100        5008       75617      75717      411        200        1  Right
0   12  100        5010       75717      75817      412        100        1  Right
2   8   500        4986       75517      76017      410        1000       1  Left 
3   12  500        5056       75817      76318      413        500        1  Right
6   0   500        5006       76017      76518      414        3500       1  Right
1   12  500        5112       76318      76819      415        2500       1  Right
8   1   100        5030       76819      76919      417        400        1  Left 
4   0   500        5042       76518      77019      416        1000       1  Right
12  1   100        5081       76919      77019      418        500        1  Right
8   6   100        5039       76919      77020      418        100        1  Right
0   2   100        5137       77019      77120      419        800        1  Right
4   8   100        5043       77020      77121      420        400        1  Right
12  0   100        5143       77120      77221      421        100        1  Right
8   5   100        5064       77121      77222      422        300        1  Left 
8   1   100        5089       77222      77322      424        400        1  Left 
12  1   100        5154       77322      77422      425        500        1  Right
12  0   100        5156       77422      77522      426        100        1  Right
5   8   500        5095       77322      77822      425        1500       1  Left 
1   8   500        5127       77822      78322      428        2000       1  Left 
0   2   100        5157       78322      78422      429        800        1  Right
0   1   100        5185       78422      78522      430        600        1  Right
8   4   500        5186       78322      78823      429        2000       1  Right
2   8   100        5182       78823      78923      432        200        1  Left 
1   12  500        5185       78522      79023      431        2500       1  Right
14  8   100        5201       78923      79024      433        100        1  Right
1   3   500        5187       79023      79524      434        2000       1  Right
3   2   500        5190       79524      80024      436        3000       1  Right
1   3   500        5198       80024      80524      437        2000       1  Right
8   2   500        5228       80024      80525      437        1000       1  Left 
3   0   100        5219       80524      80625      438        200        1  Right
3   0   100        5235       80625      80725      440        200        1  Right
3   15  100        5371       80725      80825      441        100        1  Right
8   14  500        5247       80525      81025      439        500        1  Right
6   1   500        5210       80525      81026      439        1500       1  Left 
12  1   100        5217       81026      81126      444        500        1  Right
8   5   100        5315       81026      81127      444        300        1  Left 
4   0   500        5294       80725      81227      441        1000       1  Right
1   12  500        5248       81126      81628      445        2500       1  Right
0   1   100        5229       81628      81728      448        600        1  Right
0   4   100        5258       81728      81828      449        200        1  Right
12  8   100        5279       81728      81829      449        900        1  Left 
0   6   100        5259       81829      81929      451        700        1  Right
12  3   100        5350       81829      81930      451        100        1  Right
1   0   100        5297       81929      82030      452        1000       1  Left 
13  8   100        5307       82030      82130      454        300        1  Right
0   1   500        5318       82030      82531      454        3000       1  Right
6   8   500        5316       82130      82631      455        500        1  Right
1   0   100        5339       82531      82632      456        600        1  Right
4   3   100        5355       82632      82732      458        400        1  Right
3   14  100        5371       82732      82832      459        700        1  Right
13  3   100        5390       82832      82932      460        500        1  Right
14  3   100        5392       82932      83032      461        700        1  Right
5   8   500        5346       82631      83132      457        1500       1  Left 
2   1   100        5342       83132      83232      463        200        1  Right
8   12  500        5315       83132      83632      463        3500       1  Right
0   6   100        5318       83632      83732      465        700        1  Right
0   4   100        5318       83732      83832      466        200        1  Right
0   2   100        5333       83832      83932      467        800        1  Right
8   13  500        5348       83732      84233      466        1500       1  Right
0   1   500        5360       83932      84433      468        3000       1  Right
2   0   500        5361       84433      84933      470        4000       1  Right
15  8   100        5363       84933      85033      471        700        1  Left 
3   13  100        5371       84933      85034      471        500        1  Right
6   8   100        5365       85033      85133      472        100        1  Right
15  3   100        5394       85034      85135      473        100        1  Right
0   6   100        5386       85133      85234      474        700        1  Right
3   12  100        5430       85135      85236      474        100        1  Right
1   2   500        5363       85033      85534      472        1000       1  Right
2   0   100        5386       85534      85634      478        800        1  Right
1   0   100        5405       85634      85734      479        600        1  Right
8   6   500        5391       85234      85736      476        500        1  Right
1   2   500        5416       85734      86235      480        1000       1  Right
2   8   100        5388       86235      86335      482        200        1  Left 
2   1   100        5395       86335      86435      483        200        1  Right
6   8   100        5454       86335      86436      482        100        1  Right
8   1   100        5396       86436      86536      485        400        1  Left 
8   1   100        5396       86536      86636      486        400        1  Left 
8   15  500        5414       86636      87136      487        3500       1  Left 
4   8   100        5461       87136      87236      487        400        1  Right
0   1   500        5426       87136      87636      487        3000       1  Right
8   1   100        5435       87636      87736      489        400        1  Left 
8   4   100        5435       87736      87836      490        400        1  Right
8   6   100        5435       87836      87936      491        100        1  Right
8   15  100        5435       87936      88036      492        700        1  Left 
8   14  100        5435       88036      88136      493        100        1  Right
2   6   100        5436       88036      88137      493        100        1  Left 
8   13  100        5435       88136      88237      494        300        1  Right
2   1   100        5437       88137      88238      495        200        1  Right
8   12  100        5435       88237      88338      496        700        1  Right
3   1   100        5469       88238      88339      497        400        1  Right
2   0   100        5441       88338      88439      498        800        1  Left 
3   1   100        5472       88339      88440      499        400        1  Right
0   12  100        5466       88439      88540      500        100        1  Right
0   12  100        5480       88540      88640      502        100        1  Right
4   1   500        5510       88440      88941      501        4000       1  Left 
1   0   100        5453       88941      89041      504        600        1  Right
1   3   100        5453       89041      89042      505        400        1  Right
1   3   100        5456       89042      89043      506        400        1  Right
2   12  500        5529       89041      89344      505        4500       1  Left 
1   2   500        5460       89344      89844      508        1000       1  Right
0   3   500        5528       89344      89845      508        1000       1  Right
1   8   100        5473       89844      89945      509        400        1  Left 
12  8   100        5476       89945      90045      511        700        1  Right
13  8   100        5478       90045      90145      512        300        1  Right
1   4   100        5479       90045      90146      512        800        1  Right
14  8   100        5480       90145      90246      513        100        1  Right
12  2   100        5503       90146      90247      514        700        1  Right
15  8   100        5482       90247      90347      516        700        1  Left 
1   8   500        5495       90347      90847      517        2000       1  Left 
1   8   500        5498       90847      91347      518        2000       1  Left 
8   2   100        5533       91347      91447      519        200        1  Left 
0   1   100        5586       91347      91448      519        600        1  Right
8   0   100        5543       91448      91548      521        600        1  Right
6   0   500        5558       91548      92048      522        3500       1  Right
3   0   100        5559       92048      92148      523        200        1  Right
4   1   100        5666       92048      92149      523        800        1  Left 
3   12  100        5613       92148      92249      524        100        1  Right
8   0   100        5559       92149      92250      525        600        1  Right
12  8   100        5565       92250      92350      527        700        1  Right
15  8   100        5573       92350      92450      528        700        1  Left 
8   2   100        5601       92450      92550      529        200        1  Left 
3   4   500        5631       92350      92851      528        2000       1  Right
15  3   100        5577       92851      92951      531        100        1  Right
1   0   500        5607       92851      93352      531        5000       1  Left 
12  3   500        5621       92951      93452      532        500        1  Right
0   8   500        5615       93352      93853      533        3000       1  Right
3   15  500        5650       93452      93953      534        500        1  Right
0   5   100        5620       93853      93954      535        900        1  Left 
0   10  100        5620       93954      94054      537        400        1  Right
5   3   100        5674       94054      94154      538        500        1  Right
2   8   500        5634       93954      94455      537        1000       1  Left 
1   4   500        5699       94154      94655      539        4000       1  Right
0   2   100        5640       94655      94755      541        800        1  Right
2   0   500        5667       94755      95255      542        4000       1  Right
10  8   100        5682       95255      95355      543        600        1  Left 
3   4   100        5700       95255      95356      543        400        1  Right
5   1   100        5760       95355      95455      544        100        1  Right
14  8   100        5744       95355      95456      544        100        1  Right
4   3   100        5708       95356      95458      545        400        1  Right
2   1   100        5761       95455      95556      546        200        1  Right
13  8   100        5833       95456      95557      547        300        1  Right
12  3   100        5731       95458      95559      548        100        1  Right
6   0   500        5683       95557      96058      550        3500       1  Right
3   5   500        5729       95559      96059      551        2500       1  Right
0   2   100        5694       96058      96158      552        800        1  Left 
0   2   100        5699       96158      96258      554        800        1  Right
8   12  500        5699       96258      96758      555        3500       1  Right
6   2   500        5723       96258      96759      555        500        1  Left 
8   15  500        5700       96758      97259      556        4500       1  Right
4   0   100        5733       97259      97359      558        200        1  Right
3   15  100        5752       97259      97360      558        100        1  Right
14  3   100        5748       97360      97361      560        700        1  Right
3   12  100        5811       97361      97461      561        100        1  Right
8   10  500        5708       97259      97660      558        3000       1  Left 
1   4   100        5731       97660      97760      563        800        1  Right
1   6   100        5732       97760      97860      564        300        1  Left 
0   2   100        5755       97860      97960      565        800        1  Right
0   1   100        5761       97960      98060      566        600        1  Right
8   14  500        5790       97660      98161      563        500        1  Right
4   1   500        5762       98060      98561      567        4000       1  Right
15  1   100        5765       98561      98661      569        300        1  Right
8   0   100        5812       98561      98662      569        600        1  Right
15  3   100        5775       98661      98761      570        100        1  Right
1   6   100        5769       98661      98762      570        300        1  Left 
0   3   100        5783       98761      98861      572        200        1  Right
8   13  500        5874       98662      99164      571        1500       1  Right
1   2   500        5782       98762      99264      573        1000       1  Right
12  3   500        5825       98861      99362      574        500        1  Right
12  3   100        5829       99362      99462      577        100        1  Right
13  3   100        5837       99462      99562      578        500        1  Right
1   15  500        5791       99264      99765      576        1500       1  Right
1   2   100        5796       99765      99865      580        200        1  Right
2   1   100        5801       99865      99965      581        200        1  Right
0   3   500        5851       99562      100063     579        1000       1  Right
3   2   100        5812       100063     100163     583        1000       1  Left 
3   12  100        5813       100163     100263     584        100        1  Right
1   5   500        5804       99965      100466     582        500        1  Right
0   8   500        5868       100163     100665     584        3000       1  Right
6   1   500        5810       100466     100967     586        1500       1  Left 
15  1   100        5819       100967     101067     588        300        1  Right
3   14  500        5854       100665     101166     587        3500       1  Right
3   14  100        5857       101166     101266     590        700        1  Right
14  3   100        5886       101266     101366     591        700        1  Right
1   2   500        5822       101067     101568     589        1000       1  Right
2   1   500        5825       101568     102068     593        1000       1  Right
15  1   100        5832       102068     102168     594        300        1  Right
12  1   100        5849       102168     102169     595        500        1  Right
0   2   500        5880       102068     102470     594        4000       1  Left 
15  0   100        5834       102470     102570     597        300        1  Right
1   6   100        5845       102470     102571     597        300        1  Left 
5   0   100        5844       102571     102671     599        700        1  Right
2   0   100        5845       102671     102771     600        800        1  Right
3   2   100        5882       102771     102772     601        1000       1  Left 
1   15  500        5845       102771     102773     601        1500       1  Right
2   3   500        5903       102772     102774     602        5000       1  Left 
2   0   100        5914       102774     102874     604        800        1  Left 
12  0   100        5917       102874     102974     605        100        1  Right
12  8   100        5919       102974     103074     606        700        1  Right
1   15  500        5858       102773     103174     603        1500       1  Right
0   6   100        5922       103074     103175     606        700        1  Right
1   12  500        5880       103174     103675     608        2500       1  Right
15  1   100        5887       103675     103775     610        300        1  Right
3   12  100        5917       103675     103776     610        100        1  Right
3   12  100        5919       103776     103876     612        100        1  Right
1   15  500        5913       103775     104276     611        1500       1  Right
0   9   100        5922       104276     104376     613        500        1  Right
12  1   100        5926       104376     104377     614        500        1  Right
0   2   500        5945       104376     104778     614        4000       1  Left 
12  3   500        5928       104377     104878     615        500        1  Right
8   2   100        5956       104778     104879     616        200        1  Left 
15  3   100        5941       104878     104979     617        100        1  Right
1   12  500        5957       104879     105380     618        5500       1  Left 
6   3   100        5955       105380     105480     620        700        1  Left 
8   15  100        5956       105480     105580     621        700        1  Left 
8   14  100        5956       105580     105680     622        100        1  Right
2   1   100        5971       105580     105681     622        200        1  Right
8   13  100        5956       105680     105781     623        300        1  Right
2   0   500        5971       105681     106182     624        4000       1  Right
8   10  100        5956       106182     106282     626        600        1  Left 
9   8   100        5963       106282     106382     627        500        1  Left 
10  8   100        5981       106382     106482     628        600        1  Left 
2   8   100        5989       106482     106582     629        200        1  Left 
3   13  500        5958       106182     106683     626        2500       1  Right
1   2   500        5992       106582     107083     630        1000       1  Right
3   6   500        5986       106683     107184     631        4500       1  Right
13  1   100        5988       107184     107284     633        700        1  Left 
12  6   100        5990       107284     107384     634        800        1  Right
12  1   100        5991       107384     107484     635        500        1  Right
13  8   100        5993       107384     107485     635        300        1  Right
6   1   100        6022       107484     107584     635        300        1  Left 
12  0   100        5995       107484     107585     636        100        1  Right
14  8   100        5995       107485     107587     637        100        1  Right
0   6   100        5998       107585     107686     639        900        1  Left 
15  8   100        5997       107686     107786     641        700        1  Left 
0   4   100        6024       107686     107787     640        200        1  Right
1   13  500        6015       107786     108287     642        3500       1  Left 
2   0   100        6015       108287     108387     644        800        1  Right
0   2   100        6025       108387     108388     644        800        1  Left 
1   12  500        6024       108387     108788     644        2500       1  Right
0   1   100        6026       108788     108888     646        600        1  Right
8   12  100        6048       108888     108988     647        700        1  Right
8   12  100        6050       108988     109088     648        700        1  Right
6   1   500        6027       108888     109388     647        1500       1  Left 
12  8   500        6074       109088     109589     649        3500       1  Right
1   6   500        6063       109388     109590     650        1500       1  Left 
8   9   500        6118       109589     109791     651        5500       1  Right
13  1   100        6041       109791     109891     653        700        1  Left 
0   2   500        6041       109891     110391     654        4000       1  Right
13  1   100        6054       110391     110491     655        700        1  Left 
0   4   100        6067       110391     110492     655        200        1  Right
1   13  500        6067       110491     110992     656        3500       1  Left 
13  0   100        6056       110992     111092     658        300        1  Right
2   0   100        6073       111092     111192     659        800        1  Right
2   1   100        6075       111192     111292     660        200        1  Right
0   8   100        6085       111192     111293     660        600        1  Right
6   0   100        6105       111293     111294     662        700        1  Right
2   3   500        6090       111292     111694     661        3000       1  Right
3   0   100        6124       111694     111794     663        200        1  Right
0   10  100        6224       111794     111894     664        400        1  Right
1   13  500        6080       111694     112194     664        3500       1  Left 
1   2   100        6083       112194     112294     667        200        1  Right
0   11  100        6225       112194     112295     666        400        1  Right
0   12  100        6246       112295     112395     668        100        1  Right
1   2   500        6097       112294     112795     668        1000       1  Right
4   1   100        6092       112795     112895     671        800        1  Right
8   2   100        6137       112795     112896     670        200        1  Left 
13  1   100        6115       112895     112996     672        900        1  Right
8   2   100        6137       112896     112997     672        200        1  Left 
13  8   100        6167       112997     113097     674        300        1  Right
1   4   500        6123       112996     113497     673        4000       1  Right
2   1   500        6123       113497     113997     676        1000       1  Right
2   4   100        6124       113997     114097     677        600        1  Left 
6   1   500        6137       114097     114597     678        1500       1  Left 
1   13  500        6141       114597     115097     679        3500       1  Left 
1   2   100        6145       115097     115197     680        200        1  Right
8   13  500        6208       115097     115198     680        1500       1  Right
4   2   500        6165       115197     115298     681        5000       1  Right
8   0   100        6271       115298     115398     683        600        1  Right
2   1   500        6173       115298     115798     683        1000       1  Right
2   3   100        6183       115798     115799     685        600        1  Right
6   12  500        6277       115398     115800     684        4000       1  Right
3   2   100        6192       115799     115900     686        600        1  Right
0   12  100        6327       115800     115900     687        100        1  Right
1   6   100        6192       115900     116000     688        300        1  Left 
1   5   100        6217       116000     116100     689        100        1  Right
8   11  500        6286       115800     116301     687        1000       1  Right
3   15  500        6238       115900     116402     688        500        1  Right
13  3   100        6245       116402     116502     692        500        1  Right
5   1   500        6255       116100     116601     690        500        1  Right
10  3   100        6257       116502     116602     693        200        1  Right
2   8   500        6186       116301     116802     691        1000       1  Left 
3   10  500        6288       116602     117103     695        1000       1  Right
12  1   100        6315       117103     117203     697        500        1  Right
2   8   500        6213       116802     117303     696        1000       1  Left 
11  8   100        6255       117303     117403     699        200        1  Right
6   0   500        6299       117303     117804     699        4500       1  Left 
1   0   500        6309       117804     118304     701        3000       1  Right
2   0   500        6312       118304     118804     702        4000       1  Right
11  1   100        6321       118804     118904     703        600        1  Left 
10  1   100        6323       118904     119004     704        200        1  Right
4   0   500        6329       118804     119305     703        1000       1  Right
0   2   100        6337       119305     119306     706        800        1  Left 
1   12  500        6346       119004     119406     705        2500       1  Right
0   8   100        6368       119306     119407     707        600        1  Right
12  1   100        6375       119406     119408     708        500        1  Right
0   5   100        6369       119407     119409     709        900        1  Left 
1   11  500        6357       119409     119909     711        3000       1  Left 
2   4   100        6376       119909     120009     712        600        1  Left 
2   6   100        6377       120009     120109     713        100        1  Left 
11  0   100        6393       120009     120110     713        400        1  Right
2   6   100        6399       120109     120210     714        100        1  Left 
0   2   100        6386       120210     120310     716        800        1  Left 
1   10  500        6364       119909     120409     712        1000       1  Right
0   15  100        6387       120310     120411     717        300        1  Right
11  1   100        6404       120409     120510     718        600        1  Left 
15  2   100        6397       120510     120610     720        500        1  Right
11  0   100        6406       120510     120611     720        400        1  Right
1   12  500        6406       120610     121111     721        2500       1  Right
4   2   500        6410       120611     121112     722        3000       1  Left 
5   1   100        6411       121111     121211     723        100        1  Right
10  0   100        6409       121111     121212     723        400        1  Right
