
403
C:/Users/nxconrad/Desktop/REU 2.0/Benchmark Data/16-core/7/flow_freqmine100#1.txt
759
[12, 6, 3, 4, 5, 9, 2, 14, 11, 13, 7, 8, 0, 10, 15, 1]
8   0   100        0          2          102        0          100        1  Right
0   8   500        317        319        819        0          500        1  Right
8   1   100        376        819        919        1          400        1  Right
1   8   500        678        919        1419       1          2000       1  Right
8   1   100        725        1419       1519       2          400        1  Right
3   0   100        1001       1519       1619       1          600        1  Left 
6   0   100        1002       1619       1719       2          500        1  Left 
5   0   100        1003       1719       1819       3          800        1  Right
9   0   100        1003       1819       1919       4          700        1  Right
1   0   100        1004       1919       2019       5          300        1  Right
15  0   100        1004       2019       2020       6          200        1  Right
1   8   500        1027       2019       2021       6          6000       1  Left 
0   15  500        1025       2020       2121       7          1000       1  Right
12  0   100        1005       2121       2221       9          400        1  Left 
14  0   100        1006       2221       2321       10         500        1  Right
10  0   100        1006       2321       2421       11         100        1  Right
11  0   100        1007       2421       2521       12         400        1  Right
4   0   100        1008       2521       2621       13         700        1  Left 
13  0   100        1008       2621       2721       14         300        1  Right
7   0   100        1010       2721       2821       15         200        1  Right
2   0   100        1012       2821       2921       16         600        1  Right
0   1   500        1025       2921       3421       17         1500       1  Right
0   14  500        1032       3421       3921       18         2500       1  Right
0   2   500        1038       3921       4421       19         3000       1  Right
15  0   100        1042       4421       4521       20         200        1  Right
0   13  500        1052       4521       5021       21         1500       1  Right
0   12  500        1052       5021       5521       22         2000       1  Left 
1   0   100        1053       5521       5621       23         300        1  Right
14  0   100        1069       5621       5721       24         500        1  Right
0   4   500        1075       5721       6221       25         3500       1  Left 
0   5   500        1075       6221       6721       26         4000       1  Right
8   0   100        1077       6721       6821       27         100        1  Right
8   1   100        1079       6821       6921       28         400        1  Right
8   0   100        1080       6921       7021       29         100        1  Right
2   0   100        1086       7021       7121       30         600        1  Right
0   11  500        1097       7121       7621       31         2000       1  Right
0   6   500        1097       7621       8121       32         2500       1  Left 
13  0   100        1102       8121       8221       33         300        1  Right
12  0   100        1118       8221       8321       34         400        1  Left 
0   10  500        1119       8321       8322       35         500        1  Right
1   8   500        1379       8321       8323       35         6000       1  Left 
0   9   500        1119       8323       8823       37         3500       1  Right
4   0   100        1129       8823       8923       38         700        1  Left 
0   7   500        1141       8923       9423       39         1000       1  Right
5   0   100        1145       9423       9523       40         800        1  Right
11  0   100        1156       9523       9623       41         400        1  Right
6   0   100        1172       9623       9723       42         500        1  Left 
10  0   100        1183       9723       9823       43         100        1  Right
9   0   100        1199       9823       9923       44         700        1  Right
7   0   100        1210       9923       10023      45         200        1  Right
0   3   500        1319       10023      10523      46         3000       1  Left 
0   1   100        1340       10523      10623      47         300        1  Right
3   1   100        1353       10623      10723      48         300        1  Left 
0   7   500        1356       10623      11124      48         1000       1  Right
0   9   500        1356       11124      11624      50         3500       1  Right
7   1   100        1410       11624      11724      51         1100       1  Left 
9   1   100        1421       11724      11824      51         600        1  Left 
0   10  500        1357       11624      12124      51         500        1  Right
0   6   500        1357       12124      12624      54         2500       1  Left 
10  1   100        1438       12624      12724      54         200        1  Right
0   11  500        1378       12624      13124      55         2000       1  Right
0   5   500        1378       13124      13624      57         4000       1  Right
0   4   500        1400       13624      14124      58         3500       1  Left 
8   6   100        1542       14124      14125      57         1000       1  Right
0   12  500        1400       14124      14525      59         2000       1  Left 
0   13  500        1422       14525      15025      60         1500       1  Right
0   2   500        1422       15025      15525      61         3000       1  Right
0   14  500        1444       15525      16025      62         2500       1  Right
0   1   500        1444       16025      16525      63         1500       1  Right
6   1   100        1449       16525      16625      64         200        1  Left 
11  1   100        1455       16625      16725      65         900        1  Left 
5   1   100        1466       16725      16825      66         500        1  Left 
4   1   100        1472       16825      16925      67         400        1  Left 
12  1   100        1483       16925      17025      68         100        1  Left 
0   15  500        1466       16525      17026      64         1000       1  Right
13  1   100        1489       17025      17126      69         1000       1  Left 
0   8   100        1466       17026      17127      70         100        1  Right
2   1   100        1493       17126      17227      71         700        1  Left 
0   8   100        1466       17127      17228      72         100        1  Right
14  1   100        1504       17227      17328      73         800        1  Left 
15  1   100        1512       17328      17428      75         100        1  Right
8   1   100        1546       17428      17528      75         400        1  Right
1   0   500        1612       17528      18028      76         1500       1  Right
1   15  500        1627       18028      18528      76         500        1  Right
1   14  500        1627       18528      19028      77         4000       1  Right
1   13  500        1628       19028      19528      78         3000       1  Right
0   1   100        1631       19528      19628      79         300        1  Right
1   0   100        1633       19628      19728      80         300        1  Right
15  0   100        1651       19728      19828      81         200        1  Right
14  0   100        1657       19828      19928      82         500        1  Right
13  0   100        1673       19928      20028      83         300        1  Right
1   2   500        1640       19728      20228      81         3500       1  Left 
2   0   100        1682       20228      20328      85         600        1  Right
1   12  500        1640       20228      20728      85         500        1  Left 
1   4   500        1662       20728      21228      87         2000       1  Left 
1   5   500        1662       21228      21728      88         2500       1  Left 
1   11  500        1685       21728      22228      89         3500       1  Right
1   6   500        1685       22228      22728      90         1000       1  Left 
12  0   100        1703       22728      22729      91         400        1  Left 
8   6   100        1841       22728      22730      89         1000       1  Right
4   0   100        1714       22730      22830      93         900        1  Right
5   0   100        1730       22830      22930      93         800        1  Right
11  0   100        1741       22930      23030      94         400        1  Right
6   0   100        1757       23030      23031      95         1100       1  Right
1   10  500        1707       22729      23032      92         1000       1  Right
0   6   100        1935       23031      23033      94         1100       1  Right
10  0   100        1768       23033      23133      98         100        1  Right
0   15  100        1959       23133      23233      97         200        1  Right
1   9   500        1707       23033      23533      99         3000       1  Left 
4   1   100        1724       23533      23633      101        400        1  Left 
9   0   100        1784       23533      23634      101        700        1  Right
5   1   100        1730       23633      23734      102        500        1  Left 
1   7   500        1729       23734      24234      104        2500       1  Right
12  1   100        1735       24234      24334      105        100        1  Left 
3   0   100        1786       24234      24335      105        1000       1  Right
1   3   500        1740       24335      24835      107        1500       1  Left 
13  1   100        1741       24835      24935      108        600        1  Right
11  1   100        1741       24935      25035      109        700        1  Right
2   1   100        1745       25035      25135      110        700        1  Left 
14  1   100        1756       25135      25235      111        800        1  Right
6   1   100        1757       25235      25335      112        200        1  Left 
3   0   100        1788       25235      25336      112        1000       1  Right
15  1   100        1764       25335      25436      113        100        1  Right
7   0   100        1795       25336      25437      114        200        1  Right
10  1   100        1768       25436      25537      115        200        1  Right
6   8   500        1819       25437      25938      115        5000       1  Right
9   1   100        1784       25938      26038      118        600        1  Left 
7   1   100        1795       26038      26138      119        500        1  Right
8   1   100        1847       26138      26238      119        400        1  Right
1   8   500        1848       26238      26738      120        2000       1  Right
1   8   500        1898       26738      27238      121        2000       1  Right
8   0   100        1947       27238      27338      121        100        1  Right
15  6   100        1967       27238      27339      121        300        1  Left 
0   1   100        1968       27339      27340      123        300        1  Right
6   8   500        2118       27339      27741      120        5000       1  Right
0   14  100        1970       27741      27841      125        500        1  Right
1   6   100        1976       27741      27842      125        200        1  Left 
0   13  100        1991       27841      27942      126        300        1  Right
14  6   100        1984       27842      27943      127        600        1  Right
2   6   100        2008       27943      28043      129        500        1  Right
13  6   100        2009       28043      28143      130        800        1  Right
1   0   500        2024       27942      28443      125        1500       1  Right
0   2   100        1995       28443      28543      132        600        1  Right
3   1   100        2125       28443      28544      128        300        1  Left 
0   12  100        2026       28544      28644      131        400        1  Left 
0   4   100        2037       28644      28744      132        700        1  Left 
1   7   500        2039       28744      29244      133        2500       1  Right
1   9   500        2039       29244      29744      134        3000       1  Left 
0   5   100        2060       29744      29844      135        800        1  Right
1   10  500        2040       29744      29845      135        1000       1  Right
6   0   500        2232       29844      29946      134        5500       1  Right
1   6   500        2040       29946      30446      138        1000       1  Left 
12  6   100        2049       30446      30546      139        100        1  Right
4   6   100        2068       30546      30646      140        200        1  Right
1   15  500        2062       30446      30947      139        500        1  Right
1   11  500        2062       30947      31447      142        3500       1  Right
0   11  100        2069       31447      31547      143        400        1  Right
1   14  500        2085       31447      31948      143        4000       1  Left 
0   6   100        2090       31948      32048      145        500        1  Left 
0   10  100        2101       32048      32148      146        100        1  Right
1   5   500        2096       32048      32548      146        2500       1  Left 
5   6   100        2101       32548      32648      148        300        1  Right
11  6   100        2113       32648      32649      149        700        1  Right
1   13  500        2096       32548      32949      148        3000       1  Right
0   3   100        2107       32949      33049      151        600        1  Left 
1   2   500        2119       33049      33549      152        3500       1  Left 
0   9   100        2122       33549      33649      152        700        1  Right
0   7   100        2133       33649      33749      153        200        1  Right
10  6   100        2137       33749      33750      154        1200       1  Right
9   6   100        2163       33750      33850      155        400        1  Right
1   12  500        2119       33549      33950      153        500        1  Left 
7   6   100        2177       33850      33951      156        900        1  Right
1   4   500        2142       33951      34451      158        2000       1  Left 
0   3   100        2236       34451      34551      158        600        1  Left 
3   6   100        2254       34551      34651      159        100        1  Right
1   0   100        2310       34551      34652      159        300        1  Right
0   8   100        2410       34652      34752      160        100        1  Right
0   8   100        2583       34752      34852      159        100        1  Right
6   1   500        2268       34652      35152      161        1000       1  Left 
6   15  500        2280       35152      35652      164        1500       1  Left 
1   0   100        2314       35652      35752      165        300        1  Right
15  0   100        2332       35752      35852      165        200        1  Right
15  0   100        2336       35852      35952      166        200        1  Right
8   1   100        2453       35952      36052      166        400        1  Right
6   14  500        2313       35652      36152      165        3000       1  Right
14  0   100        2360       36152      36252      169        500        1  Right
6   2   500        2323       36152      36652      169        2500       1  Right
6   13  500        2345       36652      37152      171        4000       1  Right
2   0   100        2361       37152      37252      172        600        1  Right
14  0   100        2364       37252      37352      173        500        1  Right
2   0   100        2365       37352      37452      174        600        1  Right
13  0   100        2387       37452      37552      175        300        1  Right
13  0   100        2391       37552      37652      176        300        1  Right
6   12  500        2378       37152      37653      172        500        1  Right
1   3   500        2427       37652      38153      176        6500       1  Right
12  0   100        2415       38153      38253      179        400        1  Left 
12  0   100        2419       38253      38353      180        400        1  Left 
6   4   500        2400       38153      38653      179        1000       1  Right
1   8   500        2755       38353      38854      177        2000       1  Right
14  8   100        2896       38854      38954      178        400        1  Right
6   5   500        2422       38653      39154      181        1500       1  Right
4   0   100        2427       39154      39254      184        700        1  Left 
4   0   100        2431       39254      39354      185        700        1  Left 
6   11  500        2433       39354      39854      186        3500       1  Right
5   0   100        2444       39854      39954      187        800        1  Right
3   4   100        2455       39854      39955      187        100        1  Right
5   0   100        2448       39954      40055      188        800        1  Right
3   4   100        2756       39955      40056      186        100        1  Right
6   0   100        2463       40055      40156      190        500        1  Left 
11  0   100        2465       40156      40256      192        400        1  Right
6   0   100        2467       40256      40356      193        500        1  Left 
11  0   100        2469       40356      40456      194        400        1  Right
6   10  500        2488       40356      40857      194        2000       1  Left 
10  0   100        2515       40857      40957      196        100        1  Right
10  0   100        2519       40957      41057      197        100        1  Right
6   9   500        2510       40857      41357      196        2000       1  Right
6   7   500        2521       41357      41857      198        3500       1  Left 
9   0   100        2532       41857      41957      199        700        1  Right
9   0   100        2536       41957      42057      200        700        1  Right
7   0   100        2543       42057      42157      201        200        1  Right
7   0   100        2547       42157      42257      202        200        1  Right
6   3   500        2554       41857      42358      199        500        1  Right
0   3   100        2587       42358      42458      204        600        1  Left 
0   14  100        2883       42458      42558      202        500        1  Right
0   14  100        2887       42558      42658      203        500        1  Right
0   1   100        2970       42658      42758      203        300        1  Right
0   8   100        2985       42758      42858      204        100        1  Right
4   3   500        2737       42458      42958      203        500        1  Right
3   0   100        2757       42958      43058      208        600        1  Left 
8   0   100        2808       43058      43158      209        100        1  Right
14  3   100        2900       43058      43159      208        500        1  Right
3   0   500        2879       43159      43659      210        3000       1  Left 
8   0   500        2910       43659      44159      211        500        1  Right
4   3   500        3042       43659      44160      210        500        1  Right
8   0   100        2942       44159      44260      211        100        1  Right
3   2   100        3066       44160      44261      212        400        1  Right
0   3   100        3077       44261      44361      214        600        1  Left 
3   6   100        3095       44361      44461      215        100        1  Right
8   14  500        3041       44260      44761      213        2000       1  Right
0   8   500        3125       44761      45261      217        500        1  Right
3   14  500        3192       44761      45262      217        2500       1  Right
8   0   100        3181       45261      45362      218        100        1  Right
14  1   100        3228       45262      45363      219        800        1  Left 
0   13  100        3185       45362      45463      220        300        1  Right
3   14  100        3233       45363      45464      221        500        1  Right
0   13  100        3189       45463      45564      222        300        1  Right
13  8   100        3203       45564      45664      224        200        1  Right
13  3   100        3207       45664      45764      225        700        1  Right
14  3   100        3251       45764      45864      226        500        1  Right
1   0   500        3242       45564      46065      224        1500       1  Right
0   1   100        3274       46065      46165      228        300        1  Right
8   13  500        3244       45764      46265      226        1000       1  Right
2   3   500        3338       45864      46365      227        2000       1  Right
13  1   100        3313       46265      46366      230        600        1  Right
0   5   100        3498       46366      46466      231        800        1  Right
6   3   500        3377       46365      46866      231        500        1  Right
0   8   500        3498       46466      46967      232        500        1  Right
3   13  500        3282       46866      47367      234        3500       1  Right
3   6   100        3358       47367      47467      236        100        1  Right
0   11  100        3499       47367      47468      235        400        1  Right
3   1   100        3359       47467      47568      237        300        1  Left 
5   8   100        3526       47468      47569      237        700        1  Right
1   14  500        3515       47569      48069      239        4000       1  Right
11  3   100        3540       48069      48169      240        600        1  Right
1   13  500        3530       48069      48569      240        3000       1  Right
14  0   100        3537       48569      48669      242        500        1  Right
1   0   500        3546       48669      49169      243        1500       1  Right
8   5   500        3557       48669      49170      243        3500       1  Right
13  0   100        3557       49170      49270      245        300        1  Right
1   3   500        3638       49169      49670      244        1500       1  Left 
8   1   100        3560       49670      49770      247        400        1  Right
0   1   100        3568       49770      49870      248        300        1  Right
0   2   100        3580       49870      49970      249        600        1  Right
0   1   100        3800       49970      50070      250        300        1  Right
0   7   100        3801       50070      50170      251        200        1  Right
6   3   500        3640       49670      50171      247        500        1  Right
1   8   100        3808       50170      50271      252        400        1  Right
3   2   100        3676       50171      50272      253        400        1  Right
1   0   500        3840       50271      50772      254        1500       1  Right
3   11  500        3827       50272      50773      255        3000       1  Right
7   3   100        3841       50773      50873      257        800        1  Right
3   11  100        3877       50873      50973      258        600        1  Right
8   1   500        3862       50772      51273      256        2000       1  Right
3   7   500        3916       50973      51474      259        4000       1  Right
3   6   100        3975       51474      51574      260        100        1  Right
3   5   100        4000       51574      51674      261        200        1  Right
1   8   500        3870       51273      51774      260        2000       1  Right
2   0   500        3857       51774      52274      264        3000       1  Right
0   3   100        3863       52274      52374      265        600        1  Left 
0   14  100        3868       52374      52474      266        500        1  Right
14  1   100        3881       52474      52574      267        800        1  Right
11  3   100        3890       52574      52674      268        600        1  Right
8   0   100        3924       52574      52675      267        100        1  Right
2   3   500        3948       52674      53175      268        2000       1  Right
0   8   500        3980       52675      53176      269        500        1  Right
1   3   100        4096       53175      53276      270        300        1  Left 
8   0   100        4042       53176      53277      271        100        1  Right
1   3   100        4113       53276      53377      272        300        1  Left 
0   15  100        4102       53277      53378      273        200        1  Right
8   1   100        4044       53377      53478      274        1200       1  Left 
0   1   100        4104       53478      53578      276        300        1  Right
3   1   100        4109       53578      53678      277        300        1  Left 
15  8   100        4110       53578      53679      277        300        1  Right
1   8   500        4135       53679      54179      279        2000       1  Right
3   0   100        4139       54179      54180      280        600        1  Left 
4   8   500        4224       54179      54181      280        4000       1  Right
3   0   500        4155       54180      54281      281        3000       1  Left 
1   14  500        4153       54281      54781      283        4000       1  Right
0   3   100        4157       54781      54881      284        600        1  Left 
8   15  500        4161       54881      55381      285        1500       1  Right
3   1   500        4188       54881      55382      285        1500       1  Left 
0   13  100        4171       55381      55482      286        300        1  Right
1   14  100        4223       55382      55483      287        800        1  Left 
8   4   100        4188       55483      55484      289        800        1  Right
1   0   100        4240       55483      55485      289        300        1  Right
13  1   100        4189       55485      55585      291        600        1  Right
0   1   100        4222       55585      55685      292        300        1  Right
14  1   100        4231       55685      55785      293        800        1  Right
6   3   500        4257       55483      55885      289        500        1  Right
1   0   500        4243       55785      56286      294        1500       1  Right
5   3   500        4283       55885      56386      295        1000       1  Right
1   13  500        4252       56286      56787      296        3000       1  Right
1   0   100        4253       56787      56887      298        300        1  Right
0   8   100        4268       56887      56987      299        100        1  Right
0   1   100        4275       56987      57087      300        300        1  Right
1   0   500        4296       57087      57587      301        1500       1  Right
1   3   100        4298       57587      57687      302        300        1  Left 
3   1   100        4307       57687      57787      303        300        1  Left 
0   6   100        4316       57787      57887      304        500        1  Left 
0   1   100        4317       57887      57987      305        300        1  Right
8   1   100        4324       57987      58087      306        400        1  Right
8   5   100        4324       58087      58187      307        700        1  Right
8   15  100        4324       58187      58287      308        300        1  Right
8   14  100        4324       58287      58387      309        400        1  Right
8   13  100        4324       58387      58487      310        200        1  Right
1   8   100        4333       58487      58587      311        400        1  Right
5   8   100        4345       58587      58687      312        700        1  Right
1   0   500        4340       58587      59087      312        1500       1  Right
1   8   100        4362       59087      59187      314        400        1  Right
13  8   100        4364       59187      59287      315        200        1  Right
14  8   100        4366       59287      59387      316        400        1  Right
15  8   100        4368       59387      59487      317        300        1  Right
8   1   100        4371       59487      59587      318        400        1  Right
0   8   100        4385       59587      59687      319        100        1  Right
15  3   100        4415       59587      59688      319        400        1  Left 
0   2   100        4404       59687      59788      320        600        1  Right
0   15  100        4406       59788      59888      322        200        1  Right
2   8   100        4417       59788      59889      322        500        1  Right
8   0   100        4419       59889      59989      324        100        1  Right
1   3   500        4422       59688      60189      320        1500       1  Left 
3   0   100        4450       60189      60190      325        600        1  Left 
4   8   500        4476       59989      60391      324        4000       1  Right
3   15  500        4451       60190      60691      326        2000       1  Left 
8   6   100        4428       60691      60791      328        600        1  Left 
8   4   100        4440       60791      60891      329        800        1  Right
15  1   100        4494       60791      60891      329        100        1  Right
6   3   100        4454       60791      60892      329        100        1  Right
8   6   100        4441       60892      60992      331        1000       1  Right
1   15  500        4520       60891      61392      329        500        1  Right
0   3   500        4462       60992      61493      332        5000       1  Right
8   0   100        4463       61493      61593      334        100        1  Right
3   6   100        4472       61493      61594      334        100        1  Right
8   2   100        4515       61593      61694      335        500        1  Right
0   3   500        4481       61594      62095      336        3000       1  Left 
8   2   500        4570       61694      62195      336        2500       1  Right
3   0   100        4512       62095      62196      338        600        1  Left 
1   2   100        4581       62196      62296      339        700        1  Left 
3   5   100        4588       62296      62396      340        200        1  Right
0   8   500        4506       62196      62696      340        500        1  Right
6   8   500        4513       62696      63196      343        3000       1  Left 
15  0   100        4547       63196      63296      343        200        1  Right
2   8   500        4561       63196      63697      343        2500       1  Right
0   3   500        4552       63296      63797      344        3000       1  Left 
0   1   100        4552       63797      63798      346        300        1  Right
8   6   100        4606       63797      63799      346        1000       1  Right
0   1   100        4573       63798      63899      347        300        1  Right
2   0   100        4602       63899      63999      349        600        1  Right
0   2   100        4622       63999      64099      350        600        1  Right
3   1   500        4594       63899      64399      349        1500       1  Left 
6   0   500        4613       64399      64899      352        2500       1  Left 
0   1   100        4625       64899      64999      353        300        1  Right
1   8   100        4646       64999      65099      354        400        1  Right
2   1   500        4648       65099      65599      355        3500       1  Left 
0   1   100        4661       65599      65699      356        300        1  Right
2   3   100        4722       65599      65700      356        400        1  Right
1   8   100        4679       65699      65800      357        400        1  Right
1   0   500        4682       65800      65801      359        1500       1  Right
6   8   500        4720       65800      65802      359        5000       1  Right
12  8   100        4729       65802      65803      361        1100       1  Right
1   0   500        4722       65801      66203      360        1500       1  Right
8   1   100        4684       66203      66303      363        400        1  Right
0   1   100        4701       66303      66403      364        300        1  Right
0   12  100        4706       66403      66503      365        400        1  Left 
0   2   100        4708       66503      66603      366        600        1  Right
8   1   500        4730       66603      67103      367        2000       1  Right
3   2   500        4743       66603      67104      367        2000       1  Right
1   0   500        4735       67103      67105      368        1500       1  Right
8   12  500        4765       67104      67106      369        5500       1  Right
8   1   100        4768       67106      67206      371        400        1  Right
2   1   100        4768       67206      67306      372        700        1  Left 
0   1   100        4789       67306      67406      373        300        1  Right
0   15  100        4855       67406      67506      374        200        1  Right
1   2   500        4789       67406      67906      374        3500       1  Left 
2   0   100        4810       67906      68006      376        600        1  Right
1   8   100        4810       68006      68106      377        400        1  Right
2   1   100        4821       68106      68206      378        700        1  Left 
2   0   100        4823       68206      68306      379        600        1  Right
1   3   100        4827       68206      68307      379        300        1  Left 
3   1   100        4840       68307      68407      381        300        1  Left 
1   2   500        4842       68407      68907      382        3500       1  Left 
8   1   100        4848       68907      69007      383        400        1  Right
15  1   100        4863       69007      69107      384        100        1  Right
2   1   100        4864       69107      69207      385        900        1  Right
5   3   500        4865       68907      69408      383        1000       1  Right
2   3   100        4908       69408      69508      387        400        1  Right
1   8   500        4866       69207      69708      386        2000       1  Right
1   0   100        4873       69708      69808      389        300        1  Right
1   8   100        4875       69808      69908      390        400        1  Right
6   8   500        4883       69908      70408      391        3000       1  Left 
1   2   500        4885       70408      70908      392        3500       1  Left 
12  8   100        4960       70908      71008      393        1100       1  Right
2   8   100        4967       71008      71108      394        500        1  Right
12  3   100        5035       71008      71109      393        200        1  Right
1   15  500        4889       70908      71408      393        500        1  Right
1   0   500        4899       71408      71908      397        1500       1  Right
1   6   100        4903       71908      72008      398        200        1  Left 
1   0   100        4908       72008      72108      399        300        1  Right
3   1   100        4910       72108      72208      400        300        1  Left 
8   0   100        4931       72108      72209      400        100        1  Right
3   1   100        4910       72208      72309      401        300        1  Left 
8   2   100        4931       72209      72310      402        500        1  Right
0   6   100        4958       72309      72410      403        500        1  Left 
8   12  100        4931       72410      72510      405        500        1  Left 
8   2   100        4932       72510      72610      406        500        1  Right
0   1   100        4962       72510      72611      406        300        1  Right
0   8   100        4974       72611      72711      408        100        1  Right
1   0   500        4983       72711      73211      409        1500       1  Right
2   8   500        4986       72711      73212      409        2500       1  Right
0   4   100        5006       73211      73312      410        700        1  Left 
6   0   500        5006       73312      73812      412        2500       1  Left 
0   4   100        5008       73812      73912      413        700        1  Left 
0   12  100        5010       73912      74012      414        400        1  Left 
8   1   100        5030       74012      74112      414        400        1  Right
3   12  500        5056       74012      74513      414        1000       1  Right
4   0   500        5042       74112      74613      415        4500       1  Right
12  1   100        5081       74513      74614      416        100        1  Left 
8   6   100        5039       74613      74714      417        1000       1  Right
4   8   100        5043       74714      74814      419        800        1  Right
8   5   100        5064       74814      74914      420        700        1  Right
1   12  500        5112       74614      75115      418        500        1  Left 
12  0   100        5143       75115      75215      422        400        1  Left 
5   8   500        5095       74914      75415      421        3500       1  Right
8   1   100        5089       75415      75515      424        400        1  Right
1   8   500        5127       75515      76015      425        2000       1  Right
0   2   100        5137       76015      76115      426        600        1  Right
12  1   100        5154       76015      76116      426        100        1  Left 
0   2   100        5157       76115      76216      427        600        1  Right
2   8   100        5182       76216      76316      429        500        1  Right
1   12  500        5185       76116      76617      428        500        1  Left 
12  0   100        5156       76617      76717      431        400        1  Left 
8   4   500        5186       76316      76817      430        4000       1  Right
0   1   100        5185       76717      76818      432        300        1  Right
14  8   100        5201       76817      76917      433        400        1  Right
3   2   500        5190       76817      77318      433        2000       1  Right
6   1   500        5210       76818      77320      434        1000       1  Left 
3   0   100        5219       77318      77419      436        1000       1  Right
12  1   100        5217       77320      77421      437        100        1  Left 
8   2   500        5228       77419      77920      438        2500       1  Right
1   3   500        5187       77421      77922      439        1500       1  Left 
8   14  500        5247       77920      78421      440        2000       1  Right
1   3   500        5198       77922      78423      441        1500       1  Left 
8   5   100        5315       78421      78522      442        700        1  Right
0   1   100        5229       78423      78523      443        300        1  Right
12  8   100        5279       78522      78622      444        1100       1  Right
3   0   100        5235       78622      78722      446        600        1  Left 
13  8   100        5307       78622      78723      446        200        1  Right
0   4   100        5258       78723      78823      448        900        1  Right
0   6   100        5259       78823      78923      449        1100       1  Right
1   12  500        5248       78722      79223      447        500        1  Left 
12  3   100        5350       79223      79323      451        200        1  Right
3   15  100        5371       79323      79324      452        400        1  Left 
4   0   500        5294       78923      79325      450        4500       1  Right
1   0   100        5297       79325      79326      454        300        1  Right
8   12  500        5315       79325      79327      454        5500       1  Right
0   1   500        5318       79326      79328      455        1500       1  Right
1   0   100        5339       79328      79329      457        300        1  Right
6   8   500        5316       79327      79630      456        5000       1  Right
0   6   100        5318       79630      79631      459        500        1  Left 
4   3   100        5355       79630      79631      459        100        1  Right
0   4   100        5318       79631      79632      460        700        1  Left 
5   8   500        5346       79630      79933      459        3500       1  Right
0   2   100        5333       79933      80033      462        600        1  Right
2   1   100        5342       80033      80133      463        700        1  Left 
3   14  100        5371       80133      80233      464        500        1  Right
8   13  500        5348       80033      80534      463        1000       1  Right
0   1   500        5360       80133      80634      464        1500       1  Right
3   13  100        5371       80534      80635      466        700        1  Right
15  8   100        5363       80634      80735      467        300        1  Right
1   2   500        5363       80635      81136      468        3500       1  Left 
3   12  100        5430       81136      81236      470        200        1  Right
2   0   500        5361       81136      81636      470        3000       1  Right
6   8   100        5365       81636      81637      472        600        1  Left 
13  3   100        5390       81636      81638      472        700        1  Right
0   6   100        5386       81637      81738      473        500        1  Left 
14  3   100        5392       81638      81739      474        500        1  Right
8   6   500        5391       81738      82239      475        3000       1  Left 
2   0   100        5386       82239      82339      477        600        1  Right
15  3   100        5394       82239      82340      477        400        1  Left 
2   8   100        5388       82339      82440      478        500        1  Right
1   0   100        5405       82340      82441      479        300        1  Right
6   8   100        5454       82440      82541      480        1000       1  Right
2   1   100        5395       82541      82641      482        700        1  Left 
8   1   100        5396       82641      82741      483        400        1  Right
8   1   100        5396       82741      82841      484        400        1  Right
8   15  500        5414       82841      83341      485        1500       1  Right
1   2   500        5416       82841      83342      485        3500       1  Left 
4   8   100        5461       83342      83442      487        800        1  Right
0   1   500        5426       83342      83842      487        1500       1  Right
8   1   100        5435       83842      83942      489        400        1  Right
8   4   100        5435       83942      84042      490        800        1  Right
8   6   100        5435       84042      84142      491        600        1  Left 
8   15  100        5435       84142      84242      492        300        1  Right
2   6   100        5436       84142      84243      492        500        1  Right
8   14  100        5435       84242      84343      493        400        1  Right
2   1   100        5437       84243      84344      494        700        1  Left 
8   13  100        5435       84343      84444      495        200        1  Right
2   0   100        5441       84344      84445      496        1000       1  Left 
8   12  100        5435       84445      84545      498        500        1  Left 
1   0   100        5453       84545      84645      499        300        1  Right
1   3   100        5453       84645      84745      500        300        1  Left 
1   3   100        5456       84745      84845      501        300        1  Left 
1   2   500        5460       84845      85345      502        3500       1  Left 
0   12  100        5466       85345      85445      503        400        1  Left 
3   1   100        5469       85445      85545      504        300        1  Left 
3   1   100        5472       85545      85645      505        300        1  Left 
1   8   100        5473       85645      85745      506        400        1  Right
12  8   100        5476       85745      85845      507        500        1  Left 
13  8   100        5478       85845      85945      508        200        1  Right
1   4   100        5479       85845      85946      508        400        1  Left 
14  8   100        5480       85945      86046      509        400        1  Right
0   12  100        5480       85946      86047      510        400        1  Left 
15  8   100        5482       86047      86147      512        300        1  Right
12  2   100        5503       86047      86148      512        600        1  Right
1   8   500        5495       86147      86648      513        2000       1  Right
2   12  500        5529       86148      86649      513        3000       1  Right
1   8   500        5498       86648      87149      515        2000       1  Right
8   2   100        5533       87149      87249      516        500        1  Right
8   0   100        5543       87249      87349      517        100        1  Right
4   1   500        5510       87149      87649      517        2000       1  Left 
0   3   500        5528       87649      88149      519        3000       1  Left 
6   0   500        5558       88149      88649      520        2500       1  Left 
3   0   100        5559       88649      88749      521        600        1  Left 
8   0   100        5559       88749      88849      522        100        1  Right
3   12  100        5613       88749      88850      522        200        1  Right
8   2   100        5601       88849      88949      523        500        1  Right
0   1   100        5586       88849      88950      523        300        1  Right
12  8   100        5565       88950      89050      526        500        1  Left 
15  8   100        5573       89050      89150      527        300        1  Right
3   4   500        5631       88850      89352      523        500        1  Right
1   0   500        5607       89150      89353      528        1500       1  Right
8   12  500        5699       89352      89555      528        5500       1  Right
15  3   100        5577       89555      89655      531        400        1  Left 
0   8   500        5615       89555      90056      531        500        1  Right
12  3   500        5621       89655      90156      531        1000       1  Right
0   5   100        5620       90056      90157      532        800        1  Right
0   10  100        5620       90157      90257      534        100        1  Right
3   15  500        5650       90156      90657      533        2000       1  Left 
2   8   500        5634       90157      90659      534        2500       1  Right
4   1   100        5666       90657      90758      536        400        1  Left 
0   2   100        5640       90659      90760      537        600        1  Right
5   3   100        5674       90758      90859      538        200        1  Right
2   0   500        5667       90760      91261      539        3000       1  Right
1   4   500        5699       90859      91360      540        2000       1  Left 
10  8   100        5682       91261      91362      541        200        1  Right
3   4   100        5700       91360      91461      542        100        1  Right
14  8   100        5744       91362      91462      542        400        1  Right
4   3   100        5708       91461      91562      544        100        1  Right
13  8   100        5833       91462      91563      544        200        1  Right
6   0   500        5683       91362      91863      543        2500       1  Left 
0   2   100        5694       91863      91963      548        600        1  Right
0   2   100        5699       91963      92063      549        600        1  Right
3   5   500        5729       91562      92064      545        1000       1  Right
8   15  500        5700       92063      92564      550        1500       1  Right
6   2   500        5723       92064      92565      550        2500       1  Right
12  3   100        5731       92565      92665      552        200        1  Right
1   4   100        5731       92665      92765      553        400        1  Left 
1   6   100        5732       92765      92865      554        200        1  Left 
14  3   100        5748       92765      92866      554        500        1  Right
1   6   100        5769       92865      92966      555        200        1  Left 
8   10  500        5708       92564      93065      552        1000       1  Right
3   15  100        5752       92966      93066      557        400        1  Left 
4   0   100        5733       93065      93165      558        900        1  Right
3   12  100        5811       93066      93167      559        200        1  Right
0   2   100        5755       93165      93266      560        600        1  Right
5   1   100        5760       93167      93268      561        500        1  Left 
2   1   100        5761       93268      93368      563        700        1  Left 
0   1   100        5761       93368      93468      564        300        1  Right
8   14  500        5790       93266      93767      562        2000       1  Right
8   0   100        5812       93767      93867      566        100        1  Right
4   1   500        5762       93468      93969      565        2000       1  Left 
15  1   100        5765       93969      94069      568        100        1  Right
15  3   100        5775       94069      94169      569        400        1  Left 
8   13  500        5874       93867      94368      567        1000       1  Right
1   2   500        5782       94169      94670      570        3500       1  Left 
0   3   100        5783       94670      94770      572        600        1  Left 
1   15  500        5791       94770      95270      573        500        1  Right
12  3   500        5825       94770      95271      573        1000       1  Right
1   2   100        5796       95270      95371      574        900        1  Right
12  3   100        5829       95271      95372      575        200        1  Right
2   1   100        5801       95371      95472      576        900        1  Right
1   5   500        5804       95472      95972      578        2500       1  Left 
3   2   100        5812       95972      96072      579        400        1  Right
13  3   100        5837       96072      96172      580        700        1  Right
6   1   500        5810       95972      96472      579        1000       1  Left 
15  1   100        5819       96472      96572      582        100        1  Right
0   3   500        5851       96172      96673      581        5000       1  Right
3   12  100        5813       96673      96773      584        200        1  Right
1   2   500        5822       96673      97174      584        4500       1  Right
2   1   500        5825       97174      97674      586        3500       1  Left 
0   8   500        5868       97174      97675      586        500        1  Right
15  1   100        5832       97674      97775      587        100        1  Right
15  0   100        5834       97775      97875      589        200        1  Right
1   6   100        5845       97775      97876      589        200        1  Left 
3   14  500        5854       97674      98175      587        2500       1  Right
5   0   100        5844       98175      98275      592        800        1  Right
2   0   100        5845       98275      98375      593        600        1  Right
1   15  500        5845       97876      98377      591        500        1  Right
3   14  100        5857       98375      98476      594        500        1  Right
12  1   100        5849       98377      98478      595        100        1  Left 
0   2   500        5880       98476      98977      596        3000       1  Right
1   15  500        5858       98478      98979      597        500        1  Right
3   2   100        5882       98977      99078      598        400        1  Right
14  3   100        5886       99078      99178      600        500        1  Right
1   12  500        5880       98979      99480      599        500        1  Left 
15  1   100        5887       99480      99580      602        100        1  Right
2   3   500        5903       99178      99679      601        2000       1  Right
2   0   100        5914       99679      99779      604        600        1  Right
3   12  100        5917       99679      99780      604        200        1  Right
12  0   100        5917       99780      99781      606        1200       1  Right
12  8   100        5919       99781      99881      607        1100       1  Right
3   12  100        5919       99881      99981      608        200        1  Right
1   15  500        5913       99580      99982      603        500        1  Right
9   8   100        5963       99881      99983      608        600        1  Right
0   6   100        5922       99982      100083     610        500        1  Left 
0   9   100        5922       100083     100183     612        700        1  Right
12  1   100        5926       100083     100184     612        100        1  Left 
0   2   500        5945       100183     100684     613        3000       1  Right
12  3   500        5928       100184     100685     614        1000       1  Right
8   2   100        5956       100684     100785     615        500        1  Right
15  3   100        5941       100685     100786     616        400        1  Left 
10  8   100        5981       100785     100886     617        200        1  Right
6   3   100        5955       100786     100887     618        100        1  Right
8   15  100        5956       100886     100986     619        300        1  Right
8   14  100        5956       100986     101086     621        400        1  Right
8   13  100        5956       101086     101186     622        200        1  Right
8   10  100        5956       101186     101286     623        200        1  Right
1   12  500        5957       100786     101287     618        500        1  Left 
3   13  500        5958       101186     101688     623        3500       1  Right
2   1   100        5971       101688     101788     626        700        1  Left 
2   0   500        5971       101788     102288     627        3000       1  Right
3   6   500        5986       101788     102289     627        500        1  Right
13  1   100        5988       102288     102389     628        600        1  Right
12  6   100        5990       102289     102390     629        100        1  Right
2   8   100        5989       102389     102490     630        500        1  Right
12  1   100        5991       102390     102491     631        100        1  Left 
13  8   100        5993       102490     102591     632        200        1  Right
14  8   100        5995       102591     102691     634        400        1  Right
15  8   100        5997       102691     102791     635        300        1  Right
1   2   500        5992       102491     102992     633        3500       1  Left 
12  0   100        5995       102992     103092     637        400        1  Left 
0   6   100        5998       103092     103192     638        500        1  Left 
2   0   100        6015       103192     103292     639        600        1  Right
6   1   100        6022       103192     103293     639        200        1  Left 
0   4   100        6024       103292     103393     640        900        1  Right
1   13  500        6015       103393     103893     642        3000       1  Right
0   2   100        6025       103893     103993     643        600        1  Right
1   12  500        6024       103893     104393     643        500        1  Left 
0   1   100        6026       104393     104394     645        300        1  Right
8   12  100        6048       104393     104395     645        1100       1  Right
6   1   500        6027       104395     104895     647        1000       1  Left 
0   2   500        6041       104395     104896     647        3000       1  Right
0   4   100        6067       104896     104996     649        900        1  Right
1   6   500        6063       104895     105396     648        1000       1  Left 
13  1   100        6041       105396     105496     651        600        1  Right
8   12  100        6050       105496     105596     652        500        1  Left 
13  1   100        6054       105596     105696     653        600        1  Right
13  0   100        6056       105696     105796     654        300        1  Right
1   13  500        6067       105796     106296     655        3000       1  Right
2   0   100        6073       106296     106396     656        600        1  Right
12  8   500        6074       106396     106896     657        2500       1  Left 
2   1   100        6075       106896     106996     658        700        1  Left 
0   8   100        6085       106896     106997     658        100        1  Right
0   10  100        6224       106997     107097     659        100        1  Right
1   13  500        6080       106996     107497     659        5000       1  Left 
1   2   100        6083       107497     107597     662        700        1  Left 
0   11  100        6225       107497     107598     661        400        1  Right
6   0   100        6105       107598     107698     664        500        1  Left 
0   12  100        6246       107698     107798     664        400        1  Left 
2   3   500        6090       107597     108098     663        2000       1  Right
4   1   100        6092       108098     108198     667        400        1  Left 
3   0   100        6124       108198     108298     668        600        1  Left 
8   9   500        6118       108098     108599     667        3000       1  Right
1   2   500        6097       108599     109099     670        3500       1  Left 
13  1   100        6115       109099     109199     671        600        1  Right
8   2   100        6137       109199     109299     672        500        1  Right
8   2   100        6137       109299     109399     673        500        1  Right
13  8   100        6167       109399     109499     674        200        1  Right
1   4   500        6123       109199     109699     672        2000       1  Left 
2   1   500        6123       109699     110199     676        3500       1  Left 
2   4   100        6124       110199     110299     677        300        1  Right
6   1   500        6137       110199     110700     677        1000       1  Left 
1   13  500        6141       110700     111200     679        3000       1  Right
6   12  500        6277       110700     111201     678        500        1  Right
1   2   100        6145       111200     111301     680        900        1  Right
1   6   100        6192       111301     111401     682        200        1  Left 
0   12  100        6327       111401     111501     682        400        1  Left 
4   2   500        6165       111301     111801     682        1500       1  Right
8   13  500        6208       111301     111803     682        1000       1  Right
8   0   100        6271       111803     111903     685        100        1  Right
2   1   500        6173       111801     112302     685        3500       1  Left 
2   3   100        6183       112302     112303     688        400        1  Right
8   11  500        6286       111903     112304     686        1500       1  Right
3   2   100        6192       112303     112402     689        400        1  Right
6   0   500        6299       112302     112704     687        2500       1  Left 
1   5   100        6217       112704     112804     692        500        1  Left 
2   8   500        6186       112402     112903     691        2500       1  Right
3   15  500        6238       112804     113305     692        2000       1  Left 
2   8   500        6213       112903     113404     694        2500       1  Right
11  8   100        6255       113404     113504     695        300        1  Right
0   2   100        6337       113504     113604     696        600        1  Right
0   8   100        6368       113604     113704     697        100        1  Right
5   1   500        6255       113305     113806     694        2500       1  Left 
13  3   100        6245       113806     113906     699        700        1  Right
1   0   500        6309       113806     114307     699        1500       1  Right
10  3   100        6257       114307     114407     701        500        1  Left 
2   0   500        6312       114307     114808     701        3000       1  Right
3   10  500        6288       114407     114809     702        2500       1  Left 
12  1   100        6315       114809     114909     704        100        1  Left 
4   0   500        6329       114808     115210     703        4500       1  Right
0   5   100        6369       115210     115310     706        800        1  Right
1   12  500        6346       114909     115410     705        500        1  Left 
2   4   100        6376       115310     115411     707        300        1  Right
11  1   100        6321       115410     115511     708        700        1  Right
2   6   100        6377       115411     115512     709        500        1  Right
11  0   100        6393       115511     115611     710        400        1  Right
10  1   100        6323       115511     115612     710        200        1  Right
2   6   100        6399       115512     115614     711        500        1  Right
1   11  500        6357       115612     116113     713        3500       1  Right
0   2   100        6386       116113     116213     715        600        1  Right
1   10  500        6364       116113     116613     715        1000       1  Right
12  1   100        6375       116613     116713     717        100        1  Left 
0   15  100        6387       116613     116714     717        200        1  Right
11  1   100        6404       116713     116814     718        900        1  Left 
15  2   100        6397       116814     116914     720        800        1  Right
11  0   100        6406       116914     117014     721        400        1  Right
10  0   100        6409       117014     117114     722        100        1  Right
1   12  500        6406       116814     117315     720        500        1  Left 
4   2   500        6410       116914     117416     721        1500       1  Right
5   1   100        6411       117416     117516     725        500        1  Left 
