
484
C:/Users/nxconrad/Desktop/REU 2.0/Benchmark Data/16-core/7/flow_freqmine100#1.txt
759
[7, 1, 11, 9, 3, 2, 4, 10, 8, 12, 14, 5, 15, 13, 6, 0]
8   0   100        0          2          102        0          700        1  Right
0   8   500        317        319        819        0          3500       1  Right
8   1   100        376        819        919        1          700        1  Right
1   8   500        678        919        1419       1          3500       1  Right
8   1   100        725        1419       1519       2          700        1  Right
0   15  500        1025       1419       1920       0          1500       1  Right
3   0   100        1001       1920       2020       2          500        1  Left 
6   0   100        1002       2020       2120       3          100        1  Right
5   0   100        1003       2120       2220       4          400        1  Right
9   0   100        1003       2220       2320       5          400        1  Left 
1   0   100        1004       2320       2420       6          200        1  Left 
15  0   100        1004       2420       2520       7          300        1  Right
12  0   100        1005       2520       2521       8          600        1  Right
14  0   100        1006       2521       2621       9          500        1  Right
1   8   500        1027       2420       2822       7          3500       1  Right
10  0   100        1006       2822       2922       11         800        1  Right
11  0   100        1007       2922       3022       12         300        1  Left 
4   0   100        1008       3022       3122       13         700        1  Left 
13  0   100        1008       3122       3222       14         200        1  Right
7   0   100        1010       3222       3322       15         100        1  Left 
2   0   100        1012       3322       3422       16         600        1  Left 
0   1   500        1025       3422       3922       17         1000       1  Left 
0   14  500        1032       3922       4422       18         2500       1  Right
0   2   500        1038       4422       4922       19         3000       1  Left 
15  0   100        1042       4922       5022       20         300        1  Right
0   13  500        1052       5022       5522       21         1000       1  Right
0   12  500        1052       5522       6022       22         3000       1  Right
1   0   100        1053       6022       6122       23         200        1  Left 
14  0   100        1069       6122       6222       24         500        1  Right
1   8   500        1379       6122       6623       24         3500       1  Right
0   4   500        1075       6623       7123       26         3500       1  Left 
0   5   500        1075       7123       7623       27         2000       1  Right
8   0   100        1077       7623       7723       28         700        1  Right
8   1   100        1079       7723       7823       29         700        1  Right
8   0   100        1080       7823       7923       30         700        1  Right
2   0   100        1086       7923       8023       31         600        1  Left 
0   11  500        1097       8023       8523       32         1500       1  Left 
0   6   500        1097       8523       9023       33         500        1  Right
13  0   100        1102       9023       9123       34         200        1  Right
12  0   100        1118       9123       9223       35         600        1  Right
0   10  500        1119       9223       9723       36         4000       1  Right
0   9   500        1119       9723       10223      37         2000       1  Left 
4   0   100        1129       10223      10323      38         700        1  Left 
0   7   500        1141       10323      10823      39         500        1  Left 
5   0   100        1145       10823      10923      40         400        1  Right
11  0   100        1156       10923      11023      41         300        1  Left 
6   0   100        1172       11023      11123      42         100        1  Right
10  0   100        1183       11123      11223      43         800        1  Right
9   0   100        1199       11223      11323      44         400        1  Left 
7   0   100        1210       11323      11423      45         100        1  Left 
0   3   500        1319       11423      11923      46         2500       1  Left 
0   1   100        1340       11923      12023      47         200        1  Left 
3   1   100        1353       12023      12123      48         300        1  Right
0   7   500        1356       12023      12524      48         500        1  Left 
0   9   500        1356       12524      13024      50         2000       1  Left 
7   1   100        1410       13024      13124      51         100        1  Right
9   1   100        1421       13124      13224      51         200        1  Right
0   10  500        1357       13024      13524      51         4000       1  Right
10  1   100        1438       13524      13624      53         600        1  Right
0   6   500        1357       13524      14024      54         500        1  Right
8   6   100        1542       14024      14124      54         600        1  Right
0   11  500        1378       14024      14524      56         1500       1  Left 
0   5   500        1378       14524      15024      58         2000       1  Right
0   4   500        1400       15024      15524      59         3500       1  Left 
0   12  500        1400       15524      16024      60         3000       1  Right
0   13  500        1422       16024      16524      60         1000       1  Right
0   2   500        1422       16524      17024      61         3000       1  Left 
0   14  500        1444       17024      17524      62         2500       1  Right
0   1   500        1444       17524      18024      63         1000       1  Left 
6   1   100        1449       18024      18124      64         300        1  Left 
11  1   100        1455       18124      18224      65         100        1  Right
5   1   100        1466       18224      18225      66         1000       1  Right
4   1   100        1472       18225      18325      67         500        1  Right
12  1   100        1483       18325      18425      68         800        1  Right
0   15  500        1466       18124      18526      65         1500       1  Right
0   8   100        1466       18526      18626      70         700        1  Right
0   8   100        1466       18626      18726      71         700        1  Right
13  1   100        1489       18726      18826      72         400        1  Left 
2   1   100        1493       18826      18926      73         400        1  Right
14  1   100        1504       18926      19026      74         700        1  Left 
15  1   100        1512       19026      19126      75         500        1  Left 
8   1   100        1546       19126      19226      75         700        1  Right
1   0   500        1612       19226      19726      76         1000       1  Left 
1   15  500        1627       19726      20226      77         2500       1  Left 
1   14  500        1627       20226      20726      78         3500       1  Left 
1   13  500        1628       20726      21226      79         2000       1  Left 
0   1   100        1631       21226      21326      80         200        1  Left 
1   0   100        1633       21326      21426      81         200        1  Left 
15  0   100        1651       21426      21526      82         300        1  Right
14  0   100        1657       21526      21626      83         500        1  Right
13  0   100        1673       21626      21726      84         200        1  Right
1   2   500        1640       21426      21926      82         2000       1  Right
1   12  500        1640       21926      22426      86         4000       1  Right
1   4   500        1662       22426      22926      87         2500       1  Right
1   5   500        1662       22926      23426      88         3000       1  Left 
2   0   100        1682       23426      23526      89         600        1  Left 
12  0   100        1703       23526      23626      90         600        1  Right
4   0   100        1714       23626      23726      91         900        1  Right
5   0   100        1730       23726      23826      92         400        1  Right
1   11  500        1685       23526      24026      90         500        1  Right
1   6   500        1685       24026      24526      94         1500       1  Left 
8   6   100        1841       24526      24626      95         600        1  Right
0   6   100        1935       24626      24726      95         100        1  Right
0   15  100        1959       24726      24826      96         300        1  Right
1   10  500        1707       24526      25026      95         3000       1  Right
1   9   500        1707       25026      25526      99         1000       1  Right
4   1   100        1724       25526      25626      100        500        1  Right
11  0   100        1741       25626      25627      101        1300       1  Right
6   0   100        1757       25627      25727      102        100        1  Right
10  0   100        1768       25727      25827      103        800        1  Right
9   0   100        1784       25827      25828      104        1200       1  Right
1   7   500        1729       25626      25928      101        500        1  Right
3   0   100        1786       25828      25929      105        1100       1  Right
5   1   100        1730       25929      26029      107        600        1  Left 
12  1   100        1735       26029      26129      108        800        1  Right
1   3   500        1740       26129      26629      109        1500       1  Right
13  1   100        1741       26629      26729      110        400        1  Left 
11  1   100        1741       26729      26829      111        100        1  Right
3   0   100        1788       26729      26830      111        1100       1  Right
2   1   100        1745       26830      26930      113        400        1  Right
7   0   100        1795       26830      26931      113        100        1  Left 
14  1   100        1756       26930      27031      114        900        1  Right
6   1   100        1757       27031      27131      116        300        1  Left 
15  1   100        1764       27131      27231      117        500        1  Left 
10  1   100        1768       27231      27331      118        600        1  Right
9   1   100        1784       27331      27431      119        200        1  Right
7   1   100        1795       27431      27531      120        100        1  Right
6   8   500        1819       27231      27732      118        3000       1  Right
8   1   100        1847       27732      27832      122        700        1  Right
15  6   100        1967       27732      27833      121        200        1  Right
1   8   500        1848       27832      28333      123        3500       1  Right
1   8   500        1898       28333      28833      125        3500       1  Right
8   0   100        1947       28833      28933      125        700        1  Right
0   1   100        1968       28933      29033      126        200        1  Left 
3   1   100        2125       29033      29133      125        300        1  Right
6   8   500        2118       28933      29434      125        3000       1  Right
0   14  100        1970       29434      29534      129        500        1  Right
1   6   100        1976       29534      29634      130        300        1  Left 
14  6   100        1984       29634      29734      131        400        1  Right
2   6   100        2008       29734      29834      132        900        1  Right
13  6   100        2009       29834      29934      133        100        1  Right
1   0   500        2024       29634      30135      130        1000       1  Left 
0   13  100        1991       30135      30235      135        200        1  Right
0   2   100        1995       30235      30335      136        1000       1  Right
0   12  100        2026       30335      30435      136        600        1  Right
0   4   100        2037       30435      30535      137        900        1  Right
0   5   100        2060       30535      30635      138        400        1  Right
1   7   500        2039       30135      30636      134        500        1  Right
6   0   500        2232       30635      31136      137        500        1  Right
1   9   500        2039       30636      31137      140        1000       1  Right
1   10  500        2040       31137      31637      142        3000       1  Right
1   6   500        2040       31637      32137      143        1500       1  Left 
12  6   100        2049       32137      32237      144        500        1  Right
1   15  500        2062       32237      32737      145        2500       1  Left 
4   6   100        2068       32737      32837      146        800        1  Right
1   11  500        2062       32737      33237      146        500        1  Right
0   11  100        2069       33237      33337      148        300        1  Left 
1   14  500        2085       33337      33837      149        3500       1  Left 
0   6   100        2090       33837      33937      150        100        1  Right
1   5   500        2096       33837      34338      150        5000       1  Right
1   13  500        2096       34338      34838      152        2000       1  Left 
5   6   100        2101       34838      34938      153        300        1  Right
0   10  100        2101       34838      34939      153        800        1  Left 
0   3   100        2107       34939      35039      155        500        1  Left 
11  6   100        2113       35039      35139      156        400        1  Left 
10  6   100        2137       35139      35239      156        700        1  Right
1   2   500        2119       35139      35639      156        2000       1  Right
1   12  500        2119       35639      36139      158        4000       1  Right
0   9   100        2122       36139      36239      159        400        1  Left 
0   7   100        2133       36239      36339      160        100        1  Left 
1   4   500        2142       36239      36740      160        2500       1  Right
9   6   100        2163       36740      36840      162        500        1  Left 
7   6   100        2177       36840      36940      163        200        1  Left 
0   3   100        2236       36940      37040      163        500        1  Left 
3   6   100        2254       37040      37140      164        600        1  Left 
6   1   500        2268       37140      37640      165        1500       1  Left 
1   0   100        2310       37640      37740      166        200        1  Left 
1   0   100        2314       37740      37840      167        200        1  Left 
0   8   100        2410       37840      37940      167        900        1  Left 
6   15  500        2280       37640      38140      166        1000       1  Right
1   3   500        2427       37940      38441      167        1500       1  Right
8   1   100        2453       38441      38541      169        700        1  Right
6   14  500        2313       38140      38542      170        2000       1  Right
0   8   100        2583       38541      38543      168        900        1  Left 
6   2   500        2323       38543      39043      173        3500       1  Left 
15  0   100        2332       39043      39143      174        300        1  Right
15  0   100        2336       39143      39243      175        300        1  Right
1   8   500        2755       39043      39544      170        3500       1  Right
14  0   100        2360       39544      39644      177        1100       1  Left 
6   13  500        2345       39243      39744      176        500        1  Right
2   0   100        2361       39644      39745      178        600        1  Left 
6   12  500        2378       39744      40245      179        2500       1  Right
14  0   100        2364       40245      40345      181        500        1  Right
2   0   100        2365       40345      40346      182        600        1  Left 
6   4   500        2400       40345      40747      182        4000       1  Right
13  0   100        2387       40747      40847      184        200        1  Right
14  8   100        2896       40747      40847      179        200        1  Right
3   4   100        2455       40747      40848      183        200        1  Right
13  0   100        2391       40847      40948      185        200        1  Right
3   4   100        2756       40848      40949      182        200        1  Right
12  0   100        2415       40948      41049      187        600        1  Right
12  0   100        2419       41049      41149      188        600        1  Right
4   0   100        2427       41149      41249      189        700        1  Left 
4   0   100        2431       41249      41349      190        700        1  Left 
6   5   500        2422       41149      41649      189        1500       1  Right
6   11  500        2433       41649      42149      192        2000       1  Left 
5   0   100        2444       42149      42249      193        400        1  Right
5   0   100        2448       42249      42349      194        400        1  Right
6   0   100        2463       42349      42449      195        100        1  Right
11  0   100        2465       42449      42549      196        300        1  Left 
6   0   100        2467       42549      42649      197        100        1  Right
11  0   100        2469       42649      42749      198        300        1  Left 
6   10  500        2488       42649      43150      198        3500       1  Right
6   9   500        2510       43150      43650      200        2500       1  Left 
10  0   100        2515       43650      43750      201        800        1  Right
10  0   100        2519       43750      43850      201        800        1  Right
6   7   500        2521       43850      44350      201        1000       1  Left 
9   0   100        2532       44350      44351      202        400        1  Left 
9   0   100        2536       44351      44352      203        400        1  Left 
7   0   100        2543       44352      44452      204        100        1  Left 
7   0   100        2547       44452      44552      205        100        1  Left 
6   3   500        2554       44350      44653      202        5000       1  Right
0   3   100        2587       44653      44753      207        500        1  Left 
0   14  100        2883       44753      44853      206        500        1  Right
0   14  100        2887       44853      44953      207        500        1  Right
0   1   100        2970       44953      45053      207        200        1  Left 
0   8   100        2985       45053      45153      208        700        1  Right
4   3   500        2737       44753      45253      207        1000       1  Right
3   0   100        2757       45253      45353      212        500        1  Left 
8   0   100        2808       45353      45453      213        700        1  Right
3   0   500        2879       45453      45953      213        2500       1  Left 
14  3   100        2900       45953      46053      214        600        1  Right
8   0   500        2910       46053      46553      215        3500       1  Right
4   3   500        3042       46053      46554      213        1000       1  Right
8   0   100        2942       46553      46654      215        700        1  Right
3   2   100        3066       46554      46655      215        100        1  Right
0   3   100        3077       46655      46755      217        500        1  Left 
3   6   100        3095       46755      46855      218        600        1  Left 
8   14  500        3041       46654      47155      216        1000       1  Right
0   8   500        3125       47155      47655      219        3500       1  Right
8   0   100        3181       47655      47755      220        700        1  Right
0   13  100        3185       47755      47855      221        200        1  Right
0   13  100        3189       47855      47955      222        200        1  Right
3   14  500        3192       47755      48256      221        3000       1  Right
13  8   100        3203       48256      48356      224        500        1  Right
1   0   500        3242       47955      48456      222        1000       1  Left 
13  3   100        3207       48356      48457      225        900        1  Right
14  1   100        3228       48457      48557      226        700        1  Left 
3   14  100        3233       48557      48657      227        600        1  Right
0   1   100        3274       48557      48658      227        200        1  Left 
8   13  500        3244       48657      49158      228        2500       1  Right
14  3   100        3251       49158      49258      230        600        1  Right
13  1   100        3313       49158      49259      230        400        1  Left 
0   5   100        3498       49259      49359      230        400        1  Right
2   3   500        3338       49258      49759      230        500        1  Right
0   8   500        3498       49359      49860      231        3500       1  Right
5   8   100        3526       49860      49960      233        300        1  Right
3   13  500        3282       49860      50360      235        3500       1  Left 
3   6   100        3358       50360      50460      236        600        1  Left 
8   5   500        3557       49960      50461      234        1500       1  Right
3   1   100        3359       50460      50561      237        300        1  Right
14  0   100        3537       50461      50562      237        500        1  Right
8   1   100        3560       50561      50662      238        700        1  Right
6   3   500        3377       50662      51162      241        3000       1  Left 
0   11  100        3499       51162      51262      241        300        1  Left 
11  3   100        3540       51262      51362      242        200        1  Right
1   14  500        3515       51262      51762      242        3500       1  Left 
1   13  500        3530       51762      52262      244        2000       1  Left 
1   0   500        3546       52262      52762      245        1000       1  Left 
13  0   100        3557       52762      52862      246        200        1  Right
1   3   500        3638       52762      53263      246        1500       1  Right
0   1   100        3568       53263      53363      248        200        1  Left 
6   3   500        3640       53263      53764      248        5000       1  Right
0   2   100        3580       53764      53864      250        600        1  Left 
3   2   100        3676       53864      53964      251        100        1  Right
0   1   100        3800       53864      53965      251        200        1  Left 
0   7   100        3801       53965      54065      253        100        1  Left 
1   8   100        3808       54065      54165      254        900        1  Left 
3   11  500        3827       53964      54465      252        1000       1  Right
3   11  100        3877       54465      54565      256        200        1  Right
1   0   500        3840       54165      54666      255        1000       1  Left 
7   3   100        3841       54666      54667      258        400        1  Right
2   0   500        3857       54666      54668      258        5000       1  Right
3   7   500        3916       54667      54768      259        2000       1  Right
8   1   500        3862       54768      55268      261        3500       1  Right
0   3   100        3863       55268      55368      262        500        1  Left 
0   14  100        3868       55368      55468      263        500        1  Right
1   8   500        3870       55368      55869      263        3500       1  Right
14  1   100        3881       55869      55969      265        700        1  Left 
11  3   100        3890       55869      55970      265        200        1  Right
8   0   100        3924       55969      56070      265        700        1  Right
2   3   500        3948       55970      56471      266        500        1  Right
0   8   500        3980       56070      56571      267        3500       1  Right
1   3   100        4096       56471      56572      268        300        1  Right
8   0   100        4042       56571      56672      269        700        1  Right
1   3   100        4113       56572      56673      270        300        1  Right
0   15  100        4102       56672      56773      271        300        1  Right
8   1   100        4044       56673      56774      272        700        1  Right
3   6   100        3975       56774      56874      274        600        1  Left 
15  8   100        4110       56774      56875      274        400        1  Right
0   1   100        4104       56874      56975      275        200        1  Left 
3   5   100        4000       56875      56976      276        700        1  Right
3   1   100        4109       56976      57076      278        300        1  Right
3   0   100        4139       57076      57176      279        500        1  Left 
8   15  500        4161       56976      57477      278        2000       1  Right
8   4   100        4188       57477      57577      281        200        1  Right
3   0   500        4155       57176      57677      280        2500       1  Left 
1   8   500        4135       57677      58177      283        3500       1  Right
1   14  500        4153       58177      58677      284        3500       1  Left 
4   8   500        4224       58177      58678      284        1000       1  Right
0   3   100        4157       58677      58778      285        500        1  Left 
0   13  100        4171       58778      58878      287        200        1  Right
3   1   500        4188       58778      59279      287        1500       1  Right
13  1   100        4189       59279      59379      289        400        1  Left 
0   1   100        4222       59379      59479      290        200        1  Left 
6   3   500        4257       59379      59880      290        5000       1  Right
1   14  100        4223       59880      59980      292        700        1  Left 
14  1   100        4231       59980      60080      293        700        1  Left 
1   0   100        4240       60080      60180      294        200        1  Left 
5   3   500        4283       60080      60581      294        3500       1  Right
1   0   500        4243       60180      60681      295        1000       1  Left 
1   13  500        4252       60681      61181      297        2000       1  Left 
1   0   100        4253       61181      61281      298        200        1  Left 
0   8   100        4268       61281      61381      299        700        1  Right
0   1   100        4275       61381      61481      300        200        1  Left 
1   0   500        4296       61481      61981      301        1000       1  Left 
1   3   100        4298       61981      62081      302        300        1  Right
0   6   100        4316       61981      62082      302        100        1  Right
3   1   100        4307       62081      62182      303        300        1  Right
0   1   100        4317       62182      62282      305        200        1  Left 
8   1   100        4324       62282      62382      306        700        1  Right
8   5   100        4324       62382      62482      307        300        1  Right
8   15  100        4324       62482      62582      308        400        1  Right
8   14  100        4324       62582      62682      309        200        1  Right
8   13  100        4324       62682      62782      310        500        1  Right
1   8   100        4333       62782      62882      311        700        1  Right
5   8   100        4345       62882      62982      312        300        1  Right
1   0   500        4340       62882      63382      312        1000       1  Left 
1   8   100        4362       63382      63482      314        700        1  Right
13  8   100        4364       63482      63582      315        500        1  Right
14  8   100        4366       63582      63682      316        200        1  Right
15  8   100        4368       63682      63782      317        400        1  Right
8   1   100        4371       63782      63882      318        700        1  Right
0   8   100        4385       63882      63982      319        700        1  Right
0   2   100        4404       63982      64082      320        600        1  Left 
0   15  100        4406       64082      64182      321        300        1  Right
2   8   100        4417       64082      64183      321        300        1  Right
15  3   100        4415       64182      64283      322        800        1  Left 
4   8   500        4476       64183      64684      322        1000       1  Right
1   3   500        4422       64283      64784      323        1500       1  Right
8   0   100        4419       64684      64785      325        700        1  Right
8   6   100        4428       64785      64885      326        600        1  Right
3   0   100        4450       64785      64886      326        500        1  Left 
8   4   100        4440       64885      64986      327        200        1  Right
3   15  500        4451       64886      65387      328        4000       1  Left 
8   6   100        4441       65387      65487      330        600        1  Right
6   3   100        4454       65487      65587      331        600        1  Left 
0   3   500        4462       65587      66087      332        2500       1  Left 
8   0   100        4463       66087      66187      333        700        1  Right
3   6   100        4472       66187      66287      334        600        1  Left 
8   2   100        4515       66187      66288      334        300        1  Right
0   3   500        4481       66287      66788      335        2500       1  Left 
8   2   500        4570       66288      66789      336        1500       1  Right
15  1   100        4494       66788      66889      337        500        1  Left 
0   8   500        4506       66889      67389      339        3500       1  Right
3   0   100        4512       67389      67489      340        500        1  Left 
6   8   500        4513       67389      67890      340        3000       1  Right
0   3   500        4552       67489      67990      341        2500       1  Left 
2   8   500        4561       67890      68391      342        1500       1  Right
1   15  500        4520       67990      68491      343        2500       1  Left 
3   5   100        4588       68391      68492      344        700        1  Right
15  0   100        4547       68491      68592      345        300        1  Right
1   2   100        4581       68492      68593      346        400        1  Right
8   6   100        4606       68592      68693      347        600        1  Right
0   1   100        4552       68593      68694      348        200        1  Left 
0   1   100        4573       68694      68794      350        200        1  Left 
2   0   100        4602       68794      68795      351        1000       1  Right
3   1   500        4594       68794      69195      351        1500       1  Right
1   8   100        4646       69195      69295      353        700        1  Right
6   0   500        4613       68795      69296      352        500        1  Right
1   8   100        4679       69295      69396      354        700        1  Right
0   2   100        4622       69396      69496      356        600        1  Left 
0   1   100        4625       69496      69596      357        200        1  Left 
6   8   500        4720       69396      69897      356        3000       1  Right
12  8   100        4729       69897      69997      359        100        1  Right
2   1   500        4648       69596      70097      358        2000       1  Right
0   1   100        4661       70097      70197      361        200        1  Left 
2   3   100        4722       70097      70198      361        100        1  Right
1   0   500        4682       70197      70698      362        1000       1  Left 
8   1   100        4684       70698      70798      364        700        1  Right
0   1   100        4701       70798      70898      365        200        1  Left 
0   12  100        4706       70898      70899      366        600        1  Right
8   1   500        4730       70898      71300      366        3500       1  Right
0   2   100        4708       71300      71400      368        600        1  Left 
8   12  500        4765       71300      71801      368        500        1  Right
3   2   500        4743       71400      71900      369        500        1  Right
1   0   500        4722       71400      71901      369        1000       1  Left 
1   0   500        4735       71901      72401      372        1000       1  Left 
8   1   100        4768       72401      72501      373        700        1  Right
2   1   100        4768       72501      72601      374        400        1  Right
0   1   100        4789       72601      72701      375        200        1  Left 
0   15  100        4855       72701      72801      376        300        1  Right
1   2   500        4789       72701      73201      376        2000       1  Right
2   0   100        4810       73201      73301      378        600        1  Left 
1   8   100        4810       73301      73401      379        700        1  Right
2   1   100        4821       73401      73501      380        400        1  Right
2   0   100        4823       73501      73601      381        600        1  Left 
1   3   100        4827       73601      73701      382        300        1  Right
3   1   100        4840       73701      73801      383        300        1  Right
1   2   500        4842       73801      74301      384        2000       1  Right
8   1   100        4848       74301      74401      385        700        1  Right
15  1   100        4863       74401      74501      386        500        1  Left 
5   3   500        4865       74401      74902      386        3500       1  Right
2   1   100        4864       74902      75002      388        400        1  Right
1   8   500        4866       75002      75502      389        3500       1  Right
1   0   100        4873       75502      75602      390        200        1  Left 
2   3   100        4908       75502      75603      390        100        1  Right
1   8   100        4875       75602      75703      391        900        1  Left 
6   8   500        4883       75703      76203      393        3000       1  Right
1   2   500        4885       75703      76204      393        2000       1  Right
12  8   100        4960       76203      76304      393        100        1  Right
2   8   100        4967       76304      76404      395        300        1  Right
12  3   100        5035       76404      76504      395        500        1  Right
1   15  500        4889       76204      76705      395        2500       1  Left 
1   0   500        4899       76705      77205      399        1000       1  Left 
1   6   100        4903       77205      77305      400        300        1  Left 
1   0   100        4908       77305      77405      401        200        1  Left 
3   1   100        4910       77405      77505      402        300        1  Right
8   0   100        4931       77405      77506      401        700        1  Right
3   1   100        4910       77505      77606      403        300        1  Right
0   6   100        4958       77506      77606      403        100        1  Right
8   2   100        4931       77506      77607      403        300        1  Right
0   1   100        4962       77606      77707      404        200        1  Left 
8   12  100        4931       77607      77708      405        100        1  Right
8   2   100        4932       77708      77808      407        300        1  Right
1   0   500        4983       77707      78208      406        1000       1  Left 
0   8   100        4974       78208      78308      409        700        1  Right
2   8   500        4986       78308      78808      410        1500       1  Right
6   0   500        5006       78308      78809      410        500        1  Right
8   1   100        5030       78808      78909      410        700        1  Right
0   4   100        5006       78909      78910      413        700        1  Left 
8   6   100        5039       78909      78911      412        600        1  Right
0   4   100        5008       78910      79011      414        700        1  Left 
8   5   100        5064       78911      79012      414        300        1  Right
4   0   500        5042       79011      79512      415        3500       1  Left 
0   12  100        5010       79512      79612      418        600        1  Right
4   8   100        5043       79512      79613      417        200        1  Right
3   12  500        5056       79612      80113      418        5500       1  Left 
12  1   100        5081       80113      80213      420        800        1  Right
8   1   100        5089       80213      80214      421        700        1  Right
12  0   100        5143       80213      80215      421        600        1  Right
8   4   500        5186       80214      80715      422        1000       1  Right
1   12  500        5112       80215      80716      423        4000       1  Left 
0   2   100        5137       80716      80816      425        600        1  Left 
0   2   100        5157       80816      80916      426        600        1  Left 
5   8   500        5095       80716      81216      425        1500       1  Right
3   2   500        5190       80916      81417      427        500        1  Right
1   8   500        5127       81216      81717      428        4500       1  Left 
12  1   100        5154       81717      81817      430        800        1  Right
12  0   100        5156       81817      81917      431        600        1  Right
2   8   100        5182       81817      81918      431        300        1  Right
0   1   100        5185       81917      82018      432        200        1  Left 
14  8   100        5201       81918      82019      433        200        1  Right
6   1   500        5210       82018      82519      434        1500       1  Left 
8   2   500        5228       82019      82520      435        1500       1  Right
1   12  500        5185       82519      83020      436        4000       1  Left 
1   3   500        5187       83020      83520      438        1500       1  Right
8   14  500        5247       83020      83521      438        1000       1  Right
8   5   100        5315       83521      83621      440        300        1  Right
1   3   500        5198       83520      84021      439        1500       1  Right
12  1   100        5217       84021      84121      442        800        1  Right
3   0   100        5219       84121      84221      443        500        1  Left 
12  8   100        5279       84121      84222      443        100        1  Right
0   1   100        5229       84221      84322      444        200        1  Left 
13  8   100        5307       84222      84323      445        500        1  Right
3   0   100        5235       84322      84423      446        500        1  Left 
0   4   100        5258       84423      84424      448        700        1  Left 
6   8   500        5316       84323      84425      447        3000       1  Right
4   0   500        5294       84424      84625      449        3500       1  Left 
0   6   100        5259       84625      84725      451        100        1  Right
5   8   500        5346       84425      84926      450        1500       1  Right
12  3   100        5350       84926      85026      453        500        1  Right
4   3   100        5355       85026      85126      454        200        1  Right
15  8   100        5363       85026      85127      454        400        1  Right
0   1   500        5318       84725      85226      452        1000       1  Left 
6   8   100        5365       85127      85228      456        600        1  Right
2   1   100        5342       85226      85327      457        400        1  Right
0   6   100        5318       85228      85329      458        100        1  Right
1   12  500        5248       85327      85828      459        4000       1  Right
1   0   100        5297       85828      85928      461        200        1  Left 
0   4   100        5318       85928      86028      462        700        1  Left 
0   2   100        5333       86028      86128      463        600        1  Left 
1   0   100        5339       86128      86228      464        200        1  Left 
8   12  500        5315       85828      86329      461        500        1  Right
0   1   500        5360       86228      86729      465        1000       1  Left 
8   13  500        5348       86329      86830      466        2500       1  Right
2   0   500        5361       86729      87230      467        3000       1  Left 
0   6   100        5386       87230      87330      469        100        1  Right
1   2   500        5363       87230      87730      469        2000       1  Right
2   0   100        5386       87730      87830      471        600        1  Left 
8   6   500        5391       87330      87831      470        3000       1  Right
1   0   100        5405       87830      87931      472        200        1  Left 
3   15  100        5371       87831      87932      473        800        1  Right
3   14  100        5371       87932      88032      475        600        1  Right
3   13  100        5371       88032      88132      476        700        1  Left 
2   8   100        5388       88032      88133      476        300        1  Right
13  3   100        5390       88132      88233      477        700        1  Left 
14  3   100        5392       88233      88333      479        600        1  Right
15  3   100        5394       88333      88433      480        800        1  Right
2   1   100        5395       88433      88533      481        400        1  Right
6   8   100        5454       88433      88534      481        600        1  Right
4   8   100        5461       88534      88634      483        200        1  Right
1   2   500        5416       88533      89034      482        2000       1  Right
8   1   100        5396       89034      89134      485        700        1  Right
8   1   100        5396       89134      89234      486        700        1  Right
8   15  500        5414       89234      89734      487        2000       1  Right
0   1   500        5426       89234      89735      487        1000       1  Left 
3   12  100        5430       89734      89835      488        500        1  Right
8   1   100        5435       89835      89935      490        700        1  Right
8   4   100        5435       89935      90035      491        200        1  Right
8   6   100        5435       90035      90135      492        600        1  Right
8   15  100        5435       90135      90235      493        400        1  Right
2   6   100        5436       90135      90236      493        700        1  Left 
8   14  100        5435       90235      90336      494        200        1  Right
2   1   100        5437       90236      90337      495        400        1  Right
8   13  100        5435       90336      90437      496        500        1  Right
2   0   100        5441       90337      90438      497        600        1  Left 
8   12  100        5435       90437      90538      498        100        1  Right
1   0   100        5453       90438      90539      499        200        1  Left 
1   3   100        5453       90539      90639      501        300        1  Right
0   12  100        5466       90539      90640      501        600        1  Right
1   3   100        5456       90639      90740      502        300        1  Right
0   12  100        5480       90640      90741      503        600        1  Right
1   2   500        5460       90740      91241      504        2000       1  Right
3   1   100        5469       91241      91341      506        300        1  Right
3   1   100        5472       91341      91441      507        300        1  Right
2   12  500        5529       91241      91742      505        2000       1  Right
0   3   500        5528       91441      91942      507        2500       1  Left 
1   8   100        5473       91942      92042      510        700        1  Right
12  8   100        5476       92042      92142      511        100        1  Right
1   4   100        5479       92042      92143      511        500        1  Right
13  8   100        5478       92142      92243      512        500        1  Right
14  8   100        5480       92243      92343      514        200        1  Right
15  8   100        5482       92343      92443      515        400        1  Right
4   1   500        5510       92143      92644      513        2500       1  Right
1   8   500        5495       92644      93144      517        3500       1  Right
1   8   500        5498       93144      93644      518        3500       1  Right
12  2   100        5503       93644      93744      519        400        1  Right
0   1   100        5586       93644      93745      518        200        1  Left 
8   2   100        5533       93744      93845      519        300        1  Right
8   0   100        5543       93845      93945      521        700        1  Right
4   1   100        5666       93845      93946      521        500        1  Right
12  8   100        5565       93945      94045      522        100        1  Right
15  8   100        5573       94045      94145      524        400        1  Right
15  3   100        5577       94145      94245      525        800        1  Right
6   0   500        5558       93945      94446      522        500        1  Right
12  3   500        5621       94245      94746      526        2500       1  Right
3   0   100        5559       94746      94846      528        500        1  Left 
8   0   100        5559       94846      94946      529        700        1  Right
8   2   100        5601       94946      95046      530        300        1  Right
3   12  100        5613       95046      95146      531        500        1  Right
1   0   500        5607       94946      95447      530        1000       1  Left 
8   12  500        5699       95146      95646      532        500        1  Right
3   4   500        5631       95146      95647      532        1000       1  Right
0   8   500        5615       95646      96147      534        3500       1  Right
1   4   500        5699       95647      96148      535        2500       1  Right
0   5   100        5620       96147      96248      536        400        1  Right
2   8   500        5634       96148      96649      537        1500       1  Right
3   15  500        5650       96248      96749      538        4000       1  Left 
10  8   100        5682       96649      96750      539        100        1  Right
2   0   500        5667       96749      97250      540        3000       1  Left 
8   15  500        5700       96750      97251      541        2000       1  Right
0   10  100        5620       97250      97351      542        800        1  Left 
14  8   100        5744       97251      97352      543        200        1  Right
0   2   100        5640       97351      97452      544        600        1  Left 
5   3   100        5674       97452      97552      546        900        1  Left 
3   4   100        5700       97552      97652      547        200        1  Right
4   3   100        5708       97652      97752      548        200        1  Right
1   4   100        5731       97752      97852      549        500        1  Right
8   10  500        5708       97352      97853      545        500        1  Right
6   0   500        5683       97552      98053      547        500        1  Right
1   6   100        5732       98053      98153      552        300        1  Left 
1   6   100        5769       98153      98253      553        300        1  Left 
3   5   500        5729       97853      98354      551        3500       1  Right
0   2   100        5694       98354      98454      555        600        1  Left 
0   2   100        5699       98454      98554      556        600        1  Left 
8   14  500        5790       98354      98855      555        1000       1  Right
13  8   100        5833       98855      98955      558        500        1  Right
6   2   500        5723       98554      99055      557        3500       1  Left 
12  3   100        5731       99055      99155      560        500        1  Right
5   1   100        5760       99055      99156      560        600        1  Left 
14  3   100        5748       99155      99256      561        600        1  Right
4   0   100        5733       99256      99356      563        700        1  Left 
3   15  100        5752       99356      99456      564        800        1  Right
0   2   100        5755       99456      99556      565        600        1  Left 
2   1   100        5761       99556      99656      566        400        1  Right
8   0   100        5812       99556      99657      566        700        1  Right
1   2   500        5782       99656      100157     567        2000       1  Right
8   13  500        5874       99657      100158     568        2500       1  Right
0   1   100        5761       100157     100258     569        200        1  Left 
3   12  100        5811       100158     100259     570        500        1  Right
1   15  500        5791       100258     100759     571        2500       1  Left 
4   1   500        5762       100759     101259     573        2500       1  Right
15  1   100        5765       101259     101359     574        500        1  Left 
15  3   100        5775       101359     101459     575        800        1  Right
0   3   100        5783       101459     101559     576        500        1  Left 
1   2   100        5796       101559     101659     577        400        1  Right
2   1   100        5801       101659     101759     578        400        1  Right
3   2   100        5812       101759     101859     579        100        1  Right
3   12  100        5813       101859     101959     580        500        1  Right
1   5   500        5804       101759     102259     579        3000       1  Left 
12  3   500        5825       101959     102460     581        2500       1  Right
12  3   100        5829       102460     102560     583        500        1  Right
13  3   100        5837       102560     102660     584        900        1  Right
6   1   500        5810       102259     102760     582        1500       1  Left 
15  1   100        5819       102760     102860     586        500        1  Left 
3   14  500        5854       102660     103161     585        3000       1  Right
1   2   500        5822       103161     103661     588        2000       1  Right
2   1   500        5825       103661     104161     589        2000       1  Right
15  1   100        5832       104161     104261     590        500        1  Left 
3   14  100        5857       104161     104262     590        600        1  Right
15  0   100        5834       104261     104362     591        300        1  Right
12  1   100        5849       104262     104363     592        800        1  Right
5   0   100        5844       104362     104463     593        400        1  Right
1   6   100        5845       104463     104563     595        300        1  Left 
2   0   100        5845       104563     104663     596        600        1  Left 
1   15  500        5845       104663     105163     597        2500       1  Left 
0   3   500        5851       105163     105663     598        2500       1  Left 
14  3   100        5886       105663     105763     599        600        1  Right
1   15  500        5858       105663     106163     599        2500       1  Left 
2   3   500        5903       105763     106264     600        500        1  Right
0   8   500        5868       106163     106664     601        3500       1  Right
0   2   500        5880       106664     107164     603        3000       1  Left 
0   6   100        5922       107164     107264     604        100        1  Right
1   12  500        5880       107164     107664     604        4000       1  Right
3   2   100        5882       107664     107764     606        100        1  Right
15  1   100        5887       107664     107765     606        500        1  Left 
3   12  100        5917       107764     107865     607        500        1  Right
3   12  100        5919       107865     107965     609        500        1  Right
1   15  500        5913       107765     108266     608        2500       1  Left 
2   0   100        5914       108266     108366     611        600        1  Left 
12  0   100        5917       108366     108466     612        600        1  Right
12  8   100        5919       108466     108566     613        100        1  Right
0   9   100        5922       108466     108567     613        400        1  Left 
12  1   100        5926       108567     108667     615        800        1  Right
12  3   500        5928       108667     109167     616        2500       1  Right
15  3   100        5941       109167     109267     617        800        1  Right
0   2   500        5945       109267     109767     618        3000       1  Left 
6   3   100        5955       109767     109867     619        600        1  Left 
8   2   100        5956       109767     109868     619        300        1  Right
9   8   100        5963       109868     109869     621        500        1  Right
10  8   100        5981       109869     109969     622        100        1  Right
1   12  500        5957       109867     110269     620        4000       1  Left 
8   15  100        5956       110269     110369     624        400        1  Right
2   1   100        5971       110269     110370     624        400        1  Right
8   14  100        5956       110369     110470     625        200        1  Right
8   13  100        5956       110470     110570     627        500        1  Right
8   10  100        5956       110570     110670     628        100        1  Right
2   0   500        5971       110370     110871     626        3000       1  Left 
2   8   100        5989       110871     110971     630        300        1  Right
3   13  500        5958       110871     111371     630        3500       1  Left 
3   6   500        5986       111371     111871     632        3000       1  Left 
13  1   100        5988       111871     111971     633        400        1  Left 
12  6   100        5990       111971     112071     634        500        1  Right
13  8   100        5993       112071     112171     635        500        1  Right
0   6   100        5998       112071     112172     635        100        1  Right
14  8   100        5995       112171     112272     636        200        1  Right
15  8   100        5997       112272     112372     638        400        1  Right
1   2   500        5992       111971     112373     634        2000       1  Right
0   4   100        6024       112372     112374     638        900        1  Right
12  1   100        5991       112374     112474     641        800        1  Right
12  0   100        5995       112474     112574     642        600        1  Right
2   0   100        6015       112574     112674     643        600        1  Left 
12  8   500        6074       112574     113075     642        500        1  Right
1   13  500        6015       112674     113175     644        2000       1  Left 
6   1   100        6022       113175     113275     645        300        1  Left 
1   12  500        6024       113275     113775     646        4000       1  Right
0   2   100        6025       113775     113875     647        600        1  Left 
8   12  100        6048       113775     113876     647        100        1  Right
0   1   100        6026       113875     113976     648        200        1  Left 
8   12  100        6050       113876     113977     649        100        1  Right
6   1   500        6027       113976     114477     650        1500       1  Left 
8   9   500        6118       113977     114478     651        2500       1  Right
13  1   100        6041       114477     114578     652        400        1  Left 
0   2   500        6041       114578     115078     654        3000       1  Left 
13  1   100        6054       115078     115178     655        400        1  Left 
13  0   100        6056       115178     115278     656        200        1  Right
1   6   500        6063       115278     115778     657        1500       1  Left 
0   4   100        6067       115778     115878     658        700        1  Left 
1   13  500        6067       115878     116378     659        2000       1  Left 
2   0   100        6073       116378     116478     660        600        1  Left 
2   1   100        6075       116478     116578     661        400        1  Right
0   8   100        6085       116478     116579     661        700        1  Right
2   3   500        6090       116578     117079     662        500        1  Right
1   13  500        6080       116579     117080     663        2000       1  Left 
1   2   100        6083       117080     117180     665        400        1  Right
6   0   100        6105       117080     117181     665        100        1  Right
4   1   100        6092       117180     117182     666        500        1  Right
0   10  100        6224       117181     117183     665        800        1  Right
1   2   500        6097       117182     117683     668        2000       1  Right
13  1   100        6115       117683     117783     670        400        1  Left 
8   2   100        6137       117683     117784     669        300        1  Right
3   0   100        6124       117783     117884     670        500        1  Left 
8   2   100        6137       117784     117885     671        300        1  Right
0   11  100        6225       117884     117985     671        300        1  Left 
13  8   100        6167       117885     117986     673        500        1  Right
0   12  100        6246       117986     118086     674        600        1  Right
1   4   500        6123       117985     118486     674        2500       1  Right
2   1   500        6123       118486     118986     677        2000       1  Right
2   4   100        6124       118986     119086     678        100        1  Right
6   1   500        6137       118986     119487     678        1500       1  Left 
1   13  500        6141       119487     119987     680        2000       1  Left 
1   2   100        6145       119987     120087     681        400        1  Right
1   6   100        6192       120087     120187     682        300        1  Left 
8   13  500        6208       119987     120488     681        2500       1  Right
4   2   500        6165       120087     120588     682        500        1  Right
1   5   100        6217       120488     120589     684        600        1  Left 
3   2   100        6192       120588     120689     685        100        1  Right
8   0   100        6271       120589     120690     685        700        1  Right
2   1   500        6173       120689     121190     687        2000       1  Right
6   12  500        6277       120690     121191     687        2500       1  Right
2   3   100        6183       121190     121291     689        100        1  Right
5   1   500        6255       121191     121692     689        3000       1  Left 
2   8   500        6186       121291     121792     691        1500       1  Right
3   15  500        6238       121692     122193     691        4000       1  Left 
2   8   500        6213       121792     122293     693        1500       1  Right
13  3   100        6245       122193     122294     693        700        1  Left 
11  8   100        6255       122294     122394     695        600        1  Right
10  3   100        6257       122394     122494     696        300        1  Right
6   0   500        6299       122294     122795     695        500        1  Right
8   11  500        6286       122494     122995     697        3000       1  Right
1   0   500        6309       122795     123296     698        1000       1  Left 
12  1   100        6315       123296     123396     700        800        1  Left 
3   10  500        6288       122995     123496     699        1500       1  Right
0   12  100        6327       123396     123496     701        600        1  Right
11  1   100        6321       123396     123497     701        100        1  Right
2   0   500        6312       123496     123997     702        5000       1  Right
10  1   100        6323       123997     124097     704        600        1  Right
4   0   500        6329       124097     124597     705        3500       1  Left 
0   2   100        6337       124597     124697     706        600        1  Left 
1   12  500        6346       124697     125197     707        4000       1  Right
0   8   100        6368       125197     125297     708        700        1  Right
2   4   100        6376       125197     125298     708        100        1  Right
0   5   100        6369       125297     125398     709        400        1  Right
2   6   100        6377       125398     125498     711        900        1  Right
0   2   100        6386       125498     125598     712        1000       1  Right
1   11  500        6357       125197     125697     708        500        1  Right
0   15  100        6387       125598     125699     713        300        1  Right
1   10  500        6364       125697     126198     714        3000       1  Right
12  1   100        6375       126198     126298     716        800        1  Right
11  0   100        6393       126298     126398     717        300        1  Left 
15  2   100        6397       126298     126399     717        700        1  Right
11  1   100        6404       126398     126499     718        100        1  Right
2   6   100        6399       126399     126500     719        900        1  Right
11  0   100        6406       126499     126600     720        300        1  Left 
4   2   500        6410       126500     127001     721        500        1  Right
1   12  500        6406       126600     127101     722        4000       1  Left 
10  0   100        6409       127101     127201     724        800        1  Right
5   1   100        6411       127201     127301     725        600        1  Left 
