
524
C:/Users/nxconrad/Desktop/REU 2.0/Benchmark Data/16-core/7/flow_freqmine100#1.txt
759
[9, 3, 12, 10, 7, 14, 5, 2, 6, 8, 1, 0, 11, 4, 15, 13]
8   0   100        0          2          102        0          200        1  Right
0   8   500        317        319        819        0          1000       1  Right
8   1   100        376        819        919        1          100        1  Right
1   8   500        678        919        1419       1          500        1  Right
8   1   100        725        1419       1519       2          100        1  Right
3   0   100        1001       1419       1520       0          600        1  Left 
6   0   100        1002       1520       1620       2          300        1  Right
5   0   100        1003       1620       1720       3          500        1  Right
9   0   100        1003       1720       1820       4          500        1  Left 
1   0   100        1004       1820       1920       5          100        1  Right
15  0   100        1004       1920       2020       6          300        1  Right
12  0   100        1005       2020       2120       7          700        1  Left 
14  0   100        1006       2120       2220       8          1000       1  Left 
10  0   100        1006       2220       2320       9          800        1  Left 
11  0   100        1007       2320       2420       10         100        1  Right
1   8   500        1027       1920       2421       6          500        1  Right
4   0   100        1008       2420       2521       11         200        1  Right
13  0   100        1008       2521       2621       13         400        1  Right
7   0   100        1010       2621       2721       14         700        1  Right
2   0   100        1012       2721       2821       15         400        1  Right
0   15  500        1025       2821       3321       16         1500       1  Right
0   1   500        1025       3321       3821       17         500        1  Right
0   14  500        1032       3821       4321       18         3000       1  Right
0   2   500        1038       4321       4821       19         2000       1  Right
15  0   100        1042       4821       4921       20         300        1  Right
0   13  500        1052       4921       5421       21         2000       1  Right
0   12  500        1052       5421       5921       22         3500       1  Left 
1   0   100        1053       5921       6021       23         100        1  Right
14  0   100        1069       6021       6121       24         600        1  Right
0   4   500        1075       6121       6621       25         1000       1  Right
1   8   500        1379       6121       6622       25         500        1  Right
0   5   500        1075       6621       7122       26         5500       1  Left 
8   0   100        1077       7122       7222       28         200        1  Right
8   1   100        1079       7222       7322       29         100        1  Right
0   11  500        1097       7222       7723       29         500        1  Right
8   0   100        1080       7723       7823       31         200        1  Right
2   0   100        1086       7823       7923       32         400        1  Right
0   6   500        1097       7923       8423       33         1500       1  Right
13  0   100        1102       8423       8523       34         400        1  Right
12  0   100        1118       8523       8623       35         700        1  Left 
0   10  500        1119       8623       9123       36         4000       1  Right
0   9   500        1119       9123       9623       37         2500       1  Left 
4   0   100        1129       9623       9723       38         200        1  Right
0   7   500        1141       9723       10223      39         3500       1  Right
5   0   100        1145       10223      10323      40         500        1  Right
11  0   100        1156       10323      10423      41         100        1  Right
6   0   100        1172       10423      10523      42         300        1  Right
10  0   100        1183       10523      10623      43         800        1  Right
9   0   100        1199       10623      10723      44         500        1  Left 
7   0   100        1210       10723      10823      45         700        1  Right
0   3   500        1319       10823      11323      46         3000       1  Left 
0   1   100        1340       11323      11423      47         100        1  Right
3   1   100        1353       11423      11523      48         700        1  Left 
0   7   500        1356       11523      12023      49         3500       1  Right
7   1   100        1410       12023      12123      50         600        1  Right
0   9   500        1356       12023      12523      50         2500       1  Left 
0   10  500        1357       12523      13023      52         4000       1  Right
0   6   500        1357       13023      13523      53         1500       1  Right
9   1   100        1421       13523      13623      53         1000       1  Right
10  1   100        1438       13623      13723      54         700        1  Right
8   6   100        1542       13723      13823      53         100        1  Right
0   11  500        1378       13523      14023      54         500        1  Right
0   5   500        1378       14023      14523      58         2500       1  Right
0   4   500        1400       14523      15023      59         1000       1  Right
0   12  500        1400       15023      15523      60         3500       1  Left 
0   13  500        1422       15523      16023      60         2000       1  Right
0   2   500        1422       16023      16523      61         2000       1  Right
0   14  500        1444       16523      17023      62         3000       1  Right
0   1   500        1444       17023      17523      63         500        1  Right
6   1   100        1449       17523      17623      64         200        1  Right
0   15  500        1466       17523      18024      64         1500       1  Right
11  1   100        1455       18024      18124      66         200        1  Right
5   1   100        1466       18124      18224      67         400        1  Right
0   8   100        1466       18224      18324      68         200        1  Right
0   8   100        1466       18324      18424      69         200        1  Right
4   1   100        1472       18424      18524      70         300        1  Right
12  1   100        1483       18524      18624      71         800        1  Right
13  1   100        1489       18624      18724      72         500        1  Right
2   1   100        1493       18724      18824      73         300        1  Right
14  1   100        1504       18824      18924      74         500        1  Right
15  1   100        1512       18924      19024      75         400        1  Right
8   1   100        1546       19024      19124      74         100        1  Right
1   0   500        1612       19124      19624      75         500        1  Right
1   15  500        1627       19624      20124      75         2000       1  Right
1   14  500        1627       20124      20624      76         2500       1  Right
1   13  500        1628       20624      21124      77         2500       1  Right
0   1   100        1631       21124      21224      78         100        1  Right
1   0   100        1633       21224      21324      79         100        1  Right
15  0   100        1651       21324      21424      80         300        1  Right
14  0   100        1657       21424      21425      81         1000       1  Left 
13  0   100        1673       21425      21525      82         400        1  Right
1   2   500        1640       21324      21725      80         1500       1  Right
1   12  500        1640       21725      22225      84         4000       1  Right
1   4   500        1662       22225      22725      85         1500       1  Right
1   5   500        1662       22725      23225      86         2000       1  Right
2   0   100        1682       23225      23325      87         400        1  Right
1   11  500        1685       23325      23825      88         1000       1  Right
12  0   100        1703       23825      23925      89         700        1  Left 
4   0   100        1714       23925      24025      90         200        1  Right
5   0   100        1730       24025      24026      90         1100       1  Left 
11  0   100        1741       24026      24126      91         100        1  Right
1   6   500        1685       23825      24226      89         1000       1  Right
1   10  500        1707       24226      24726      94         3500       1  Right
8   6   100        1841       24726      24826      93         100        1  Right
1   9   500        1707       24726      25226      95         3000       1  Left 
4   1   100        1724       25226      25326      96         300        1  Right
1   7   500        1729       25326      25826      97         3000       1  Right
5   1   100        1730       25826      25926      98         400        1  Right
12  1   100        1735       25926      26026      99         800        1  Right
1   3   500        1740       26026      26526      100        3500       1  Left 
13  1   100        1741       26526      26626      101        500        1  Right
11  1   100        1741       26626      26726      102        200        1  Right
2   1   100        1745       26726      26826      103        300        1  Right
14  1   100        1756       26826      26926      104        500        1  Right
6   0   100        1757       26926      27026      105        300        1  Right
6   1   100        1757       27026      27126      106        200        1  Right
10  0   100        1768       27026      27127      106        800        1  Left 
15  1   100        1764       27127      27227      108        400        1  Right
10  1   100        1768       27227      27327      109        900        1  Left 
9   0   100        1784       27327      27427      110        500        1  Left 
9   1   100        1784       27427      27527      111        600        1  Left 
6   8   500        1819       27126      27627      106        500        1  Right
3   0   100        1786       27527      27628      112        600        1  Left 
3   0   100        1788       27628      27728      114        600        1  Left 
7   0   100        1795       27728      27828      115        900        1  Left 
0   6   100        1935       27828      27829      114        1300       1  Left 
0   15  100        1959       27829      27929      115        300        1  Right
1   8   500        1848       27627      28029      112        500        1  Right
15  6   100        1967       27929      28030      116        1000       1  Left 
1   8   500        1898       28029      28530      118        500        1  Right
7   1   100        1795       28530      28630      121        600        1  Right
8   1   100        1847       28630      28730      121        100        1  Right
8   0   100        1947       28730      28830      121        200        1  Right
0   1   100        1968       28830      28930      122        100        1  Right
0   14  100        1970       28930      29030      123        1000       1  Left 
0   13  100        1991       29030      29130      124        400        1  Right
0   2   100        1995       29130      29131      125        1200       1  Left 
0   12  100        2026       29131      29231      125        700        1  Left 
6   8   500        2118       28830      29232      121        500        1  Right
0   4   100        2037       29231      29332      126        200        1  Right
1   6   100        1976       29232      29333      128        200        1  Right
0   5   100        2060       29332      29433      128        1100       1  Left 
14  6   100        1984       29433      29533      131        300        1  Right
2   6   100        2008       29533      29633      132        100        1  Right
13  6   100        2009       29633      29733      133        900        1  Left 
1   0   500        2024       29433      29934      130        500        1  Right
1   7   500        2039       29934      30434      134        3000       1  Right
1   9   500        2039       30434      30934      135        3000       1  Left 
1   10  500        2040       30934      31434      136        3500       1  Right
1   6   500        2040       31434      31934      137        1000       1  Right
12  6   100        2049       31934      32034      138        600        1  Right
1   15  500        2062       31934      32435      138        2000       1  Right
4   6   100        2068       32435      32436      140        1100       1  Left 
1   11  500        2062       32435      32836      140        1000       1  Right
0   11  100        2069       32836      32936      142        100        1  Right
1   14  500        2085       32836      33337      142        2500       1  Right
0   6   100        2090       33337      33437      144        300        1  Right
0   10  100        2101       33437      33537      145        800        1  Left 
0   3   100        2107       33537      33637      146        600        1  Left 
0   9   100        2122       33637      33737      146        500        1  Left 
0   7   100        2133       33737      33738      147        900        1  Left 
1   5   500        2096       33437      33838      145        2000       1  Right
0   3   100        2236       33738      33839      147        600        1  Left 
5   6   100        2101       33838      33939      150        200        1  Right
1   13  500        2096       33839      34340      151        2500       1  Right
11  6   100        2113       34340      34440      153        400        1  Right
1   2   500        2119       34440      34940      153        1500       1  Right
1   12  500        2119       34940      35440      154        4000       1  Right
3   1   100        2125       35440      35540      155        700        1  Left 
10  6   100        2137       35440      35541      155        500        1  Right
9   6   100        2163       35541      35641      157        800        1  Right
7   6   100        2177       35641      35741      158        400        1  Right
3   6   100        2254       35741      35841      158        700        1  Right
1   4   500        2142       35540      36041      156        1500       1  Right
6   0   500        2232       36041      36541      160        1500       1  Right
6   1   500        2268       36541      37041      161        1000       1  Right
6   15  500        2280       37041      37541      162        3000       1  Right
1   0   100        2310       37541      37641      163        100        1  Right
1   0   100        2314       37641      37741      164        100        1  Right
15  0   100        2332       37741      37841      164        300        1  Right
8   1   100        2453       37741      37842      162        100        1  Right
15  0   100        2336       37841      37942      165        300        1  Right
6   14  500        2313       37541      38042      163        1500       1  Right
0   8   100        2410       37942      38043      167        200        1  Right
14  0   100        2360       38043      38143      169        1000       1  Left 
6   2   500        2323       38042      38543      168        500        1  Right
1   3   500        2427       38143      38644      168        3500       1  Left 
6   13  500        2345       38644      39144      172        3500       1  Right
2   0   100        2361       39144      39244      173        400        1  Right
14  0   100        2364       39244      39344      174        600        1  Right
2   0   100        2365       39344      39444      175        400        1  Right
13  0   100        2387       39444      39544      176        400        1  Right
13  0   100        2391       39544      39644      177        400        1  Right
0   8   100        2583       39644      39744      175        200        1  Right
6   12  500        2378       39444      39944      176        3000       1  Right
1   8   500        2755       39744      40245      174        500        1  Right
6   4   500        2400       39944      40445      180        5500       1  Left 
12  0   100        2415       40445      40545      182        700        1  Left 
12  0   100        2419       40545      40645      182        700        1  Left 
4   0   100        2427       40645      40745      182        200        1  Right
4   0   100        2431       40745      40845      183        200        1  Right
3   4   100        2455       40845      40945      184        400        1  Left 
6   5   500        2422       40445      40946      180        1000       1  Right
3   4   100        2756       40945      41046      182        400        1  Left 
6   11  500        2433       40946      41447      186        2000       1  Right
5   0   100        2444       41447      41547      188        500        1  Right
5   0   100        2448       41547      41647      189        500        1  Right
6   0   100        2463       41647      41747      190        300        1  Right
11  0   100        2465       41747      41847      191        100        1  Right
14  8   100        2896       41747      41848      187        400        1  Right
6   0   100        2467       41848      41948      193        300        1  Right
11  0   100        2469       41948      42048      194        100        1  Right
6   10  500        2488       41948      42449      194        2500       1  Right
6   9   500        2510       42449      42949      196        4000       1  Right
10  0   100        2515       42949      43049      197        800        1  Right
10  0   100        2519       43049      43149      198        800        1  Right
9   0   100        2532       43149      43249      198        500        1  Left 
9   0   100        2536       43249      43349      199        500        1  Left 
6   7   500        2521       43149      43649      198        2000       1  Right
7   0   100        2543       43649      43749      201        700        1  Right
7   0   100        2547       43749      43849      202        700        1  Right
6   3   500        2554       43849      44349      203        3500       1  Right
0   3   100        2587       44349      44449      204        600        1  Left 
0   14  100        2883       44449      44549      202        600        1  Right
0   14  100        2887       44549      44649      203        600        1  Right
0   1   100        2970       44649      44749      204        100        1  Right
0   8   100        2985       44749      44849      205        200        1  Right
4   3   500        2737       44449      44949      203        2000       1  Left 
3   0   100        2757       44949      45049      208        600        1  Left 
8   0   100        2808       45049      45149      209        200        1  Right
14  3   100        2900       45049      45150      208        400        1  Right
14  1   100        3228       45150      45250      210        500        1  Right
3   0   500        2879       45150      45650      210        3000       1  Left 
8   0   500        2910       45650      46150      212        1000       1  Right
4   3   500        3042       45650      46151      212        2000       1  Left 
8   0   100        2942       46150      46251      213        200        1  Right
3   2   100        3066       46151      46252      214        600        1  Right
0   3   100        3077       46252      46352      216        600        1  Left 
8   14  500        3041       46252      46752      216        2000       1  Right
3   6   100        3095       46752      46852      218        700        1  Right
0   8   500        3125       46752      47253      218        1000       1  Right
3   14  500        3192       46852      47353      219        2000       1  Right
8   0   100        3181       47253      47354      220        200        1  Right
3   14  100        3233       47353      47454      221        400        1  Right
0   13  100        3185       47354      47455      222        400        1  Right
0   13  100        3189       47455      47555      224        400        1  Right
13  8   100        3203       47555      47655      225        600        1  Right
13  3   100        3207       47655      47755      226        200        1  Left 
1   0   500        3242       47655      48156      226        500        1  Right
8   13  500        3244       47755      48256      227        5000       1  Left 
0   1   100        3274       48156      48257      228        100        1  Right
14  3   100        3251       48256      48357      229        400        1  Right
13  1   100        3313       48257      48358      230        500        1  Right
2   3   500        3338       48357      48858      230        3000       1  Right
0   5   100        3498       48858      48958      232        500        1  Right
3   13  500        3282       48858      49358      233        1000       1  Left 
3   6   100        3358       49358      49458      234        700        1  Right
0   8   500        3498       48958      49459      233        1000       1  Right
0   11  100        3499       49459      49559      236        100        1  Right
6   3   500        3377       49458      49959      235        3500       1  Right
3   1   100        3359       49959      50059      238        700        1  Left 
5   8   100        3526       49959      50060      238        300        1  Right
1   14  500        3515       50059      50061      239        5500       1  Left 
8   5   500        3557       50060      50062      240        1500       1  Right
1   13  500        3530       50061      50562      241        2500       1  Right
14  0   100        3537       50562      50662      243        600        1  Right
11  3   100        3540       50562      50663      243        500        1  Left 
1   0   500        3546       50662      51163      244        500        1  Right
13  0   100        3557       51163      51263      246        400        1  Right
8   1   100        3560       51163      51264      246        100        1  Right
0   1   100        3568       51264      51364      248        100        1  Right
0   2   100        3580       51364      51464      249        400        1  Right
1   3   500        3638       51464      51964      250        3500       1  Left 
0   1   100        3800       51964      52064      251        100        1  Right
1   8   100        3808       52064      52164      252        100        1  Right
6   3   500        3640       51964      52464      251        3500       1  Right
3   2   100        3676       52464      52564      254        600        1  Right
1   0   500        3840       52164      52665      252        500        1  Right
0   7   100        3801       52665      52765      256        700        1  Right
3   11  500        3827       52564      53065      254        2500       1  Left 
7   3   100        3841       53065      53165      257        300        1  Right
3   11  100        3877       53165      53265      258        500        1  Left 
2   0   500        3857       52765      53266      256        2000       1  Right
3   7   500        3916       53265      53766      259        1500       1  Right
8   1   500        3862       53266      53767      260        500        1  Right
0   3   100        3863       53766      53867      261        600        1  Left 
0   14  100        3868       53867      53967      263        1000       1  Left 
11  3   100        3890       53967      54067      264        500        1  Left 
1   8   500        3870       53767      54268      262        500        1  Right
8   0   100        3924       54268      54368      266        200        1  Right
2   3   500        3948       54067      54568      265        3000       1  Right
3   6   100        3975       54568      54668      268        700        1  Right
3   5   100        4000       54668      54768      269        500        1  Right
0   8   500        3980       54368      54869      267        1000       1  Right
14  1   100        3881       54869      54969      271        500        1  Right
0   15  100        4102       54869      54970      271        300        1  Right
1   3   100        4096       54969      55070      272        900        1  Right
8   0   100        4042       55070      55170      274        200        1  Right
8   1   100        4044       55170      55270      275        100        1  Right
0   1   100        4104       55270      55370      276        100        1  Right
15  8   100        4110       55270      55371      276        1100       1  Left 
3   1   100        4109       55371      55471      278        700        1  Left 
1   3   100        4113       55471      55571      279        700        1  Left 
3   0   100        4139       55571      55671      280        600        1  Left 
1   8   500        4135       55571      56071      280        500        1  Right
3   0   500        4155       55671      56172      281        3000       1  Left 
0   3   100        4157       56172      56272      283        600        1  Left 
0   13  100        4171       56272      56372      284        400        1  Right
1   14  500        4153       56071      56572      282        2500       1  Right
8   15  500        4161       56572      57072      286        2500       1  Right
6   3   500        4257       56572      57073      286        3500       1  Right
8   4   100        4188       57072      57173      287        400        1  Right
5   3   500        4283       57073      57574      288        2500       1  Right
4   8   500        4224       57173      57674      289        2000       1  Right
3   1   500        4188       57674      58174      291        3500       1  Left 
13  1   100        4189       58174      58274      292        500        1  Right
0   1   100        4222       58274      58374      293        100        1  Right
1   14  100        4223       58374      58474      294        500        1  Right
14  1   100        4231       58474      58574      295        500        1  Right
1   0   100        4240       58574      58674      296        100        1  Right
1   0   500        4243       58674      59174      297        500        1  Right
1   13  500        4252       59174      59674      298        2500       1  Right
1   0   100        4253       59674      59774      299        100        1  Right
0   8   100        4268       59774      59874      300        200        1  Right
0   1   100        4275       59874      59974      301        100        1  Right
1   0   500        4296       59974      60474      302        500        1  Right
1   3   100        4298       60474      60574      303        700        1  Left 
3   1   100        4307       60574      60674      304        700        1  Left 
0   6   100        4316       60674      60774      305        300        1  Right
0   1   100        4317       60774      60874      306        100        1  Right
8   1   100        4324       60874      60974      306        100        1  Right
8   5   100        4324       60974      61074      307        300        1  Right
8   15  100        4324       61074      61174      308        500        1  Right
8   14  100        4324       61174      61274      309        400        1  Right
8   13  100        4324       61274      61374      310        600        1  Right
1   8   100        4333       61374      61474      311        100        1  Right
5   8   100        4345       61474      61574      312        300        1  Right
1   0   500        4340       61474      61974      312        500        1  Right
1   8   100        4362       61974      62074      314        100        1  Right
13  8   100        4364       62074      62174      315        600        1  Right
14  8   100        4366       62174      62274      316        400        1  Right
15  8   100        4368       62274      62374      317        500        1  Right
8   1   100        4371       62374      62474      318        100        1  Right
15  3   100        4415       62374      62475      318        300        1  Left 
0   8   100        4385       62474      62575      319        200        1  Right
0   2   100        4404       62575      62675      321        400        1  Right
0   15  100        4406       62675      62775      322        300        1  Right
2   8   100        4417       62675      62776      322        200        1  Right
1   3   500        4422       62775      63276      323        3500       1  Left 
8   0   100        4419       63276      63376      325        200        1  Right
6   3   100        4454       63276      63377      325        700        1  Right
4   8   500        4476       63376      63877      326        2000       1  Right
8   6   100        4428       63877      63977      328        100        1  Right
3   0   100        4450       63877      63978      328        600        1  Left 
8   4   100        4440       63978      64078      330        400        1  Right
8   6   100        4441       64078      64178      331        100        1  Right
8   0   100        4463       64178      64278      332        200        1  Right
8   2   100        4515       64278      64378      333        200        1  Right
3   15  500        4451       63978      64479      330        1500       1  Left 
8   2   500        4570       64378      64879      334        1000       1  Right
0   3   500        4462       64479      64980      335        3000       1  Left 
3   6   100        4472       64980      65080      337        700        1  Right
15  1   100        4494       64980      65081      337        400        1  Right
8   6   100        4606       65080      65181      338        100        1  Right
0   3   500        4481       65081      65582      339        3000       1  Left 
0   8   500        4506       65582      66082      341        1000       1  Right
3   0   100        4512       66082      66182      342        600        1  Left 
3   5   100        4588       66182      66282      343        500        1  Right
6   8   500        4513       66082      66583      342        500        1  Right
1   15  500        4520       66182      66683      343        2000       1  Right
15  0   100        4547       66683      66783      346        300        1  Right
2   8   500        4561       66583      67084      345        1000       1  Right
1   2   100        4581       67084      67184      348        300        1  Right
0   3   500        4552       66783      67284      347        3000       1  Left 
1   8   100        4646       67184      67285      349        100        1  Right
2   0   100        4602       67284      67286      350        1200       1  Left 
1   8   100        4679       67285      67287      351        100        1  Right
6   0   500        4613       67286      67787      352        6500       1  Left 
0   1   100        4552       67787      67887      354        100        1  Right
0   1   100        4573       67887      67987      355        100        1  Right
6   8   500        4720       67787      68288      354        500        1  Right
12  8   100        4729       68288      68289      357        700        1  Right
3   1   500        4594       67987      68389      356        3500       1  Left 
0   2   100        4622       68389      68489      359        400        1  Right
0   1   100        4625       68489      68589      360        100        1  Right
2   1   500        4648       68589      69089      361        1500       1  Right
0   1   100        4661       69089      69189      362        100        1  Right
2   3   100        4722       69089      69190      362        600        1  Right
1   0   500        4682       69189      69690      363        500        1  Right
8   1   100        4684       69690      69790      365        100        1  Right
0   1   100        4701       69790      69890      366        100        1  Right
0   12  100        4706       69890      69990      367        700        1  Left 
0   2   100        4708       69990      69991      368        1200       1  Left 
8   1   500        4730       69890      70292      367        500        1  Right
3   2   500        4743       69991      70492      369        3000       1  Right
1   0   500        4722       70292      70793      370        500        1  Right
8   12  500        4765       70492      70993      371        3500       1  Right
1   0   500        4735       70793      71294      372        500        1  Right
8   1   100        4768       71294      71394      374        100        1  Right
2   1   100        4768       71394      71494      375        300        1  Right
0   1   100        4789       71494      71594      376        100        1  Right
0   15  100        4855       71594      71694      376        300        1  Right
1   2   500        4789       71594      72094      377        1500       1  Right
2   0   100        4810       72094      72194      379        400        1  Right
1   8   100        4810       72194      72294      380        100        1  Right
2   1   100        4821       72294      72394      380        300        1  Right
2   0   100        4823       72394      72494      381        400        1  Right
1   3   100        4827       72494      72594      382        700        1  Left 
3   1   100        4840       72594      72694      383        700        1  Left 
1   2   500        4842       72694      73194      384        1500       1  Right
5   3   500        4865       72694      73195      384        2500       1  Right
8   1   100        4848       73194      73295      385        100        1  Right
15  1   100        4863       73295      73395      387        400        1  Right
2   1   100        4864       73395      73495      388        300        1  Right
2   3   100        4908       73495      73595      389        600        1  Right
1   8   500        4866       73495      73995      389        500        1  Right
1   0   100        4873       73995      74095      391        100        1  Right
1   8   100        4875       74095      74195      392        100        1  Right
6   8   500        4883       74195      74196      393        500        1  Right
1   2   500        4885       74195      74197      393        6500       1  Left 
12  8   100        4960       74197      74297      394        700        1  Right
2   8   100        4967       74297      74397      395        200        1  Right
12  3   100        5035       74297      74398      395        100        1  Right
1   15  500        4889       74197      74697      395        2000       1  Right
1   0   500        4899       74697      75197      399        500        1  Right
1   6   100        4903       75197      75297      400        200        1  Right
1   0   100        4908       75297      75397      401        100        1  Right
3   1   100        4910       75397      75497      402        700        1  Left 
3   1   100        4910       75497      75597      403        700        1  Left 
8   0   100        4931       75597      75697      403        200        1  Right
8   2   100        4931       75697      75797      404        200        1  Right
8   12  100        4931       75797      75897      405        700        1  Right
8   2   100        4932       75897      75997      406        200        1  Right
1   0   500        4983       75697      76198      404        500        1  Right
0   6   100        4958       76198      76298      408        300        1  Right
0   1   100        4962       76298      76398      409        100        1  Right
0   8   100        4974       76398      76498      410        200        1  Right
0   4   100        5006       76498      76598      411        200        1  Right
0   4   100        5008       76598      76698      412        200        1  Right
0   12  100        5010       76698      76798      413        700        1  Left 
2   8   500        4986       76498      76998      411        1000       1  Right
3   12  500        5056       76798      77299      414        500        1  Right
6   0   500        5006       76998      77499      415        1500       1  Right
8   1   100        5030       77499      77599      417        100        1  Right
8   6   100        5039       77599      77699      418        100        1  Right
8   5   100        5064       77699      77799      419        300        1  Right
12  1   100        5081       77799      77899      420        800        1  Right
8   1   100        5089       77899      77999      421        100        1  Right
4   0   500        5042       77499      78000      417        1000       1  Right
1   12  500        5112       77999      78500      422        4000       1  Right
4   8   100        5043       78500      78600      424        400        1  Right
12  0   100        5143       78600      78700      425        700        1  Left 
12  1   100        5154       78700      78800      426        800        1  Left 
12  0   100        5156       78800      78900      427        700        1  Left 
5   8   500        5095       78600      79100      425        1500       1  Right
0   2   100        5137       79100      79101      429        1200       1  Left 
0   2   100        5157       79101      79102      430        1200       1  Left 
1   8   500        5127       79100      79402      429        500        1  Right
0   1   100        5185       79402      79502      432        100        1  Right
3   2   500        5190       79102      79603      431        3000       1  Right
8   4   500        5186       79502      80003      433        2000       1  Right
2   8   100        5182       80003      80103      435        200        1  Right
14  8   100        5201       80103      80203      436        400        1  Right
1   12  500        5185       80003      80504      435        4000       1  Left 
8   2   500        5228       80203      80704      437        1000       1  Right
1   3   500        5187       80504      81005      438        3500       1  Left 
8   14  500        5247       80704      81205      439        2000       1  Right
8   5   100        5315       81205      81305      441        300        1  Right
1   3   500        5198       81005      81506      440        3500       1  Left 
3   0   100        5219       81506      81606      443        600        1  Left 
3   0   100        5235       81606      81706      444        600        1  Left 
3   15  100        5371       81706      81806      445        300        1  Left 
3   14  100        5371       81806      81906      446        400        1  Right
6   1   500        5210       81506      82006      443        1000       1  Right
12  1   100        5217       82006      82106      448        800        1  Right
4   0   500        5294       81706      82207      445        1000       1  Right
1   12  500        5248       82106      82607      449        4000       1  Right
0   1   100        5229       82607      82707      451        100        1  Right
12  8   100        5279       82607      82708      451        700        1  Right
0   4   100        5258       82707      82808      452        200        1  Right
13  8   100        5307       82708      82809      453        1000       1  Left 
1   0   100        5297       82808      82909      454        100        1  Right
1   0   100        5339       82909      83009      456        100        1  Right
8   12  500        5315       82809      83310      455        3500       1  Right
0   6   100        5259       83310      83410      458        300        1  Right
12  3   100        5350       83310      83411      458        100        1  Right
4   3   100        5355       83411      83511      460        400        1  Left 
13  3   100        5390       83511      83611      461        200        1  Left 
14  3   100        5392       83611      83711      462        400        1  Right
0   1   500        5318       83410      83910      459        500        1  Right
6   8   500        5316       83410      83911      459        500        1  Right
2   1   100        5342       83910      84011      464        1300       1  Left 
0   6   100        5318       84011      84111      466        300        1  Right
0   4   100        5318       84111      84211      467        200        1  Right
5   8   500        5346       84111      84612      467        1500       1  Right
0   2   100        5333       84612      84712      469        400        1  Right
8   13  500        5348       84712      85212      470        3000       1  Right
15  8   100        5363       85212      85312      471        1100       1  Left 
6   8   100        5365       85312      85412      472        100        1  Right
3   13  100        5371       85312      85413      472        200        1  Left 
15  3   100        5394       85413      85513      474        300        1  Left 
3   12  100        5430       85513      85613      474        100        1  Right
0   1   500        5360       85212      85712      471        500        1  Right
2   0   500        5361       85712      86212      477        2000       1  Right
1   2   500        5363       86212      86712      478        1500       1  Right
2   0   100        5386       86712      86812      479        400        1  Right
0   6   100        5386       86812      86912      480        300        1  Right
2   8   100        5388       86912      87012      481        200        1  Right
1   0   100        5405       86912      87013      481        100        1  Right
2   1   100        5395       87013      87014      483        1300       1  Left 
8   6   500        5391       87012      87015      482        500        1  Right
6   8   100        5454       87015      87016      484        100        1  Right
1   2   500        5416       87014      87017      484        6500       1  Left 
8   1   100        5396       87017      87117      487        100        1  Right
8   1   100        5396       87117      87217      488        100        1  Right
8   15  500        5414       87217      87717      489        2500       1  Right
4   8   100        5461       87717      87718      489        1200       1  Left 
0   1   500        5426       87717      88118      489        500        1  Right
8   1   100        5435       88118      88218      491        100        1  Right
8   4   100        5435       88218      88318      492        400        1  Right
8   6   100        5435       88318      88418      493        100        1  Right
8   15  100        5435       88418      88518      494        500        1  Right
2   6   100        5436       88418      88519      494        100        1  Right
8   14  100        5435       88518      88619      495        1200       1  Left 
8   13  100        5435       88619      88719      497        600        1  Right
8   12  100        5435       88719      88819      498        700        1  Right
2   1   100        5437       88819      88919      499        300        1  Right
0   12  100        5466       88819      88920      499        700        1  Left 
2   0   100        5441       88920      89020      501        400        1  Right
1   0   100        5453       89020      89120      502        100        1  Right
1   3   100        5453       89120      89220      503        700        1  Left 
1   3   100        5456       89220      89320      504        700        1  Left 
0   12  100        5480       89320      89420      505        700        1  Left 
1   2   500        5460       89320      89820      505        1500       1  Right
1   8   100        5473       89820      89821      507        100        1  Right
0   3   500        5528       89420      89822      506        3000       1  Left 
3   1   100        5469       89822      89922      509        700        1  Left 
3   1   100        5472       89922      90022      510        700        1  Left 
1   4   100        5479       90022      90122      511        300        1  Right
2   12  500        5529       89820      90223      507        2500       1  Right
12  8   100        5476       90223      90323      513        700        1  Right
13  8   100        5478       90323      90324      514        1000       1  Left 
14  8   100        5480       90324      90424      515        400        1  Right
4   1   500        5510       90122      90425      512        1500       1  Right
15  8   100        5482       90424      90426      516        1100       1  Left 
0   1   100        5586       90425      90526      517        100        1  Right
12  2   100        5503       90426      90527      518        500        1  Right
1   8   500        5495       90526      91027      519        500        1  Right
1   8   500        5498       91027      91527      521        500        1  Right
8   2   100        5533       91527      91627      522        200        1  Right
4   1   100        5666       91527      91628      522        300        1  Right
12  8   100        5565       91627      91728      523        700        1  Right
8   0   100        5543       91728      91828      525        200        1  Right
6   0   500        5558       91828      92328      526        1500       1  Right
3   0   100        5559       92328      92428      527        600        1  Left 
8   0   100        5559       92428      92528      528        200        1  Right
3   12  100        5613       92428      92529      528        100        1  Right
15  8   100        5573       92528      92629      529        500        1  Right
15  3   100        5577       92629      92729      531        300        1  Left 
8   2   100        5601       92629      92730      531        200        1  Right
1   0   500        5607       92629      93130      531        500        1  Right
12  3   500        5621       92729      93230      532        500        1  Right
0   8   500        5615       93130      93631      534        1000       1  Right
3   4   500        5631       93230      93731      535        2000       1  Left 
0   5   100        5620       93631      93732      536        500        1  Right
0   10  100        5620       93732      93832      538        800        1  Right
3   15  500        5650       93731      94232      537        1500       1  Left 
1   4   500        5699       93832      94332      539        1500       1  Right
2   8   500        5634       93832      94333      539        1000       1  Right
5   3   100        5674       94232      94334      540        500        1  Right
0   2   100        5640       94333      94434      542        400        1  Right
3   4   100        5700       94334      94435      543        400        1  Left 
4   3   100        5708       94435      94535      545        400        1  Left 
2   0   500        5667       94434      94935      544        2000       1  Right
3   5   500        5729       94535      95036      546        2500       1  Right
12  3   100        5731       95036      95136      548        100        1  Right
6   0   500        5683       94935      95436      547        1500       1  Right
10  8   100        5682       95436      95536      550        600        1  Right
1   4   100        5731       95436      95537      550        300        1  Right
4   0   100        5733       95537      95637      552        200        1  Right
8   12  500        5699       95536      96037      551        3500       1  Right
0   2   100        5694       96037      96137      554        400        1  Right
0   2   100        5699       96137      96237      555        400        1  Right
8   15  500        5700       96237      96737      556        2500       1  Right
6   2   500        5723       96237      96738      556        500        1  Right
8   10  500        5708       96737      97238      557        5000       1  Left 
1   6   100        5732       97238      97338      559        200        1  Right
3   15  100        5752       97238      97339      559        300        1  Left 
14  8   100        5744       97338      97439      560        400        1  Right
3   12  100        5811       97339      97440      561        100        1  Right
0   2   100        5755       97439      97540      562        400        1  Right
14  3   100        5748       97440      97541      563        400        1  Right
5   1   100        5760       97540      97641      564        400        1  Right
2   1   100        5761       97641      97741      566        300        1  Right
0   1   100        5761       97741      97841      567        100        1  Right
8   14  500        5790       97741      98242      567        2000       1  Right
4   1   500        5762       97841      98243      568        1500       1  Right
13  8   100        5833       98242      98244      569        1000       1  Left 
15  1   100        5765       98243      98344      570        400        1  Right
1   6   100        5769       98344      98444      572        200        1  Right
15  3   100        5775       98344      98445      572        300        1  Left 
0   3   100        5783       98445      98545      574        600        1  Left 
1   2   500        5782       98444      98945      573        1500       1  Right
12  3   500        5825       98545      99046      575        500        1  Right
12  3   100        5829       99046      99146      577        100        1  Right
13  3   100        5837       99146      99246      578        200        1  Left 
1   15  500        5791       98945      99446      576        2000       1  Right
1   2   100        5796       99446      99546      580        300        1  Right
2   1   100        5801       99546      99646      581        300        1  Right
0   3   500        5851       99446      99947      580        3000       1  Left 
14  3   100        5886       99947      100047     583        400        1  Right
1   5   500        5804       99646      100147     582        2000       1  Right
3   2   100        5812       100147     100247     585        600        1  Right
3   12  100        5813       100247     100347     586        100        1  Right
6   1   500        5810       100147     100647     585        1000       1  Right
8   0   100        5812       100647     100747     588        200        1  Right
15  1   100        5819       100747     100847     589        400        1  Right
3   14  500        5854       100347     100848     587        2000       1  Right
3   14  100        5857       100848     100948     591        400        1  Right
1   2   500        5822       100847     101348     590        1500       1  Right
2   1   500        5825       101348     101848     593        1500       1  Right
15  1   100        5832       101848     101849     594        400        1  Right
15  0   100        5834       101849     101850     595        300        1  Right
8   13  500        5874       101848     102151     594        5000       1  Left 
5   0   100        5844       102151     102251     597        500        1  Right
1   6   100        5845       102251     102252     598        200        1  Right
2   0   100        5845       102251     102253     598        1200       1  Left 
1   15  500        5845       102253     102753     600        2000       1  Right
2   3   500        5903       102253     102754     600        3000       1  Right
1   15  500        5858       102753     103254     601        2000       1  Right
12  1   100        5849       103254     103354     603        800        1  Right
0   8   500        5868       103354     103854     604        1000       1  Right
0   2   500        5880       103854     104354     605        2000       1  Right
1   12  500        5880       104354     104854     606        4000       1  Right
3   2   100        5882       104854     104954     607        600        1  Right
15  1   100        5887       104854     104955     607        400        1  Right
3   12  100        5917       104954     105055     608        100        1  Right
3   12  100        5919       105055     105155     610        100        1  Right
1   15  500        5913       104955     105456     609        2000       1  Right
2   0   100        5914       105456     105556     612        400        1  Right
12  0   100        5917       105556     105656     613        700        1  Left 
12  8   100        5919       105656     105756     614        700        1  Right
0   6   100        5922       105756     105856     614        300        1  Right
0   9   100        5922       105856     105857     615        500        1  Left 
12  1   100        5926       105856     105858     615        800        1  Right
12  3   500        5928       105858     106358     617        500        1  Right
0   2   500        5945       105858     106359     617        2000       1  Right
15  3   100        5941       106358     106459     618        300        1  Left 
8   2   100        5956       106359     106460     619        200        1  Right
1   12  500        5957       106459     106960     620        4000       1  Left 
6   3   100        5955       106960     107060     622        700        1  Right
8   15  100        5956       106960     107061     622        500        1  Right
8   14  100        5956       107061     107161     624        400        1  Right
8   13  100        5956       107161     107261     625        600        1  Right
8   10  100        5956       107261     107361     626        600        1  Right
2   1   100        5971       107361     107461     627        300        1  Right
3   13  500        5958       107261     107762     626        1000       1  Left 
2   0   500        5971       107461     107962     628        2000       1  Right
9   8   100        5963       107962     107963     630        700        1  Left 
13  1   100        5988       107963     108063     631        500        1  Right
3   6   500        5986       107962     108364     630        3500       1  Right
10  8   100        5981       108364     108464     633        600        1  Right
2   8   100        5989       108464     108564     634        200        1  Right
12  6   100        5990       108564     108664     635        600        1  Right
13  8   100        5993       108564     108665     635        600        1  Right
12  1   100        5991       108665     108765     637        800        1  Right
12  0   100        5995       108765     108865     638        700        1  Left 
1   2   500        5992       108765     109265     638        1500       1  Right
14  8   100        5995       109265     109365     640        400        1  Right
1   13  500        6015       109265     109766     640        2500       1  Right
15  8   100        5997       109766     109866     642        500        1  Right
0   6   100        5998       109866     109966     643        300        1  Right
2   0   100        6015       109966     110066     644        400        1  Right
6   1   100        6022       110066     110166     644        200        1  Right
0   4   100        6024       110066     110167     644        200        1  Right
1   12  500        6024       110166     110667     645        4000       1  Right
0   2   100        6025       110667     110767     647        400        1  Right
0   1   100        6026       110767     110867     648        100        1  Right
8   12  100        6048       110767     110868     648        700        1  Right
6   1   500        6027       110868     110869     650        1000       1  Right
0   2   500        6041       110868     110870     650        6000       1  Left 
0   4   100        6067       110870     110970     652        200        1  Right
1   6   500        6063       110869     111370     651        1000       1  Right
13  1   100        6041       111370     111470     654        500        1  Right
8   12  100        6050       111370     111471     654        700        1  Right
13  1   100        6054       111470     111571     655        500        1  Right
13  0   100        6056       111571     111671     657        400        1  Right
12  8   500        6074       111471     111972     656        3500       1  Right
1   13  500        6067       111671     111973     658        2500       1  Right
8   9   500        6118       111972     111974     659        4500       1  Right
1   13  500        6080       111973     112174     660        2500       1  Right
2   0   100        6073       112174     112274     662        400        1  Right
2   1   100        6075       112274     112374     663        300        1  Right
1   2   100        6083       112374     112474     664        300        1  Right
0   8   100        6085       112474     112574     665        200        1  Right
4   1   100        6092       112574     112674     666        300        1  Right
6   0   100        6105       112674     112774     667        300        1  Right
13  1   100        6115       112774     112874     668        500        1  Right
13  8   100        6167       112874     112974     668        600        1  Right
2   3   500        6090       112474     112975     665        3000       1  Right
3   0   100        6124       112975     113075     670        600        1  Left 
0   10  100        6224       113075     113175     671        800        1  Left 
0   11  100        6225       113175     113275     672        100        1  Right
0   12  100        6246       113275     113375     673        700        1  Left 
1   2   500        6097       112975     113475     671        1500       1  Right
8   2   100        6137       113475     113575     675        200        1  Right
8   2   100        6137       113575     113675     676        200        1  Right
1   4   500        6123       113475     113975     675        1500       1  Right
2   1   500        6123       113975     114475     678        1500       1  Right
2   4   100        6124       114475     114575     679        600        1  Right
6   1   500        6137       114575     115075     680        1000       1  Right
1   13  500        6141       115075     115575     681        2500       1  Right
6   12  500        6277       115075     115576     681        3000       1  Right
8   13  500        6208       115575     116076     682        3000       1  Right
1   2   100        6145       116076     116176     684        300        1  Right
0   12  100        6327       116076     116177     684        700        1  Left 
2   1   500        6173       116176     116677     685        1500       1  Right
4   2   500        6165       116677     117177     687        3000       1  Right
2   3   100        6183       117177     117277     688        600        1  Right
1   6   100        6192       117177     117278     688        200        1  Right
3   2   100        6192       117277     117378     689        600        1  Right
8   0   100        6271       117278     117379     690        200        1  Right
3   15  500        6238       117378     117879     691        1500       1  Left 
2   8   500        6186       117379     117880     692        1000       1  Right
1   5   100        6217       117879     117881     693        1200       1  Left 
13  3   100        6245       117881     117981     695        200        1  Left 
2   8   500        6213       117880     117982     694        1000       1  Right
5   1   500        6255       117981     118182     696        6000       1  Left 
11  8   100        6255       118182     118282     698        300        1  Right
10  3   100        6257       118182     118283     698        200        1  Right
8   11  500        6286       118282     118783     699        1500       1  Right
3   10  500        6288       118283     118784     700        1000       1  Right
6   0   500        6299       118783     119284     701        1500       1  Right
1   0   500        6309       119284     119784     703        500        1  Right
2   0   500        6312       119784     120284     704        2000       1  Right
12  1   100        6315       120284     120384     705        800        1  Right
4   0   500        6329       120284     120785     705        1000       1  Right
1   12  500        6346       120384     120885     706        4000       1  Right
11  1   100        6321       120885     120985     708        200        1  Right
2   4   100        6376       120885     120986     708        1000       1  Left 
2   6   100        6377       120986     121086     710        100        1  Right
2   6   100        6399       121086     121186     711        100        1  Right
1   11  500        6357       120985     121486     709        1000       1  Right
10  1   100        6323       121486     121586     713        700        1  Right
11  0   100        6393       121486     121587     713        100        1  Right
1   10  500        6364       121586     122087     714        3500       1  Right
0   2   100        6337       122087     122187     716        400        1  Right
0   8   100        6368       122187     122287     717        200        1  Right
0   5   100        6369       122287     122387     718        500        1  Right
12  1   100        6375       122387     122487     719        800        1  Right
0   2   100        6386       122487     122587     720        400        1  Right
0   15  100        6387       122587     122687     721        300        1  Right
1   12  500        6406       122587     123088     721        4000       1  Right
15  2   100        6397       123088     123188     723        700        1  Right
11  1   100        6404       123188     123288     724        200        1  Right
11  0   100        6406       123288     123388     725        100        1  Right
4   2   500        6410       123188     123689     724        5000       1  Left 
10  0   100        6409       123689     123789     727        800        1  Right
5   1   100        6411       123789     123889     728        400        1  Right
