
533
C:/Users/nxconrad/Desktop/REU 2.0/Benchmark Data/16-core/7/flow_freqmine100#1.txt
759
[12, 5, 15, 0, 14, 11, 1, 13, 9, 6, 2, 4, 8, 3, 7, 10]
8   0   100        0          2          102        0          700        1  Left 
0   8   500        317        319        819        0          3500       1  Left 
8   1   100        376        819        919        1          600        1  Right
1   8   500        678        919        1419       1          3000       1  Right
8   1   100        725        1419       1519       2          600        1  Right
3   0   100        1001       1419       1520       0          600        1  Left 
6   0   100        1002       1520       1620       2          600        1  Right
5   0   100        1003       1620       1720       3          200        1  Right
9   0   100        1003       1720       1820       4          500        1  Right
1   0   100        1004       1820       1920       5          300        1  Right
15  0   100        1004       1920       2020       6          100        1  Right
12  0   100        1005       2020       2120       7          300        1  Right
14  0   100        1006       2120       2220       8          100        1  Right
10  0   100        1006       2220       2320       9          400        1  Left 
11  0   100        1007       2320       2420       10         200        1  Right
1   8   500        1027       1920       2421       6          3000       1  Right
0   15  500        1025       2420       2921       11         500        1  Right
4   0   100        1008       2921       3021       13         800        1  Right
13  0   100        1008       3021       3121       14         400        1  Right
7   0   100        1010       3121       3221       15         500        1  Left 
2   0   100        1012       3221       3321       16         700        1  Right
0   1   500        1025       3321       3821       17         1500       1  Right
0   14  500        1032       3821       4321       18         500        1  Right
0   2   500        1038       4321       4821       19         3500       1  Right
15  0   100        1042       4821       4921       20         100        1  Right
0   13  500        1052       4921       5421       21         2000       1  Right
0   12  500        1052       5421       5921       22         1500       1  Right
1   0   100        1053       5921       6021       23         300        1  Right
14  0   100        1069       6021       6121       24         100        1  Right
1   8   500        1379       6021       6522       24         3000       1  Right
0   4   500        1075       6522       7022       26         4000       1  Right
0   5   500        1075       7022       7522       27         1000       1  Right
8   0   100        1077       7522       7622       28         700        1  Left 
8   1   100        1079       7622       7722       29         600        1  Right
0   11  500        1097       7622       8123       29         1000       1  Right
8   0   100        1080       8123       8223       31         700        1  Left 
2   0   100        1086       8223       8323       32         700        1  Right
0   6   500        1097       8323       8823       33         3000       1  Right
13  0   100        1102       8823       8923       34         400        1  Right
12  0   100        1118       8923       9023       35         300        1  Right
0   10  500        1119       9023       9523       36         2000       1  Left 
0   9   500        1119       9523       10023      37         2500       1  Right
4   0   100        1129       10023      10123      38         800        1  Right
0   7   500        1141       10123      10623      39         2500       1  Left 
5   0   100        1145       10623      10723      40         200        1  Right
11  0   100        1156       10723      10823      41         200        1  Right
6   0   100        1172       10823      10923      42         600        1  Right
10  0   100        1183       10923      11023      43         400        1  Left 
9   0   100        1199       11023      11123      44         500        1  Right
7   0   100        1210       11123      11223      45         500        1  Left 
0   3   500        1319       11223      11723      46         3000       1  Left 
0   1   100        1340       11723      11823      47         300        1  Right
3   1   100        1353       11823      11923      48         700        1  Right
0   7   500        1356       11823      12324      48         2500       1  Left 
0   9   500        1356       12324      12824      50         2500       1  Right
7   1   100        1410       12824      12924      51         800        1  Right
9   1   100        1421       12924      13024      51         200        1  Right
0   10  500        1357       12824      13324      51         2000       1  Left 
0   6   500        1357       13324      13824      54         3000       1  Right
10  1   100        1438       13824      13924      54         900        1  Right
8   6   100        1542       13924      14024      53         300        1  Right
0   11  500        1378       13824      14324      55         1000       1  Right
0   5   500        1378       14324      14824      58         1000       1  Right
0   4   500        1400       14824      15324      59         4000       1  Right
0   12  500        1400       15324      15824      60         1500       1  Right
0   13  500        1422       15824      16324      60         2000       1  Right
0   2   500        1422       16324      16824      61         3500       1  Right
0   14  500        1444       16824      17324      62         500        1  Right
0   1   500        1444       17324      17824      63         1500       1  Right
6   1   100        1449       17824      17924      64         300        1  Right
11  1   100        1455       17924      18024      65         100        1  Right
5   1   100        1466       18024      18124      66         1100       1  Left 
4   1   100        1472       18124      18224      67         500        1  Right
12  1   100        1483       18224      18324      68         1000       1  Left 
0   15  500        1466       17824      18325      64         500        1  Right
13  1   100        1489       18324      18425      69         100        1  Right
0   8   100        1466       18325      18426      70         700        1  Left 
2   1   100        1493       18425      18526      71         400        1  Right
0   8   100        1466       18426      18527      72         700        1  Left 
14  1   100        1504       18526      18627      73         200        1  Right
15  1   100        1512       18627      18727      75         400        1  Right
8   1   100        1546       18727      18827      74         600        1  Right
1   0   500        1612       18827      19327      75         1500       1  Right
1   15  500        1627       19327      19827      75         2000       1  Right
1   14  500        1627       19827      20327      76         1000       1  Right
1   13  500        1628       20327      20827      77         500        1  Right
0   1   100        1631       20827      20927      78         300        1  Right
1   0   100        1633       20927      21027      79         300        1  Right
15  0   100        1651       21027      21127      80         100        1  Right
14  0   100        1657       21127      21227      81         100        1  Right
1   2   500        1640       21027      21527      80         2000       1  Right
1   12  500        1640       21527      22027      83         3000       1  Right
1   4   500        1662       22027      22527      84         2500       1  Right
1   5   500        1662       22527      23027      85         2500       1  Right
13  0   100        1673       23027      23127      86         400        1  Right
2   0   100        1682       23127      23227      87         700        1  Right
12  0   100        1703       23227      23327      88         300        1  Right
4   0   100        1714       23327      23427      89         800        1  Left 
5   0   100        1730       23427      23527      89         200        1  Right
1   11  500        1685       23227      23727      88         500        1  Right
11  0   100        1741       23727      23827      91         200        1  Right
1   6   500        1685       23727      24227      92         1500       1  Right
8   6   100        1841       24227      24327      92         300        1  Right
1   10  500        1707       24227      24727      94         3500       1  Left 
6   0   100        1757       24727      24827      95         1000       1  Left 
10  0   100        1768       24827      24927      96         400        1  Left 
0   6   100        1935       24927      25027      95         1000       1  Left 
0   15  100        1959       25027      25127      96         100        1  Right
1   9   500        1707       24727      25227      96         1000       1  Right
4   1   100        1724       25227      25327      100        500        1  Right
1   7   500        1729       25327      25827      101        4000       1  Right
5   1   100        1730       25827      25927      102        500        1  Right
12  1   100        1735       25927      26027      103        600        1  Right
1   3   500        1740       26027      26527      104        3500       1  Right
13  1   100        1741       26527      26627      105        100        1  Right
9   0   100        1784       26527      26628      105        1100       1  Left 
11  1   100        1741       26627      26728      106        100        1  Right
3   0   100        1786       26628      26729      107        600        1  Left 
2   1   100        1745       26728      26829      108        400        1  Right
3   0   100        1788       26729      26830      109        600        1  Left 
14  1   100        1756       26829      26930      110        200        1  Right
7   0   100        1795       26830      26931      111        500        1  Left 
6   1   100        1757       26930      27031      112        300        1  Right
15  1   100        1764       27031      27131      114        400        1  Right
10  1   100        1768       27131      27231      115        700        1  Left 
9   1   100        1784       27231      27331      116        200        1  Right
7   1   100        1795       27331      27431      117        800        1  Left 
6   8   500        1819       27031      27532      113        1500       1  Right
8   1   100        1847       27532      27632      118        600        1  Right
1   8   500        1848       27632      28132      119        3000       1  Right
1   8   500        1898       28132      28632      120        3000       1  Right
8   0   100        1947       28632      28732      120        700        1  Left 
15  6   100        1967       28732      28832      121        700        1  Right
0   1   100        1968       28832      28932      122        300        1  Right
0   14  100        1970       28932      29032      123        100        1  Right
0   13  100        1991       29032      29132      124        400        1  Right
3   1   100        2125       29132      29232      123        900        1  Left 
6   8   500        2118       28832      29333      121        1500       1  Right
1   6   100        1976       29333      29433      127        300        1  Right
0   2   100        1995       29333      29434      127        900        1  Left 
14  6   100        1984       29433      29534      128        500        1  Right
0   12  100        2026       29434      29535      128        300        1  Right
2   6   100        2008       29534      29635      130        100        1  Right
13  6   100        2009       29635      29735      132        200        1  Right
1   0   500        2024       29535      30036      130        1500       1  Right
0   4   100        2037       30036      30136      133        800        1  Right
0   5   100        2060       30136      30236      134        200        1  Right
1   7   500        2039       30136      30636      134        4000       1  Right
1   9   500        2039       30636      31136      136        1000       1  Right
6   0   500        2232       30636      31137      134        5000       1  Left 
1   10  500        2040       31137      31637      138        3500       1  Left 
1   6   500        2040       31637      32137      139        1500       1  Right
12  6   100        2049       32137      32237      140        700        1  Left 
4   6   100        2068       32237      32337      141        200        1  Right
1   15  500        2062       32137      32638      140        2000       1  Right
1   11  500        2062       32638      33138      143        500        1  Right
0   11  100        2069       33138      33238      144        200        1  Right
6   1   500        2268       33138      33639      142        1500       1  Right
0   6   100        2090       33639      33739      146        1000       1  Left 
5   6   100        2101       33739      33839      147        800        1  Left 
0   10  100        2101       33839      33939      148        400        1  Left 
0   3   100        2107       33939      34039      149        600        1  Left 
1   14  500        2085       33639      34040      146        1000       1  Right
0   9   100        2122       34039      34041      149        1100       1  Left 
1   5   500        2096       34041      34541      152        2500       1  Right
11  6   100        2113       34541      34542      153        1200       1  Left 
0   7   100        2133       34542      34642      153        500        1  Left 
10  6   100        2137       34642      34742      154        600        1  Right
9   6   100        2163       34742      34842      155        100        1  Right
0   3   100        2236       34742      34843      154        600        1  Left 
1   13  500        2096       34541      34942      153        500        1  Right
7   6   100        2177       34843      34944      157        500        1  Right
0   8   100        2410       34944      35044      157        700        1  Left 
0   8   100        2583       35044      35144      156        700        1  Left 
1   2   500        2119       34944      35444      159        2000       1  Right
3   6   100        2254       35444      35544      161        400        1  Right
1   12  500        2119       35444      35944      162        3000       1  Right
1   4   500        2142       35944      36444      164        2500       1  Right
6   15  500        2280       36444      36944      164        3500       1  Right
1   0   100        2310       36944      37044      165        300        1  Right
6   14  500        2313       37044      37544      166        2500       1  Right
1   0   100        2314       37544      37644      167        300        1  Right
15  0   100        2332       37644      37744      167        100        1  Right
15  0   100        2336       37744      37844      168        100        1  Right
14  0   100        2360       37844      37944      169        100        1  Right
6   2   500        2323       37544      38045      166        500        1  Right
1   3   500        2427       37944      38445      168        4500       1  Left 
2   0   100        2361       38445      38545      172        900        1  Left 
6   13  500        2345       38045      38546      171        1000       1  Right
14  0   100        2364       38545      38646      173        100        1  Right
6   12  500        2378       38546      39047      174        3500       1  Left 
2   0   100        2365       39047      39147      176        700        1  Right
13  0   100        2387       39147      39247      177        400        1  Right
13  0   100        2391       39247      39347      178        400        1  Right
12  0   100        2415       39347      39447      179        300        1  Right
12  0   100        2419       39447      39547      179        300        1  Right
8   1   100        2453       39547      39647      179        1000       1  Left 
6   4   500        2400       39147      39648      177        1000       1  Right
1   8   500        2755       39647      40148      180        5000       1  Left 
3   4   100        2455       40148      40248      182        200        1  Right
3   4   100        2756       40248      40348      183        200        1  Right
6   5   500        2422       40148      40648      182        4000       1  Right
4   0   100        2427       40648      40748      185        800        1  Right
4   0   100        2431       40748      40848      186        800        1  Right
5   0   100        2444       40848      40948      187        200        1  Right
5   0   100        2448       40948      41048      188        200        1  Right
14  8   100        2896       41048      41148      189        800        1  Left 
6   11  500        2433       40848      41348      187        2000       1  Right
6   0   100        2463       41348      41448      191        600        1  Right
11  0   100        2465       41448      41548      192        200        1  Right
6   0   100        2467       41548      41648      193        600        1  Right
11  0   100        2469       41648      41748      194        200        1  Right
6   10  500        2488       41648      42149      194        3000       1  Right
10  0   100        2515       42149      42249      196        400        1  Left 
10  0   100        2519       42249      42349      197        400        1  Left 
6   9   500        2510       42149      42649      196        500        1  Right
9   0   100        2532       42649      42749      199        500        1  Right
9   0   100        2536       42749      42849      200        500        1  Right
6   7   500        2521       42649      43149      199        2500       1  Right
7   0   100        2543       43149      43249      202        500        1  Left 
7   0   100        2547       43249      43349      203        500        1  Left 
6   3   500        2554       43149      43650      202        2000       1  Right
0   3   100        2587       43650      43750      205        600        1  Left 
0   14  100        2883       43750      43850      206        100        1  Right
0   14  100        2887       43850      43950      207        100        1  Right
0   1   100        2970       43950      44050      207        300        1  Right
4   3   500        2737       43750      44250      206        1000       1  Right
3   0   100        2757       44250      44350      210        600        1  Left 
8   0   100        2808       44350      44450      211        700        1  Left 
3   0   500        2879       44450      44950      212        3000       1  Left 
14  3   100        2900       44950      45050      213        700        1  Left 
14  1   100        3228       45050      45150      210        200        1  Right
8   0   500        2910       45050      45550      214        3500       1  Left 
8   0   100        2942       45550      45650      215        700        1  Left 
0   8   100        2985       45650      45750      216        700        1  Left 
8   14  500        3041       45750      46250      216        4000       1  Right
4   3   500        3042       46250      46750      217        1000       1  Right
3   2   100        3066       46750      46850      218        300        1  Right
0   3   100        3077       46850      46950      219        600        1  Left 
3   6   100        3095       46950      47050      220        400        1  Right
0   8   500        3125       47050      47550      220        3500       1  Left 
8   0   100        3181       47550      47650      221        700        1  Left 
0   13  100        3185       47650      47750      222        400        1  Right
0   13  100        3189       47750      47850      223        400        1  Right
13  8   100        3203       47850      47950      224        500        1  Right
3   14  500        3192       47850      48350      224        3500       1  Left 
3   14  100        3233       48350      48450      225        700        1  Left 
8   13  500        3244       47950      48451      224        2500       1  Right
13  3   100        3207       48451      48551      228        600        1  Right
1   0   500        3242       48450      48951      226        1500       1  Right
0   1   100        3274       48951      49051      229        300        1  Right
3   13  500        3282       48551      49052      228        3000       1  Right
0   5   100        3498       49051      49152      229        200        1  Right
3   6   100        3358       49052      49152      230        400        1  Right
1   14  500        3515       49051      49552      229        1000       1  Right
13  1   100        3313       49552      49652      233        100        1  Right
0   8   500        3498       49152      49653      231        3500       1  Left 
14  3   100        3251       49653      49753      235        700        1  Left 
0   11  100        3499       49753      49853      235        200        1  Right
14  0   100        3537       49853      49953      236        100        1  Right
1   13  500        3530       49652      50153      233        500        1  Right
2   3   500        3338       49753      50254      235        1500       1  Right
1   0   500        3546       50153      50654      238        1500       1  Right
13  0   100        3557       50654      50754      240        400        1  Right
6   3   500        3377       50254      50755      239        2000       1  Right
3   1   100        3359       50755      50855      242        700        1  Right
5   8   100        3526       50855      50955      243        500        1  Left 
11  3   100        3540       50955      51055      244        800        1  Right
8   5   500        3557       51055      51555      245        2500       1  Left 
8   1   100        3560       51555      51655      246        600        1  Right
0   1   100        3568       51655      51755      247        300        1  Right
0   2   100        3580       51755      51855      248        700        1  Right
1   3   500        3638       51855      52355      249        3500       1  Right
0   1   100        3800       52355      52455      250        300        1  Right
0   7   100        3801       52455      52555      251        500        1  Left 
6   3   500        3640       52355      52855      250        2000       1  Right
3   2   100        3676       52855      52955      253        300        1  Right
1   8   100        3808       52955      52956      254        600        1  Right
3   11  500        3827       52955      52957      253        4000       1  Left 
8   1   500        3862       52956      53057      254        3000       1  Right
7   3   100        3841       52957      53058      255        100        1  Right
1   0   500        3840       53057      53558      256        1500       1  Right
2   0   500        3857       53558      54058      258        3500       1  Right
0   3   100        3863       54058      54158      259        600        1  Left 
0   14  100        3868       54158      54258      260        100        1  Right
3   11  100        3877       54258      54259      261        800        1  Left 
11  3   100        3890       54259      54260      262        800        1  Left 
1   8   500        3870       54058      54361      259        3000       1  Right
14  1   100        3881       54361      54461      264        200        1  Right
8   0   100        3924       54461      54561      265        900        1  Right
3   7   500        3916       54260      54761      263        500        1  Right
0   8   500        3980       54561      55062      266        4500       1  Right
0   15  100        4102       55062      55162      268        100        1  Right
2   3   500        3948       55062      55562      268        1500       1  Right
3   6   100        3975       55562      55662      270        400        1  Right
3   5   100        4000       55662      55663      271        400        1  Left 
8   0   100        4042       55662      55664      271        900        1  Right
8   1   100        4044       55664      55764      273        600        1  Right
1   3   100        4096       55764      55864      274        700        1  Right
0   1   100        4104       55864      55964      275        300        1  Right
15  8   100        4110       55864      55965      275        600        1  Left 
3   1   100        4109       55965      56065      277        700        1  Right
1   3   100        4113       56065      56165      278        700        1  Right
3   0   100        4139       56165      56265      279        600        1  Left 
1   8   500        4135       56165      56665      279        3000       1  Right
3   0   500        4155       56265      56766      280        3000       1  Left 
0   3   100        4157       56766      56866      282        600        1  Left 
4   8   500        4224       56665      57165      281        500        1  Right
1   14  500        4153       56665      57166      281        1000       1  Right
0   13  100        4171       57166      57266      285        400        1  Right
1   14  100        4223       57266      57366      286        200        1  Right
1   0   100        4240       57366      57466      287        300        1  Right
8   15  500        4161       57165      57666      284        3000       1  Left 
8   4   100        4188       57666      57766      289        100        1  Right
1   0   500        4243       57466      57967      288        1500       1  Right
6   3   500        4257       57766      58267      290        2000       1  Right
1   13  500        4252       57967      58468      291        500        1  Right
1   0   100        4253       58468      58568      293        300        1  Right
5   3   500        4283       58267      58768      292        2000       1  Left 
1   0   500        4296       58568      59069      294        1500       1  Right
3   1   500        4188       59069      59569      296        3500       1  Right
13  1   100        4189       59569      59669      297        100        1  Right
0   1   100        4222       59669      59769      298        300        1  Right
14  1   100        4231       59769      59869      299        200        1  Right
0   8   100        4268       59769      59870      299        700        1  Left 
0   1   100        4275       59870      59970      301        300        1  Right
1   3   100        4298       59970      60070      302        700        1  Right
3   1   100        4307       60070      60170      303        700        1  Right
0   6   100        4316       60170      60270      304        600        1  Right
0   1   100        4317       60270      60370      305        300        1  Right
8   1   100        4324       60370      60470      305        600        1  Right
8   5   100        4324       60470      60570      306        500        1  Left 
8   15  100        4324       60570      60670      307        600        1  Left 
8   14  100        4324       60670      60770      308        800        1  Right
8   13  100        4324       60770      60870      309        500        1  Right
1   8   100        4333       60870      60970      310        600        1  Right
5   8   100        4345       60970      61070      311        500        1  Left 
1   0   500        4340       60970      61470      311        1500       1  Right
1   8   100        4362       61470      61570      313        600        1  Right
13  8   100        4364       61570      61670      314        500        1  Right
14  8   100        4366       61670      61770      315        800        1  Right
15  8   100        4368       61770      61870      316        600        1  Left 
8   1   100        4371       61870      61970      317        600        1  Right
15  3   100        4415       61870      61971      317        500        1  Left 
0   8   100        4385       61970      62071      318        900        1  Right
0   2   100        4404       62071      62171      320        700        1  Right
0   15  100        4406       62171      62271      321        100        1  Right
2   8   100        4417       62171      62272      321        200        1  Right
1   3   500        4422       62271      62772      322        4500       1  Left 
4   8   500        4476       62272      62773      323        500        1  Right
6   3   100        4454       62772      62873      324        1200       1  Left 
8   0   100        4419       62873      62973      326        700        1  Left 
8   6   100        4428       62973      63073      327        300        1  Right
3   0   100        4450       62973      63074      327        600        1  Left 
8   4   100        4440       63073      63174      328        100        1  Right
8   6   100        4441       63174      63274      330        300        1  Right
8   0   100        4463       63274      63275      331        900        1  Right
8   2   100        4515       63275      63375      332        200        1  Right
3   15  500        4451       63074      63476      329        2500       1  Left 
8   2   500        4570       63375      63876      333        1000       1  Right
0   3   500        4462       63476      63977      334        3000       1  Left 
3   6   100        4472       63977      64077      336        400        1  Right
15  1   100        4494       63977      64078      336        400        1  Right
8   6   100        4606       64077      64178      337        300        1  Right
0   3   500        4481       64078      64579      338        3000       1  Left 
0   8   500        4506       64579      65079      340        3500       1  Left 
3   0   100        4512       65079      65179      341        600        1  Left 
3   5   100        4588       65179      65279      342        400        1  Left 
6   8   500        4513       65079      65580      341        1500       1  Right
1   15  500        4520       65179      65680      342        2000       1  Right
15  0   100        4547       65680      65780      345        100        1  Right
2   8   500        4561       65580      66081      344        1000       1  Right
1   2   100        4581       66081      66181      347        400        1  Right
0   3   500        4552       65780      66281      346        3000       1  Left 
1   8   100        4646       66181      66282      348        600        1  Right
0   1   100        4552       66282      66382      350        300        1  Right
0   1   100        4573       66382      66482      351        300        1  Right
3   1   500        4594       66482      66982      352        3500       1  Right
2   0   100        4602       66982      67082      353        700        1  Right
6   0   500        4613       67082      67582      354        3000       1  Right
0   2   100        4622       67582      67682      355        700        1  Right
0   1   100        4625       67682      67782      356        300        1  Right
2   1   500        4648       67782      68282      357        2000       1  Right
0   1   100        4661       68282      68382      358        300        1  Right
2   3   100        4722       68282      68383      358        300        1  Right
1   8   100        4679       68383      68483      360        600        1  Right
1   0   500        4682       68483      68983      361        1500       1  Right
6   8   500        4720       68483      68984      361        1500       1  Right
12  8   100        4729       68984      69084      363        400        1  Left 
1   0   500        4722       68983      69484      362        1500       1  Right
8   1   100        4684       69484      69584      365        600        1  Right
0   1   100        4701       69584      69684      366        300        1  Right
0   12  100        4706       69684      69784      367        300        1  Right
8   1   500        4730       69684      70185      367        3000       1  Right
0   2   100        4708       70185      70285      369        700        1  Right
8   12  500        4765       70185      70686      369        2000       1  Left 
1   0   500        4735       70285      70786      370        1500       1  Right
3   2   500        4743       70686      71187      371        1500       1  Right
8   1   100        4768       71187      71287      373        600        1  Right
2   1   100        4768       71287      71387      374        400        1  Right
0   1   100        4789       71387      71487      375        300        1  Right
0   15  100        4855       71487      71587      375        100        1  Right
1   2   500        4789       71487      71987      376        2000       1  Right
2   0   100        4810       71987      72087      378        700        1  Right
1   8   100        4810       72087      72187      379        600        1  Right
2   1   100        4821       72187      72287      379        400        1  Right
2   0   100        4823       72287      72387      380        700        1  Right
1   3   100        4827       72387      72487      381        700        1  Right
3   1   100        4840       72487      72587      382        700        1  Right
1   2   500        4842       72587      73087      383        2000       1  Right
5   3   500        4865       72587      73088      383        2000       1  Left 
8   1   100        4848       73087      73188      384        600        1  Right
15  1   100        4863       73188      73288      386        400        1  Right
2   1   100        4864       73288      73388      387        400        1  Right
1   8   500        4866       73388      73888      388        3000       1  Right
1   0   100        4873       73888      73988      389        300        1  Right
2   3   100        4908       73888      73989      389        300        1  Right
1   8   100        4875       73989      74089      391        600        1  Right
3   1   100        4910       74089      74189      392        900        1  Left 
3   1   100        4910       74189      74289      393        900        1  Left 
6   8   500        4883       74089      74589      392        1500       1  Right
12  8   100        4960       74589      74689      394        400        1  Left 
12  3   100        5035       74689      74789      395        300        1  Left 
1   2   500        4885       74589      75089      395        2000       1  Right
2   8   100        4967       75089      75189      397        200        1  Right
1   15  500        4889       75089      75589      398        2000       1  Right
1   0   500        4899       75589      76089      400        1500       1  Right
1   6   100        4903       76089      76189      401        300        1  Right
1   0   100        4908       76189      76289      402        300        1  Right
8   0   100        4931       76289      76389      402        700        1  Left 
8   2   100        4931       76389      76489      403        200        1  Right
0   6   100        4958       76389      76490      403        600        1  Right
8   12  100        4931       76489      76590      404        400        1  Left 
0   1   100        4962       76490      76591      405        300        1  Right
8   2   100        4932       76590      76691      406        200        1  Right
1   0   500        4983       76591      77092      407        1500       1  Right
0   8   100        4974       77092      77192      409        700        1  Left 
2   8   500        4986       77192      77692      410        1000       1  Right
6   0   500        5006       77192      77693      410        3000       1  Right
0   4   100        5006       77693      77793      412        800        1  Right
0   4   100        5008       77793      77893      413        800        1  Right
0   12  100        5010       77893      77993      414        300        1  Right
8   1   100        5030       77893      77994      414        600        1  Right
8   6   100        5039       77994      78094      416        300        1  Right
3   12  500        5056       77993      78494      415        1500       1  Left 
8   5   100        5064       78494      78495      418        500        1  Left 
4   0   500        5042       78094      78496      417        4000       1  Right
4   8   100        5043       78496      78596      420        100        1  Right
12  1   100        5081       78496      78597      420        600        1  Right
8   1   100        5089       78597      78697      422        600        1  Right
12  0   100        5143       78597      78698      422        300        1  Right
8   4   500        5186       78697      79198      423        500        1  Right
1   12  500        5112       78698      79199      424        3000       1  Right
0   2   100        5137       79199      79299      426        700        1  Right
0   2   100        5157       79299      79399      427        700        1  Right
5   8   500        5095       79199      79699      426        2500       1  Left 
1   8   500        5127       79699      80199      429        3000       1  Right
12  1   100        5154       80199      80299      430        600        1  Right
2   8   100        5182       80199      80300      430        200        1  Right
12  0   100        5156       80299      80400      431        300        1  Right
0   1   100        5185       80400      80500      433        300        1  Right
3   2   500        5190       80300      80801      432        1500       1  Right
1   12  500        5185       80500      81001      434        3000       1  Right
8   2   500        5228       80801      81302      435        1000       1  Right
1   3   500        5187       81001      81502      436        4500       1  Left 
1   3   500        5198       81502      82002      438        3500       1  Right
14  8   100        5201       82002      82003      439        800        1  Right
3   0   100        5219       82002      82004      439        600        1  Left 
3   0   100        5235       82004      82104      441        600        1  Left 
6   1   500        5210       82003      82504      440        1500       1  Right
8   14  500        5247       82104      82605      442        4000       1  Left 
12  1   100        5217       82605      82705      444        600        1  Right
0   1   100        5229       82705      82805      445        300        1  Right
12  8   100        5279       82705      82806      445        400        1  Left 
0   4   100        5258       82805      82807      446        800        1  Right
8   5   100        5315       82806      82808      447        500        1  Left 
0   6   100        5259       82807      82908      448        600        1  Right
12  3   100        5350       82808      82909      449        300        1  Left 
3   15  100        5371       82909      82910      451        500        1  Left 
4   0   500        5294       82908      83310      450        4000       1  Right
13  8   100        5307       83310      83410      453        500        1  Right
1   12  500        5248       83310      83810      453        3000       1  Right
1   0   100        5297       83810      83910      455        300        1  Right
6   8   500        5316       83410      83911      454        1500       1  Right
0   1   500        5318       83910      84411      456        1500       1  Right
8   12  500        5315       83911      84412      457        2000       1  Left 
0   6   100        5318       84411      84512      458        600        1  Right
0   4   100        5318       84512      84513      460        800        1  Right
0   2   100        5333       84513      84613      461        700        1  Right
1   0   100        5339       84613      84713      462        300        1  Right
2   1   100        5342       84713      84813      463        400        1  Right
5   8   500        5346       84412      84814      459        2500       1  Left 
0   1   500        5360       84813      85314      464        1500       1  Right
8   13  500        5348       84814      85315      465        2500       1  Right
3   14  100        5371       85314      85415      466        700        1  Left 
4   3   100        5355       85415      85515      468        200        1  Right
15  8   100        5363       85515      85615      469        600        1  Left 
1   2   500        5363       85315      85816      467        2000       1  Right
2   0   500        5361       85816      86316      471        3500       1  Right
6   8   100        5365       86316      86317      472        300        1  Right
3   13  100        5371       86316      86318      472        1000       1  Left 
2   0   100        5386       86318      86418      474        700        1  Right
3   12  100        5430       86318      86419      473        300        1  Left 
2   8   100        5388       86418      86518      475        200        1  Right
0   6   100        5386       86418      86519      475        600        1  Right
13  3   100        5390       86519      86619      478        600        1  Right
1   0   100        5405       86519      86620      478        300        1  Right
14  3   100        5392       86620      86720      480        700        1  Left 
15  3   100        5394       86720      86820      481        500        1  Left 
8   6   500        5391       86619      87120      479        1500       1  Right
2   1   100        5395       87120      87220      483        400        1  Right
8   1   100        5396       87220      87320      484        600        1  Right
8   1   100        5396       87320      87420      485        600        1  Right
8   15  500        5414       87420      87920      486        3000       1  Left 
1   2   500        5416       87420      87921      486        2000       1  Right
6   8   100        5454       87921      88021      487        300        1  Right
4   8   100        5461       88021      88121      488        100        1  Right
0   1   500        5426       87921      88421      487        1500       1  Right
8   1   100        5435       88421      88521      490        600        1  Right
8   4   100        5435       88521      88621      491        100        1  Right
8   6   100        5435       88621      88721      492        300        1  Right
8   15  100        5435       88721      88821      493        600        1  Left 
2   6   100        5436       88721      88822      493        100        1  Right
8   14  100        5435       88821      88922      494        800        1  Left 
2   1   100        5437       88822      88923      495        400        1  Right
8   13  100        5435       88923      88924      497        500        1  Right
3   1   100        5469       88923      88925      497        900        1  Left 
8   12  100        5435       88925      89025      499        400        1  Left 
2   0   100        5441       88925      89026      499        700        1  Right
1   0   100        5453       89026      89126      501        300        1  Right
1   3   100        5453       89126      89226      502        700        1  Right
0   12  100        5466       89126      89227      502        300        1  Right
1   3   100        5456       89226      89327      503        700        1  Right
0   12  100        5480       89227      89328      504        300        1  Right
1   2   500        5460       89327      89828      505        2000       1  Right
0   3   500        5528       89328      89829      506        3000       1  Left 
1   8   100        5473       89828      89929      507        600        1  Right
3   1   100        5472       89929      90029      509        700        1  Right
12  8   100        5476       90029      90129      510        400        1  Left 
1   4   100        5479       90029      90130      510        500        1  Right
13  8   100        5478       90130      90230      512        500        1  Right
14  8   100        5480       90230      90330      513        800        1  Right
15  8   100        5482       90330      90430      514        600        1  Left 
4   1   500        5510       90330      90831      514        2500       1  Right
1   8   500        5495       90831      91331      516        3000       1  Right
1   8   500        5498       91331      91831      517        3000       1  Right
12  2   100        5503       91831      91931      518        600        1  Left 
0   1   100        5586       91831      91932      518        300        1  Right
2   12  500        5529       91931      92432      519        3000       1  Left 
8   2   100        5533       92432      92532      521        200        1  Right
8   0   100        5543       92532      92632      522        700        1  Left 
4   1   100        5666       92532      92633      522        500        1  Right
12  8   100        5565       92632      92733      523        400        1  Left 
15  8   100        5573       92733      92833      525        600        1  Left 
15  3   100        5577       92833      92933      526        500        1  Left 
6   0   500        5558       92633      93134      524        3000       1  Right
12  3   500        5621       92933      93434      527        1500       1  Left 
5   3   100        5674       93434      93435      529        400        1  Left 
0   8   500        5615       93134      93536      528        4500       1  Right
3   0   100        5559       93536      93636      531        600        1  Left 
3   12  100        5613       93636      93736      532        300        1  Left 
0   5   100        5620       93636      93737      532        200        1  Right
0   10  100        5620       93737      93837      534        400        1  Left 
5   1   100        5760       93837      93937      535        500        1  Right
2   8   500        5634       93536      94037      531        1000       1  Right
8   0   100        5559       94037      94137      537        700        1  Left 
8   2   100        5601       94137      94237      538        200        1  Right
1   0   500        5607       94137      94638      538        1500       1  Right
3   4   500        5631       94237      94738      539        1000       1  Right
0   2   100        5640       94638      94739      540        700        1  Right
3   15  500        5650       94738      95239      541        2500       1  Left 
2   0   500        5667       94739      95240      542        3500       1  Right
10  8   100        5682       95239      95340      543        300        1  Right
6   0   500        5683       95240      95741      544        3000       1  Right
8   12  500        5699       95340      95841      545        2000       1  Left 
0   2   100        5694       95741      95842      546        700        1  Right
0   2   100        5699       95842      95843      548        700        1  Right
8   15  500        5700       95841      96243      547        3000       1  Left 
1   4   500        5699       95843      96344      549        2500       1  Right
8   10  500        5708       96243      96744      550        1500       1  Right
3   4   100        5700       96744      96844      552        200        1  Right
6   2   500        5723       96344      96845      551        500        1  Right
4   3   100        5708       96844      96945      553        200        1  Right
0   2   100        5755       96845      96946      554        700        1  Right
1   4   100        5731       96946      97046      556        500        1  Right
1   6   100        5732       97046      97146      557        300        1  Right
4   0   100        5733       97146      97246      558        800        1  Right
14  8   100        5744       97246      97346      559        800        1  Right
3   5   500        5729       96945      97446      555        2000       1  Left 
2   1   100        5761       97346      97447      560        400        1  Right
12  3   100        5731       97446      97547      561        300        1  Left 
13  8   100        5833       97447      97547      562        500        1  Right
0   1   100        5761       97447      97548      562        300        1  Right
3   15  100        5752       97547      97648      563        500        1  Left 
14  3   100        5748       97648      97748      565        700        1  Left 
4   1   500        5762       97548      97749      564        2500       1  Right
1   6   100        5769       97749      97849      567        300        1  Right
8   14  500        5790       97748      97949      566        4000       1  Left 
3   12  100        5811       97949      98049      569        300        1  Left 
8   0   100        5812       98049      98149      570        700        1  Left 
1   2   500        5782       97849      98350      568        2000       1  Right
15  1   100        5765       98350      98450      572        400        1  Right
15  3   100        5775       98450      98550      573        500        1  Left 
0   3   100        5783       98550      98650      574        600        1  Left 
8   13  500        5874       98350      98651      572        2500       1  Right
12  3   500        5825       98650      98950      575        1500       1  Left 
1   15  500        5791       98650      98951      575        2000       1  Right
12  3   100        5829       98950      99051      577        300        1  Left 
1   2   100        5796       98951      99052      578        400        1  Right
2   1   100        5801       99052      99152      580        400        1  Right
3   2   100        5812       99152      99252      581        300        1  Right
3   12  100        5813       99252      99352      582        300        1  Left 
13  3   100        5837       99352      99452      583        600        1  Right
1   5   500        5804       99152      99652      581        2500       1  Right
6   1   500        5810       99652      100152     585        1500       1  Right
0   3   500        5851       99652      100153     585        3000       1  Left 
1   2   500        5822       100152     100653     586        2000       1  Right
3   14  500        5854       100153     100654     587        3500       1  Left 
1   6   100        5845       100653     100754     588        300        1  Right
3   14  100        5857       100654     100755     589        700        1  Left 
15  1   100        5819       100755     100855     591        400        1  Right
2   1   500        5825       100855     101355     592        2000       1  Right
0   8   500        5868       100855     101356     592        3500       1  Left 
15  1   100        5832       101356     101456     594        400        1  Right
15  0   100        5834       101456     101556     595        100        1  Right
12  1   100        5849       101456     101557     595        1000       1  Left 
5   0   100        5844       101556     101657     596        200        1  Right
14  3   100        5886       101557     101658     597        900        1  Right
2   0   100        5845       101658     101758     599        700        1  Right
1   15  500        5845       101758     102258     600        2000       1  Right
2   3   500        5903       101758     102259     600        1500       1  Right
1   15  500        5858       102258     102759     601        2000       1  Right
0   2   500        5880       102759     103259     603        3500       1  Right
3   2   100        5882       103259     103359     604        300        1  Right
1   12  500        5880       103259     103759     604        3000       1  Right
15  1   100        5887       103759     103859     606        400        1  Right
3   12  100        5917       103759     103860     606        300        1  Left 
3   12  100        5919       103860     103960     608        300        1  Left 
1   15  500        5913       103859     104360     607        2000       1  Right
2   0   100        5914       104360     104460     610        700        1  Right
12  0   100        5917       104460     104560     611        300        1  Right
12  8   100        5919       104560     104660     612        400        1  Left 
0   6   100        5922       104560     104661     611        600        1  Right
0   9   100        5922       104661     104761     613        500        1  Right
12  1   100        5926       104761     104861     614        600        1  Right
9   8   100        5963       104761     104862     614        400        1  Right
12  3   500        5928       104861     105362     615        1500       1  Left 
0   2   500        5945       104862     105363     616        3500       1  Right
15  3   100        5941       105362     105463     617        500        1  Left 
8   2   100        5956       105363     105464     618        200        1  Right
6   3   100        5955       105463     105564     619        1200       1  Left 
8   15  100        5956       105564     105664     621        600        1  Left 
2   1   100        5971       105564     105665     621        400        1  Right
8   14  100        5956       105664     105765     622        800        1  Left 
13  1   100        5988       105665     105766     623        100        1  Right
2   0   500        5971       105765     106266     624        4500       1  Left 
8   13  100        5956       106266     106366     626        500        1  Right
8   10  100        5956       106366     106466     627        300        1  Right
1   12  500        5957       106266     106767     626        3000       1  Right
3   13  500        5958       106466     106967     628        3000       1  Right
10  8   100        5981       106967     107067     630        300        1  Right
1   2   500        5992       106967     107468     630        2000       1  Right
3   6   500        5986       107468     107968     632        2000       1  Right
1   13  500        6015       107468     107969     632        500        1  Right
2   8   100        5989       107968     108069     633        200        1  Right
12  6   100        5990       107969     108070     634        900        1  Right
12  1   100        5991       108070     108170     636        600        1  Right
13  8   100        5993       108070     108171     636        500        1  Right
12  0   100        5995       108170     108271     637        300        1  Right
14  8   100        5995       108171     108272     638        800        1  Right
15  8   100        5997       108272     108372     640        600        1  Left 
0   6   100        5998       108272     108373     640        600        1  Right
2   0   100        6015       108373     108473     642        700        1  Right
6   1   100        6022       108473     108573     642        300        1  Right
0   4   100        6024       108573     108673     643        800        1  Right
0   2   100        6025       108673     108773     644        700        1  Right
12  8   500        6074       108372     108873     640        2000       1  Left 
0   1   100        6026       108773     108874     645        300        1  Right
1   12  500        6024       108874     109374     647        3000       1  Right
6   1   500        6027       109374     109874     648        1500       1  Right
0   2   500        6041       109374     109875     648        4500       1  Left 
13  1   100        6041       109874     109975     649        100        1  Right
8   12  100        6048       109875     109976     650        400        1  Left 
13  1   100        6054       109975     110076     651        100        1  Right
8   12  100        6050       109976     110077     652        400        1  Left 
13  0   100        6056       110076     110177     653        400        1  Right
8   9   500        6118       110077     110578     654        2000       1  Right
0   4   100        6067       110578     110678     656        800        1  Left 
2   0   100        6073       110678     110778     657        900        1  Left 
0   8   100        6085       110778     110878     658        700        1  Left 
0   10  100        6224       110878     110978     658        400        1  Left 
1   6   500        6063       110578     111078     656        1500       1  Right
0   11  100        6225       110978     111079     659        200        1  Right
6   0   100        6105       111079     111179     662        1000       1  Left 
3   0   100        6124       111179     111279     662        600        1  Left 
0   12  100        6246       111279     111379     663        300        1  Right
1   13  500        6067       111078     111579     661        500        1  Right
2   1   100        6075       111579     111679     666        400        1  Right
1   13  500        6080       111679     112179     667        500        1  Right
2   3   500        6090       111679     112180     667        1500       1  Right
1   2   100        6083       112180     112280     669        400        1  Right
4   1   100        6092       112280     112380     670        500        1  Right
1   2   500        6097       112380     112880     671        2000       1  Right
13  1   100        6115       112880     112980     672        100        1  Right
8   2   100        6137       112880     112981     671        200        1  Right
1   4   500        6123       112981     113481     673        2500       1  Right
2   1   500        6123       113481     113981     674        2000       1  Right
2   4   100        6124       113981     114081     675        100        1  Right
8   2   100        6137       114081     114181     676        200        1  Right
6   1   500        6137       113981     114482     675        1500       1  Right
1   13  500        6141       114482     114982     678        500        1  Right
6   12  500        6277       114482     114983     678        3500       1  Left 
1   2   100        6145       114983     115083     680        400        1  Right
0   12  100        6327       114983     115084     680        300        1  Right
1   6   100        6192       115083     115183     681        300        1  Right
13  8   100        6167       115183     115283     683        1100       1  Left 
4   2   500        6165       115083     115584     681        500        1  Right
8   13  500        6208       115283     115784     684        5500       1  Left 
8   0   100        6271       115784     115884     686        700        1  Left 
2   1   500        6173       115784     115885     686        2000       1  Right
8   11  500        6286       115884     115986     687        4500       1  Left 
2   3   100        6183       115986     116086     689        300        1  Right
1   5   100        6217       115986     116087     689        500        1  Right
13  3   100        6245       116087     116187     691        1000       1  Left 
10  3   100        6257       116187     116287     692        200        1  Right
2   8   500        6186       116086     116587     690        1000       1  Right
3   2   100        6192       116587     116687     694        300        1  Right
5   1   500        6255       116187     116688     692        2500       1  Right
2   8   500        6213       116687     116689     695        1000       1  Right
6   0   500        6299       116688     116689     696        3000       1  Right
3   15  500        6238       116688     116690     696        2500       1  Left 
11  8   100        6255       116689     116790     697        700        1  Right
3   10  500        6288       116690     117191     698        1000       1  Right
1   0   500        6309       116790     117291     699        1500       1  Right
2   0   500        6312       117291     117791     701        3500       1  Right
12  1   100        6315       117791     117891     702        600        1  Right
2   4   100        6376       117791     117892     702        100        1  Right
11  1   100        6321       117891     117992     703        100        1  Right
2   6   100        6377       117892     117992     704        100        1  Right
2   6   100        6399       117992     118092     705        100        1  Right
4   0   500        6329       117892     118393     704        4000       1  Left 
10  1   100        6323       118393     118493     707        700        1  Left 
0   2   100        6337       118493     118593     708        700        1  Right
1   12  500        6346       118593     119093     709        3000       1  Right
0   8   100        6368       119093     119193     710        700        1  Left 
0   5   100        6369       119193     119293     711        200        1  Right
0   2   100        6386       119293     119393     712        900        1  Left 
0   15  100        6387       119393     119493     713        100        1  Right
1   11  500        6357       119093     119593     710        500        1  Right
15  2   100        6397       119493     119594     714        800        1  Left 
11  0   100        6393       119593     119694     715        200        1  Right
1   10  500        6364       119594     120095     716        4500       1  Right
12  1   100        6375       120095     120195     718        600        1  Right
11  1   100        6404       120195     120295     719        100        1  Right
11  0   100        6406       120295     120395     720        200        1  Right
4   2   500        6410       120095     120596     718        500        1  Right
1   12  500        6406       120395     120896     721        3000       1  Right
10  0   100        6409       120896     120996     723        400        1  Left 
5   1   100        6411       120996     121096     724        500        1  Right
