
541
C:/Users/nxconrad/Desktop/REU 2.0/Benchmark Data/16-core/7/flow_freqmine100#1.txt
759
[5, 1, 4, 10, 14, 0, 6, 2, 3, 13, 8, 12, 15, 11, 7, 9]
8   0   100        0          2          102        0          500        1  Right
0   8   500        317        319        819        0          2500       1  Right
8   1   100        376        819        919        1          700        1  Left 
1   8   500        678        919        1419       1          3500       1  Left 
8   1   100        725        1419       1519       2          700        1  Left 
3   0   100        1001       1419       1520       0          300        1  Right
6   0   100        1002       1520       1620       2          100        1  Right
5   0   100        1003       1620       1720       3          500        1  Right
9   0   100        1003       1720       1820       4          600        1  Left 
1   0   100        1004       1820       1920       5          400        1  Right
15  0   100        1004       1920       2020       6          700        1  Right
12  0   100        1005       2020       2120       7          600        1  Right
14  0   100        1006       2120       2220       8          100        1  Right
10  0   100        1006       2220       2320       9          200        1  Right
1   8   500        1027       2120       2621       8          3500       1  Left 
11  0   100        1007       2621       2721       11         800        1  Right
4   0   100        1008       2721       2821       12         300        1  Right
13  0   100        1008       2821       2921       13         400        1  Right
7   0   100        1010       2921       3021       14         700        1  Left 
2   0   100        1012       3021       3121       15         200        1  Right
0   15  500        1025       3121       3621       16         3500       1  Right
0   1   500        1025       3621       4121       17         2000       1  Right
0   14  500        1032       4121       4621       18         500        1  Right
0   2   500        1038       4621       5121       19         1000       1  Right
15  0   100        1042       5121       5221       20         700        1  Right
0   13  500        1052       5221       5721       21         2000       1  Right
0   12  500        1052       5721       6221       22         3000       1  Right
1   0   100        1053       6221       6321       23         400        1  Right
14  0   100        1069       6321       6421       24         100        1  Right
1   8   500        1379       6321       6822       24         3500       1  Left 
0   4   500        1075       6421       6922       25         1500       1  Right
0   5   500        1075       6922       7422       27         2500       1  Right
8   0   100        1077       7422       7522       28         500        1  Right
8   1   100        1079       7522       7622       29         700        1  Left 
8   0   100        1080       7622       7722       30         500        1  Right
2   0   100        1086       7722       7822       31         200        1  Right
0   11  500        1097       7822       8322       32         4000       1  Right
0   6   500        1097       8322       8822       33         500        1  Right
13  0   100        1102       8822       8922       34         400        1  Right
12  0   100        1118       8922       9022       35         600        1  Right
0   10  500        1119       9022       9522       36         1000       1  Right
0   9   500        1119       9522       10022      37         3000       1  Left 
4   0   100        1129       10022      10122      38         300        1  Right
0   7   500        1141       10122      10622      39         3500       1  Left 
5   0   100        1145       10622      10722      40         500        1  Right
11  0   100        1156       10722      10822      41         800        1  Right
6   0   100        1172       10822      10922      42         100        1  Right
10  0   100        1183       10922      11022      43         200        1  Right
9   0   100        1199       11022      11122      44         600        1  Left 
7   0   100        1210       11122      11222      45         700        1  Left 
0   3   500        1319       11222      11722      46         1500       1  Right
0   1   100        1340       11722      11822      47         400        1  Right
3   1   100        1353       11822      11922      48         700        1  Right
0   7   500        1356       11922      12422      49         3500       1  Left 
0   9   500        1356       12422      12922      50         3000       1  Left 
7   1   100        1410       12922      13022      51         300        1  Left 
9   1   100        1421       13022      13122      51         200        1  Left 
0   10  500        1357       12922      13422      51         1000       1  Right
10  1   100        1438       13422      13522      53         200        1  Right
0   6   500        1357       13422      13922      54         500        1  Right
0   11  500        1378       13922      14422      56         4000       1  Right
8   6   100        1542       14422      14522      54         400        1  Right
0   5   500        1378       14422      14922      57         2500       1  Right
0   4   500        1400       14922      15422      59         1500       1  Right
0   12  500        1400       15422      15922      60         3000       1  Right
0   13  500        1422       15922      16422      60         2000       1  Right
0   2   500        1422       16422      16922      61         1000       1  Right
0   14  500        1444       16922      17422      62         500        1  Right
0   1   500        1444       17422      17922      63         2000       1  Right
6   1   100        1449       17922      18022      64         500        1  Right
11  1   100        1455       18022      18122      65         400        1  Left 
5   1   100        1466       18122      18222      66         100        1  Right
4   1   100        1472       18222      18322      67         100        1  Right
0   15  500        1466       18022      18523      65         3500       1  Right
0   8   100        1466       18523      18623      69         500        1  Right
12  1   100        1483       18523      18624      69         600        1  Left 
0   8   100        1466       18623      18724      70         500        1  Right
13  1   100        1489       18724      18824      72         800        1  Right
2   1   100        1493       18824      18924      73         600        1  Right
14  1   100        1504       18924      19024      74         300        1  Right
15  1   100        1512       19024      19124      75         500        1  Left 
8   1   100        1546       19124      19224      74         700        1  Left 
1   0   500        1612       19224      19724      75         2000       1  Right
1   15  500        1627       19724      20224      75         2500       1  Left 
1   14  500        1627       20224      20724      76         1500       1  Right
1   13  500        1628       20724      21224      77         4000       1  Right
0   1   100        1631       21224      21324      78         400        1  Right
1   0   100        1633       21324      21424      79         400        1  Right
1   2   500        1640       21424      21924      80         3000       1  Right
1   12  500        1640       21924      22424      81         3000       1  Left 
15  0   100        1651       22424      22524      82         700        1  Right
14  0   100        1657       22524      22624      83         100        1  Right
13  0   100        1673       22624      22724      84         400        1  Right
2   0   100        1682       22724      22824      85         200        1  Right
12  0   100        1703       22824      22924      86         600        1  Right
1   4   500        1662       22424      22925      82         500        1  Right
4   0   100        1714       22925      23025      88         300        1  Right
1   5   500        1662       22925      23425      88         500        1  Right
1   11  500        1685       23425      23925      90         2000       1  Left 
1   6   500        1685       23925      24425      91         2500       1  Right
5   0   100        1730       24425      24426      91         1100       1  Left 
11  0   100        1741       24426      24526      92         800        1  Right
6   0   100        1757       24526      24626      93         100        1  Right
8   6   100        1841       24626      24726      93         400        1  Right
1   10  500        1707       24425      24826      92         1000       1  Right
0   6   100        1935       24726      24827      93         100        1  Right
10  0   100        1768       24827      24927      97         200        1  Right
0   15  100        1959       24927      25027      96         700        1  Right
1   9   500        1707       24826      25327      97         1000       1  Left 
4   1   100        1724       25327      25427      100        100        1  Right
9   0   100        1784       25327      25428      100        1000       1  Right
5   1   100        1730       25427      25528      101        100        1  Right
3   0   100        1786       25428      25529      102        300        1  Right
3   0   100        1788       25529      25629      104        300        1  Right
1   7   500        1729       25528      26029      103        1500       1  Left 
12  1   100        1735       26029      26129      106        600        1  Left 
1   3   500        1740       26129      26629      107        3500       1  Right
13  1   100        1741       26629      26729      108        800        1  Right
11  1   100        1741       26729      26829      109        400        1  Left 
2   1   100        1745       26829      26929      110        600        1  Right
14  1   100        1756       26929      27029      111        300        1  Right
7   0   100        1795       26929      27030      111        900        1  Right
6   1   100        1757       27030      27130      113        500        1  Right
15  1   100        1764       27130      27230      114        500        1  Left 
10  1   100        1768       27230      27330      115        200        1  Right
9   1   100        1784       27330      27430      116        200        1  Left 
7   1   100        1795       27430      27530      117        300        1  Left 
6   8   500        1819       27130      27631      113        2000       1  Right
8   1   100        1847       27631      27731      118        700        1  Left 
1   8   500        1848       27731      28231      119        3500       1  Left 
1   8   500        1898       28231      28731      120        3500       1  Left 
8   0   100        1947       28731      28831      120        500        1  Right
15  6   100        1967       28831      28931      121        600        1  Right
0   1   100        1968       28831      28932      121        400        1  Right
0   14  100        1970       28932      29032      123        100        1  Right
6   8   500        2118       28931      29432      121        2000       1  Right
1   6   100        1976       29432      29532      125        500        1  Right
14  6   100        1984       29532      29632      126        200        1  Right
3   1   100        2125       29532      29633      124        900        1  Left 
2   6   100        2008       29632      29634      127        100        1  Right
0   13  100        1991       29633      29635      128        1200       1  Left 
0   2   100        1995       29635      29735      130        200        1  Right
13  6   100        2009       29735      29835      131        300        1  Right
1   0   500        2024       29735      30236      130        2000       1  Right
0   12  100        2026       30236      30336      132        600        1  Right
0   4   100        2037       30336      30436      133        300        1  Right
1   7   500        2039       30236      30737      132        1500       1  Left 
6   0   500        2232       30436      30937      132        500        1  Right
1   9   500        2039       30737      31238      135        1000       1  Left 
0   5   100        2060       31238      31239      137        1100       1  Left 
1   10  500        2040       31238      31639      137        1000       1  Right
1   6   500        2040       31639      32139      139        2500       1  Right
12  6   100        2049       32139      32239      140        500        1  Right
4   6   100        2068       32239      32339      141        400        1  Right
1   15  500        2062       32139      32640      140        2500       1  Left 
1   11  500        2062       32640      33140      143        2000       1  Left 
0   11  100        2069       33140      33240      144        800        1  Right
0   6   100        2090       33240      33340      145        100        1  Right
5   6   100        2101       33340      33341      146        1000       1  Left 
11  6   100        2113       33341      33441      147        700        1  Right
1   14  500        2085       33140      33542      144        1500       1  Right
0   10  100        2101       33542      33642      149        200        1  Right
0   3   100        2107       33642      33742      150        300        1  Right
0   9   100        2122       33742      33842      150        1000       1  Right
0   7   100        2133       33842      33942      151        900        1  Right
1   5   500        2096       33542      34042      149        500        1  Right
10  6   100        2137       33942      34043      152        300        1  Right
0   3   100        2236       34043      34143      153        300        1  Right
1   13  500        2096       34042      34543      154        4000       1  Left 
1   2   500        2119       34543      35043      156        3000       1  Right
0   8   100        2410       35043      35143      155        500        1  Right
0   8   100        2583       35143      35243      156        500        1  Right
1   12  500        2119       35043      35543      157        3000       1  Left 
9   6   100        2163       35543      35643      160        900        1  Right
7   6   100        2177       35643      35743      161        800        1  Right
3   6   100        2254       35743      35843      161        200        1  Right
1   4   500        2142       35543      36043      160        500        1  Right
6   1   500        2268       36043      36543      163        2500       1  Right
1   0   100        2310       36543      36643      164        400        1  Right
1   0   100        2314       36643      36743      165        400        1  Right
6   15  500        2280       36543      37043      164        3000       1  Right
6   14  500        2313       37043      37543      167        1000       1  Right
1   3   500        2427       37043      37544      166        4500       1  Left 
15  0   100        2332       37544      37644      168        900        1  Left 
15  0   100        2336       37644      37744      169        900        1  Left 
14  0   100        2360       37744      37844      170        100        1  Right
8   1   100        2453       37744      37845      170        700        1  Left 
6   2   500        2323       37543      38044      167        500        1  Right
1   8   500        2755       37845      38346      170        3500       1  Left 
6   13  500        2345       38044      38545      173        1500       1  Right
2   0   100        2361       38545      38645      175        200        1  Right
14  0   100        2364       38645      38745      176        100        1  Right
6   12  500        2378       38645      39146      176        2500       1  Right
2   0   100        2365       39146      39246      178        200        1  Right
14  8   100        2896       39146      39247      175        1000       1  Left 
13  0   100        2387       39246      39347      179        400        1  Right
13  0   100        2391       39347      39447      181        400        1  Right
6   4   500        2400       39447      39947      182        2000       1  Right
12  0   100        2415       39947      40047      183        600        1  Right
12  0   100        2419       40047      40147      184        600        1  Right
6   5   500        2422       40147      40647      185        3000       1  Right
4   0   100        2427       40647      40747      186        300        1  Right
4   0   100        2431       40747      40847      187        300        1  Right
5   0   100        2444       40847      40947      188        500        1  Right
5   0   100        2448       40947      41047      189        500        1  Right
6   11  500        2433       40647      41148      186        3500       1  Right
3   4   100        2455       41148      41248      191        600        1  Right
6   0   100        2463       41248      41348      192        100        1  Right
3   4   100        2756       41248      41349      190        1000       1  Left 
11  0   100        2465       41349      41449      194        800        1  Right
6   0   100        2467       41449      41549      195        100        1  Right
11  0   100        2469       41549      41649      196        800        1  Right
6   10  500        2488       41649      42149      197        1500       1  Right
6   9   500        2510       42149      42649      198        3500       1  Left 
10  0   100        2515       42649      42749      199        200        1  Right
10  0   100        2519       42749      42849      200        200        1  Right
9   0   100        2532       42849      42850      201        600        1  Left 
9   0   100        2536       42850      42851      202        600        1  Left 
6   7   500        2521       42649      42952      199        4000       1  Right
7   0   100        2543       42952      43052      204        700        1  Left 
7   0   100        2547       43052      43152      205        700        1  Left 
6   3   500        2554       42952      43453      204        1000       1  Right
0   3   100        2587       43453      43553      207        300        1  Right
4   3   500        2737       43553      44053      206        3000       1  Right
3   0   100        2757       44053      44153      207        300        1  Right
8   0   100        2808       44153      44253      208        500        1  Right
3   0   500        2879       44253      44753      208        1500       1  Right
0   14  100        2883       44753      44853      209        100        1  Right
3   2   100        3066       44753      44854      207        100        1  Right
0   14  100        2887       44853      44954      210        100        1  Right
3   6   100        3095       44854      44955      209        200        1  Right
8   0   500        2910       44954      45455      212        5500       1  Left 
14  3   100        2900       45455      45555      214        400        1  Right
8   0   100        2942       45555      45655      214        500        1  Right
0   1   100        2970       45655      45755      215        400        1  Right
0   8   100        2985       45755      45855      216        500        1  Right
14  1   100        3228       45755      45856      214        300        1  Right
8   14  500        3041       45856      46356      217        3000       1  Right
4   3   500        3042       46356      46856      218        3000       1  Right
0   3   100        3077       46856      46956      219        300        1  Right
0   8   500        3125       46956      47456      219        2500       1  Right
8   0   100        3181       47456      47556      220        500        1  Right
0   13  100        3185       47556      47656      221        400        1  Right
0   13  100        3189       47656      47756      222        400        1  Right
13  8   100        3203       47756      47856      223        100        1  Right
3   14  500        3192       47756      48256      223        2000       1  Right
3   14  100        3233       48256      48356      225        400        1  Right
8   13  500        3244       47856      48357      224        500        1  Right
13  3   100        3207       48357      48457      227        100        1  Right
1   0   500        3242       48356      48857      226        2000       1  Right
0   1   100        3274       48857      48957      229        400        1  Right
3   13  500        3282       48457      48958      228        500        1  Right
0   5   100        3498       48957      49058      230        500        1  Right
3   6   100        3358       48958      49059      231        200        1  Right
13  1   100        3313       49058      49159      232        800        1  Left 
14  3   100        3251       49059      49160      233        400        1  Right
8   5   500        3557       49159      49660      234        3000       1  Left 
1   14  500        3515       49160      49660      235        1500       1  Right
2   3   500        3338       49160      49661      235        500        1  Right
0   8   500        3498       49660      49662      236        5500       1  Left 
6   3   500        3377       49661      49663      237        1000       1  Right
0   11  100        3499       49662      49763      238        800        1  Left 
3   1   100        3359       49763      49764      240        700        1  Right
5   8   100        3526       49763      49765      240        600        1  Left 
1   13  500        3530       49764      50265      241        4000       1  Right
14  0   100        3537       50265      50365      243        100        1  Right
11  3   100        3540       50265      50366      243        500        1  Right
1   0   500        3546       50365      50866      244        2000       1  Right
13  0   100        3557       50866      50966      246        400        1  Right
8   1   100        3560       50866      50967      246        700        1  Left 
0   1   100        3568       50967      51067      248        400        1  Right
0   2   100        3580       51067      51167      249        200        1  Right
1   3   500        3638       51067      51568      248        4500       1  Left 
0   1   100        3800       51568      51668      250        400        1  Right
0   7   100        3801       51668      51768      251        700        1  Left 
1   8   100        3808       51768      51868      252        700        1  Left 
6   3   500        3640       51568      52068      250        1000       1  Right
3   2   100        3676       52068      52168      254        100        1  Right
1   0   500        3840       51868      52369      253        2000       1  Right
3   11  500        3827       52168      52669      255        2500       1  Right
7   3   100        3841       52669      52769      257        600        1  Right
2   0   500        3857       52369      52870      256        1000       1  Right
0   3   100        3863       52870      52970      259        300        1  Right
0   14  100        3868       52970      53070      260        100        1  Right
8   1   500        3862       52769      53270      258        3500       1  Left 
1   8   500        3870       53270      53770      262        3500       1  Left 
3   11  100        3877       53770      53870      263        500        1  Right
14  1   100        3881       53770      53871      263        300        1  Right
11  3   100        3890       53870      53971      264        500        1  Right
3   7   500        3916       53971      54471      266        3000       1  Right
8   0   100        3924       54471      54571      267        500        1  Right
2   3   500        3948       54571      55071      268        500        1  Right
0   8   500        3980       54571      55072      268        5500       1  Left 
3   6   100        3975       55071      55073      269        200        1  Right
8   0   100        4042       55072      55074      270        1100       1  Left 
3   5   100        4000       55074      55174      272        800        1  Right
15  8   100        4110       55074      55175      272        200        1  Right
1   3   100        4096       55174      55275      273        700        1  Right
8   1   100        4044       55275      55375      275        700        1  Left 
0   15  100        4102       55375      55475      276        700        1  Right
0   1   100        4104       55475      55575      277        400        1  Right
3   1   100        4109       55575      55675      278        700        1  Right
1   3   100        4113       55675      55775      279        700        1  Right
3   0   100        4139       55775      55875      279        300        1  Right
8   15  500        4161       55475      55976      276        1000       1  Right
3   0   500        4155       55875      56376      280        1500       1  Right
0   3   100        4157       56376      56476      282        300        1  Right
1   8   500        4135       55976      56477      281        3500       1  Left 
0   13  100        4171       56476      56577      283        400        1  Right
1   14  500        4153       56477      56978      284        1500       1  Right
6   3   500        4257       56577      57078      285        1000       1  Right
8   4   100        4188       56978      57079      286        800        1  Left 
3   1   500        4188       57079      57579      288        3500       1  Right
13  1   100        4189       57579      57679      289        800        1  Right
0   1   100        4222       57679      57779      290        400        1  Right
1   14  100        4223       57779      57879      291        300        1  Right
14  1   100        4231       57879      57979      292        300        1  Right
1   0   100        4240       57979      58079      293        400        1  Right
5   3   500        4283       57679      58180      290        4000       1  Left 
1   0   500        4243       58079      58580      294        2000       1  Right
4   8   500        4224       58580      59080      296        4000       1  Right
1   13  500        4252       59080      59580      297        4000       1  Right
1   0   100        4253       59580      59680      298        400        1  Right
0   8   100        4268       59680      59780      299        500        1  Right
0   1   100        4275       59780      59880      300        400        1  Right
1   0   500        4296       59880      60380      301        2000       1  Right
1   3   100        4298       60380      60480      302        700        1  Right
3   1   100        4307       60480      60580      303        700        1  Right
0   6   100        4316       60580      60680      304        100        1  Right
1   8   100        4333       60580      60681      304        700        1  Left 
0   1   100        4317       60681      60781      306        400        1  Right
5   8   100        4345       60681      60782      306        600        1  Left 
1   0   500        4340       60781      61282      307        2000       1  Right
8   1   100        4324       61282      61382      309        700        1  Left 
8   5   100        4324       61382      61482      310        600        1  Left 
8   15  100        4324       61482      61582      311        200        1  Right
8   14  100        4324       61582      61682      312        600        1  Right
8   13  100        4324       61682      61782      313        100        1  Right
1   8   100        4362       61782      61882      314        700        1  Left 
13  8   100        4364       61882      61982      315        100        1  Right
14  8   100        4366       61982      62082      316        600        1  Right
15  8   100        4368       62082      62182      317        200        1  Right
8   1   100        4371       62182      62282      318        700        1  Left 
0   8   100        4385       62282      62382      319        500        1  Right
0   2   100        4404       62382      62482      320        200        1  Right
15  3   100        4415       62382      62483      320        400        1  Right
0   15  100        4406       62483      62583      322        700        1  Right
2   8   100        4417       62583      62683      323        300        1  Right
15  1   100        4494       62583      62684      323        500        1  Left 
8   0   100        4419       62683      62784      324        500        1  Right
1   3   500        4422       62784      63284      326        3500       1  Right
8   6   100        4428       63284      63384      327        400        1  Right
8   4   100        4440       63384      63484      328        800        1  Right
8   6   100        4441       63484      63584      329        400        1  Right
3   0   100        4450       63584      63684      330        300        1  Right
6   3   100        4454       63684      63784      331        200        1  Right
4   8   500        4476       63584      64085      330        4000       1  Left 
0   3   500        4462       63784      64285      332        1500       1  Right
3   15  500        4451       64285      64785      334        2000       1  Right
8   0   100        4463       64785      64885      335        500        1  Right
3   6   100        4472       64885      64985      336        200        1  Right
1   15  500        4520       64785      65286      335        2500       1  Left 
0   3   500        4481       64985      65486      337        1500       1  Right
0   8   500        4506       65486      65986      339        2500       1  Right
3   0   100        4512       65986      66086      340        300        1  Right
15  0   100        4547       66086      66087      341        900        1  Left 
6   8   500        4513       66086      66487      341        2000       1  Right
8   2   100        4515       66487      66587      343        300        1  Right
0   3   500        4552       66587      67087      344        1500       1  Right
0   1   100        4552       67087      67187      345        400        1  Right
0   1   100        4573       67187      67287      346        400        1  Right
2   8   500        4561       67087      67588      345        1500       1  Right
8   2   500        4570       67588      68088      348        1500       1  Right
1   2   100        4581       68088      68089      349        600        1  Right
3   5   100        4588       68088      68090      349        800        1  Left 
2   0   100        4602       68089      68190      350        200        1  Right
3   1   500        4594       68090      68591      351        4500       1  Left 
6   0   500        4613       68190      68691      352        500        1  Right
1   8   100        4646       68591      68692      352        700        1  Left 
0   2   100        4622       68691      68792      353        200        1  Right
1   8   100        4679       68692      68793      354        700        1  Left 
8   6   100        4606       68793      68893      357        400        1  Right
0   1   100        4625       68793      68894      356        400        1  Right
6   8   500        4720       68893      69394      357        2000       1  Right
1   0   500        4682       68894      69395      358        2000       1  Right
12  8   100        4729       69394      69495      359        100        1  Right
2   1   500        4648       69395      69896      360        3000       1  Right
0   1   100        4661       69896      69996      362        400        1  Right
2   3   100        4722       69896      69997      362        100        1  Right
8   1   100        4684       69996      70097      363        700        1  Left 
0   1   100        4701       70097      70197      365        400        1  Right
0   12  100        4706       70197      70297      366        600        1  Right
0   2   100        4708       70297      70397      367        200        1  Right
8   1   500        4730       70297      70798      367        3500       1  Left 
3   2   500        4743       70397      70898      368        500        1  Right
8   12  500        4765       70798      71298      369        500        1  Right
1   0   500        4722       70798      71299      369        2000       1  Right
1   0   500        4735       71299      71799      372        2000       1  Right
8   1   100        4768       71799      71899      373        700        1  Left 
2   1   100        4768       71899      71999      374        600        1  Right
0   1   100        4789       71999      72099      375        400        1  Right
1   2   500        4789       72099      72599      376        3000       1  Right
2   0   100        4810       72599      72699      377        200        1  Right
1   8   100        4810       72599      72700      377        700        1  Left 
2   1   100        4821       72700      72800      379        600        1  Right
2   0   100        4823       72800      72900      380        200        1  Right
1   3   100        4827       72800      72901      380        900        1  Left 
3   1   100        4840       72901      73001      382        700        1  Right
1   2   500        4842       73001      73002      383        3000       1  Right
5   3   500        4865       73001      73003      383        4000       1  Left 
8   1   100        4848       73003      73103      385        700        1  Left 
0   15  100        4855       73103      73203      386        700        1  Right
15  1   100        4863       73203      73303      387        500        1  Left 
2   1   100        4864       73303      73403      388        600        1  Right
2   3   100        4908       73403      73503      389        100        1  Right
1   8   500        4866       73403      73903      389        3500       1  Left 
1   0   100        4873       73903      74003      391        400        1  Right
1   8   100        4875       74003      74103      392        700        1  Left 
6   8   500        4883       74103      74603      393        2000       1  Right
12  8   100        4960       74603      74703      394        100        1  Right
12  3   100        5035       74703      74803      395        300        1  Right
1   2   500        4885       74603      75103      394        3000       1  Right
2   8   100        4967       75103      75203      397        300        1  Right
1   15  500        4889       75103      75603      397        2500       1  Left 
1   0   500        4899       75603      76103      399        2000       1  Right
1   6   100        4903       76103      76203      400        500        1  Right
1   0   100        4908       76203      76303      401        400        1  Right
3   1   100        4910       76303      76403      402        700        1  Right
3   1   100        4910       76403      76503      403        700        1  Right
8   0   100        4931       76503      76603      404        500        1  Right
8   2   100        4931       76603      76703      405        300        1  Right
0   6   100        4958       76603      76704      405        100        1  Right
8   12  100        4931       76703      76804      406        100        1  Right
0   1   100        4962       76704      76805      407        400        1  Right
8   2   100        4932       76804      76905      408        300        1  Right
1   0   500        4983       76805      77306      409        2000       1  Right
0   8   100        4974       77306      77406      411        500        1  Right
0   4   100        5006       77406      77506      412        300        1  Right
2   8   500        4986       77406      77906      412        1500       1  Right
8   1   100        5030       77906      78006      414        700        1  Left 
6   0   500        5006       77506      78007      413        500        1  Right
12  1   100        5081       78006      78008      415        600        1  Left 
8   6   100        5039       78007      78008      416        400        1  Right
0   4   100        5008       78007      78009      416        300        1  Right
8   5   100        5064       78008      78109      417        600        1  Left 
8   1   100        5089       78109      78209      419        700        1  Left 
4   0   500        5042       78009      78510      418        1500       1  Right
0   12  100        5010       78510      78610      421        600        1  Right
4   8   100        5043       78610      78710      422        800        1  Right
0   2   100        5137       78710      78810      422        200        1  Right
0   2   100        5157       78810      78910      423        200        1  Right
3   12  500        5056       78710      79210      423        1500       1  Right
5   8   500        5095       79210      79710      426        3000       1  Left 
3   2   500        5190       79210      79711      425        500        1  Right
1   12  500        5112       79710      79712      427        3000       1  Left 
8   4   500        5186       79711      79713      427        4000       1  Right
1   8   500        5127       79713      80213      429        3500       1  Left 
12  0   100        5143       80213      80313      430        600        1  Right
12  1   100        5154       80313      80413      431        600        1  Left 
2   8   100        5182       80313      80414      431        300        1  Right
12  0   100        5156       80413      80415      432        1000       1  Left 
0   1   100        5185       80415      80515      434        400        1  Right
8   2   500        5228       80414      80816      432        1500       1  Right
14  8   100        5201       80816      80916      436        600        1  Right
1   12  500        5185       80515      81016      435        3000       1  Left 
3   0   100        5219       80916      81017      437        300        1  Right
3   0   100        5235       81017      81018      438        300        1  Right
8   14  500        5247       81016      81418      437        5000       1  Left 
8   5   100        5315       81418      81419      440        600        1  Left 
1   3   500        5187       81418      81819      441        3500       1  Right
1   3   500        5198       81819      82319      443        3500       1  Right
3   15  100        5371       82319      82419      443        400        1  Right
6   1   500        5210       82319      82819      444        2500       1  Right
12  1   100        5217       82819      82919      446        600        1  Left 
4   0   500        5294       82819      83320      445        1500       1  Right
1   12  500        5248       82919      83420      446        3000       1  Left 
3   14  100        5371       83320      83421      447        400        1  Right
12  8   100        5279       83420      83521      448        100        1  Right
0   1   100        5229       83421      83522      449        400        1  Right
13  8   100        5307       83521      83622      450        100        1  Right
0   4   100        5258       83522      83623      451        300        1  Right
0   6   100        5259       83623      83723      453        100        1  Right
1   0   100        5297       83723      83823      454        400        1  Right
8   12  500        5315       83622      84123      452        500        1  Right
0   1   500        5318       83823      84324      455        2000       1  Right
1   0   100        5339       84324      84424      457        400        1  Right
6   8   500        5316       84123      84624      456        2000       1  Right
0   6   100        5318       84624      84724      459        100        1  Right
2   1   100        5342       84624      84725      459        1000       1  Left 
0   4   100        5318       84724      84825      460        300        1  Right
0   2   100        5333       84825      84925      462        200        1  Right
5   8   500        5346       84725      85226      461        3000       1  Left 
0   1   500        5360       84925      85426      463        2000       1  Right
12  3   100        5350       85426      85427      465        1300       1  Left 
4   3   100        5355       85427      85527      466        600        1  Right
8   13  500        5348       85226      85628      464        500        1  Right
15  8   100        5363       85628      85728      468        200        1  Right
3   13  100        5371       85628      85729      468        100        1  Right
13  3   100        5390       85729      85829      470        100        1  Right
14  3   100        5392       85829      85830      471        1200       1  Left 
2   0   500        5361       85527      85929      467        1000       1  Right
15  3   100        5394       85830      85931      472        400        1  Right
3   12  100        5430       85931      86031      474        300        1  Right
1   2   500        5363       85929      86430      473        3000       1  Right
6   8   100        5365       86430      86530      476        400        1  Right
2   0   100        5386       86530      86630      477        200        1  Right
0   6   100        5386       86630      86730      478        100        1  Right
2   8   100        5388       86630      86731      478        300        1  Right
1   0   100        5405       86730      86831      479        400        1  Right
8   6   500        5391       86731      87232      480        2000       1  Right
2   1   100        5395       87232      87332      482        600        1  Right
8   1   100        5396       87332      87432      483        700        1  Left 
8   1   100        5396       87432      87532      484        700        1  Left 
8   15  500        5414       87532      88032      485        1000       1  Right
1   2   500        5416       87532      88033      485        3000       1  Right
6   8   100        5454       88033      88133      487        400        1  Right
0   1   500        5426       88033      88533      487        2000       1  Right
8   1   100        5435       88533      88633      489        700        1  Left 
8   4   100        5435       88633      88733      490        800        1  Right
8   6   100        5435       88733      88833      491        400        1  Right
8   15  100        5435       88833      88933      492        200        1  Right
2   6   100        5436       88833      88934      492        100        1  Right
8   14  100        5435       88933      89034      493        1000       1  Left 
8   13  100        5435       89034      89134      495        100        1  Right
2   1   100        5437       89034      89135      495        600        1  Right
8   12  100        5435       89134      89235      496        100        1  Right
2   0   100        5441       89135      89236      497        200        1  Right
4   8   100        5461       89235      89336      498        800        1  Left 
1   0   100        5453       89336      89436      500        400        1  Right
1   3   100        5453       89436      89536      501        700        1  Right
1   3   100        5456       89536      89636      502        700        1  Right
1   2   500        5460       89636      90136      503        3000       1  Right
0   12  100        5466       90136      90236      504        600        1  Right
3   1   100        5469       90236      90336      505        700        1  Right
3   1   100        5472       90336      90436      506        700        1  Right
1   8   100        5473       90436      90536      507        700        1  Left 
12  8   100        5476       90536      90636      508        100        1  Right
1   4   100        5479       90536      90637      508        100        1  Right
13  8   100        5478       90636      90737      509        100        1  Right
0   12  100        5480       90637      90738      510        1000       1  Left 
14  8   100        5480       90738      90838      512        600        1  Right
15  8   100        5482       90838      90938      513        200        1  Right
4   1   500        5510       90738      91239      512        500        1  Right
0   3   500        5528       90838      91340      513        1500       1  Right
1   8   500        5495       91239      91740      515        3500       1  Left 
1   8   500        5498       91740      92240      517        3500       1  Left 
12  2   100        5503       92240      92340      518        400        1  Right
0   1   100        5586       92240      92341      518        400        1  Right
4   1   100        5666       92341      92441      520        100        1  Right
2   12  500        5529       92340      92841      519        2000       1  Right
8   2   100        5533       92841      92941      522        300        1  Right
8   0   100        5543       92941      93041      523        500        1  Right
12  8   100        5565       93041      93141      524        100        1  Right
15  8   100        5573       93141      93241      525        200        1  Right
15  3   100        5577       93241      93341      526        400        1  Right
6   0   500        5558       93041      93541      524        500        1  Right
12  3   500        5621       93341      93842      527        1500       1  Right
3   0   100        5559       93842      93942      529        300        1  Right
8   0   100        5559       93942      94042      530        500        1  Right
8   2   100        5601       94042      94142      531        300        1  Right
3   12  100        5613       94142      94242      532        300        1  Right
5   3   100        5674       94242      94342      533        800        1  Left 
1   0   500        5607       94042      94543      531        2000       1  Right
5   1   100        5760       94543      94643      534        100        1  Right
8   12  500        5699       94342      94843      534        500        1  Right
3   4   500        5631       94543      95044      535        3000       1  Right
0   8   500        5615       95044      95544      538        2500       1  Right
1   4   500        5699       95044      95545      538        500        1  Right
0   5   100        5620       95544      95645      539        1100       1  Left 
0   10  100        5620       95645      95745      541        200        1  Right
2   8   500        5634       95645      96146      541        1500       1  Right
0   2   100        5640       96146      96246      543        200        1  Right
3   15  500        5650       96146      96647      543        2000       1  Right
2   0   500        5667       96246      96747      544        1000       1  Right
10  8   100        5682       96647      96748      545        900        1  Left 
6   0   500        5683       96747      97248      546        500        1  Right
8   15  500        5700       96748      97249      547        1000       1  Right
0   2   100        5694       97248      97349      548        200        1  Right
3   4   100        5700       97249      97350      549        1000       1  Left 
0   2   100        5699       97349      97450      550        200        1  Right
8   10  500        5708       97350      97851      551        4500       1  Left 
6   2   500        5723       97450      97951      551        500        1  Right
4   3   100        5708       97851      97952      553        1000       1  Left 
0   2   100        5755       97951      98052      553        200        1  Right
1   4   100        5731       97952      98052      554        100        1  Right
1   6   100        5732       98052      98053      555        500        1  Right
4   0   100        5733       98053      98153      556        300        1  Right
2   1   100        5761       98153      98154      557        600        1  Right
0   1   100        5761       98154      98254      558        400        1  Right
3   5   500        5729       97952      98255      554        4000       1  Left 
12  3   100        5731       98255      98355      560        300        1  Right
14  8   100        5744       98355      98455      561        600        1  Right
14  3   100        5748       98455      98555      562        400        1  Right
13  8   100        5833       98455      98556      562        100        1  Right
3   15  100        5752       98556      98656      564        400        1  Right
4   1   500        5762       98254      98755      559        500        1  Right
15  1   100        5765       98755      98855      566        500        1  Left 
8   14  500        5790       98656      99157      565        3000       1  Right
1   6   100        5769       99157      99257      568        500        1  Right
15  3   100        5775       99157      99258      568        400        1  Right
3   12  100        5811       99258      99358      570        300        1  Right
1   2   500        5782       99257      99758      569        3000       1  Right
0   3   100        5783       99758      99858      572        300        1  Right
8   0   100        5812       99858      99958      573        500        1  Right
1   15  500        5791       99758      100259     572        2500       1  Left 
1   2   100        5796       100259     100359     575        600        1  Right
12  3   500        5825       99958      100459     574        1500       1  Right
2   1   100        5801       100359     100460     576        600        1  Right
12  3   100        5829       100459     100560     577        300        1  Right
3   2   100        5812       100560     100660     579        100        1  Right
1   5   500        5804       100460     100961     578        500        1  Right
8   13  500        5874       100560     101062     579        500        1  Right
3   12  100        5813       101062     101162     582        300        1  Right
13  3   100        5837       101162     101262     583        100        1  Right
6   1   500        5810       100961     101462     581        2500       1  Right
15  1   100        5819       101462     101562     585        500        1  Left 
0   3   500        5851       101462     101963     585        1500       1  Right
1   2   500        5822       101963     102463     587        3000       1  Right
2   1   500        5825       102463     102963     588        3000       1  Right
15  1   100        5832       102963     103063     589        500        1  Left 
12  1   100        5849       103063     103163     590        600        1  Left 
3   14  500        5854       102963     103464     589        2000       1  Right
15  0   100        5834       103464     103564     592        700        1  Right
5   0   100        5844       103564     103664     593        500        1  Right
1   6   100        5845       103664     103764     594        500        1  Right
2   0   100        5845       103764     103864     595        200        1  Right
3   14  100        5857       103864     103964     596        400        1  Right
1   15  500        5845       103764     104265     595        2500       1  Left 
0   8   500        5868       103964     104465     597        2500       1  Right
1   15  500        5858       104265     104766     598        2500       1  Left 
0   2   500        5880       104465     104966     599        1000       1  Right
3   2   100        5882       104966     105066     601        100        1  Right
0   6   100        5922       104966     105067     601        100        1  Right
14  3   100        5886       105067     105167     603        400        1  Right
1   12  500        5880       104766     105267     600        3000       1  Left 
15  1   100        5887       105267     105367     605        500        1  Left 
2   3   500        5903       105167     105668     604        500        1  Right
2   0   100        5914       105668     105768     607        200        1  Right
3   12  100        5917       105668     105769     607        300        1  Right
1   15  500        5913       105367     105868     606        2500       1  Left 
12  0   100        5917       105769     105870     609        600        1  Right
12  8   100        5919       105870     105970     611        100        1  Right
0   9   100        5922       105870     105971     611        600        1  Left 
3   12  100        5919       105970     106071     612        300        1  Right
12  1   100        5926       106071     106171     614        600        1  Left 
0   2   500        5945       105971     106472     613        1000       1  Right
2   1   100        5971       106472     106572     616        600        1  Right
12  3   500        5928       106171     106672     615        1500       1  Right
15  3   100        5941       106672     106772     618        400        1  Right
2   0   500        5971       106572     107073     617        1000       1  Right
6   3   100        5955       107073     107173     620        200        1  Right
1   12  500        5957       106772     107273     619        3000       1  Left 
8   2   100        5956       107173     107274     621        300        1  Right
8   15  100        5956       107274     107374     623        200        1  Right
13  1   100        5988       107274     107375     623        800        1  Right
9   8   100        5963       107374     107475     624        500        1  Right
1   2   500        5992       107375     107876     625        3000       1  Right
8   14  100        5956       107876     107976     627        600        1  Right
8   13  100        5956       107976     108076     628        100        1  Right
8   10  100        5956       108076     108176     629        700        1  Right
10  8   100        5981       108176     108276     630        900        1  Left 
2   8   100        5989       108276     108277     631        1300       1  Left 
3   13  500        5958       108176     108577     630        500        1  Right
13  8   100        5993       108577     108677     633        100        1  Right
14  8   100        5995       108677     108777     634        1000       1  Left 
15  8   100        5997       108777     108877     635        200        1  Right
3   6   500        5986       108577     109077     633        1000       1  Right
1   13  500        6015       108877     109378     636        4000       1  Left 
12  6   100        5990       109378     109478     638        500        1  Right
12  1   100        5991       109478     109578     639        600        1  Left 
0   6   100        5998       109478     109579     639        100        1  Right
0   4   100        6024       109579     109679     641        300        1  Right
0   2   100        6025       109679     109779     642        200        1  Right
1   12  500        6024       109578     110079     640        3000       1  Left 
12  0   100        5995       110079     110179     644        600        1  Right
2   0   100        6015       110179     110279     645        200        1  Right
8   12  100        6048       110179     110280     645        100        1  Right
6   1   100        6022       110279     110380     646        500        1  Right
8   12  100        6050       110280     110381     647        100        1  Right
0   1   100        6026       110380     110481     648        400        1  Right
12  8   500        6074       110381     110882     649        500        1  Right
6   1   500        6027       110481     110982     650        2500       1  Right
13  1   100        6041       110982     110983     652        800        1  Right
8   9   500        6118       110882     111284     651        2500       1  Right
13  1   100        6054       111284     111384     654        800        1  Left 
0   2   500        6041       110983     111484     653        1000       1  Right
13  0   100        6056       111484     111584     656        400        1  Right
1   6   500        6063       111584     112084     657        2500       1  Right
0   4   100        6067       112084     112184     658        300        1  Right
2   0   100        6073       112184     112284     659        200        1  Right
6   0   100        6105       112284     112384     660        100        1  Right
3   0   100        6124       112384     112484     661        300        1  Right
1   13  500        6067       112084     112585     658        4000       1  Left 
2   1   100        6075       112585     112685     663        600        1  Right
1   13  500        6080       112685     113185     664        4000       1  Right
1   2   100        6083       113185     113285     665        600        1  Right
0   8   100        6085       113285     113385     666        500        1  Right
4   1   100        6092       113285     113386     666        100        1  Right
0   10  100        6224       113385     113485     666        200        1  Right
13  1   100        6115       113386     113487     668        800        1  Left 
13  8   100        6167       113487     113587     670        100        1  Right
0   11  100        6225       113487     113588     669        800        1  Left 
0   12  100        6246       113588     113688     671        1000       1  Left 
2   3   500        6090       113385     113886     667        500        1  Right
1   2   500        6097       113886     114386     674        3000       1  Right
8   2   100        6137       114386     114486     675        300        1  Right
8   2   100        6137       114486     114586     676        300        1  Right
1   4   500        6123       114386     114886     675        500        1  Right
2   1   500        6123       114886     115386     678        3000       1  Right
2   4   100        6124       115386     115387     679        500        1  Right
1   13  500        6141       115386     115788     679        4000       1  Left 
6   1   500        6137       115788     116288     681        2500       1  Right
8   13  500        6208       115788     116289     681        500        1  Right
1   2   100        6145       116288     116389     682        600        1  Right
4   2   500        6165       116389     116889     684        2500       1  Right
2   1   500        6173       116889     117389     685        3000       1  Right
2   3   100        6183       117389     117489     686        100        1  Right
1   6   100        6192       117389     117490     686        500        1  Right
1   5   100        6217       117490     117590     688        100        1  Right
2   8   500        6186       117489     117990     687        1500       1  Right
3   2   100        6192       117990     118090     690        100        1  Right
5   1   500        6255       117590     118091     688        500        1  Right
2   8   500        6213       118090     118092     691        1500       1  Right
6   12  500        6277       118091     118093     691        5500       1  Left 
13  3   100        6245       118092     118193     692        100        1  Right
11  8   100        6255       118093     118194     693        300        1  Right
10  3   100        6257       118193     118294     694        500        1  Right
12  1   100        6315       118194     118295     695        600        1  Left 
8   0   100        6271       118294     118395     696        500        1  Right
11  1   100        6321       118295     118396     696        400        1  Left 
10  1   100        6323       118396     118496     698        200        1  Right
6   0   500        6299       118395     118895     698        500        1  Right
3   15  500        6238       118395     118896     698        2000       1  Right
1   0   500        6309       118895     119396     701        2000       1  Right
8   11  500        6286       118896     119397     702        1500       1  Right
12  1   100        6375       119397     119497     703        600        1  Left 
3   10  500        6288       119396     119897     703        2500       1  Right
2   0   500        6312       119897     120397     706        1000       1  Right
0   12  100        6327       120397     120497     706        600        1  Right
4   0   500        6329       120497     120997     707        1500       1  Right
1   12  500        6346       120497     120998     707        3000       1  Left 
0   2   100        6337       120997     121098     708        200        1  Right
0   8   100        6368       121098     121198     710        500        1  Right
2   4   100        6376       121198     121298     711        500        1  Right
2   6   100        6377       121298     121398     712        100        1  Right
2   6   100        6399       121398     121498     713        100        1  Right
1   11  500        6357       120998     121499     709        2000       1  Left 
0   5   100        6369       121499     121500     715        1100       1  Left 
0   2   100        6386       121500     121600     716        200        1  Right
0   15  100        6387       121600     121700     717        700        1  Right
11  0   100        6393       121700     121800     718        800        1  Right
1   10  500        6364       121499     121900     715        1000       1  Right
15  2   100        6397       121800     121901     719        500        1  Right
11  1   100        6404       121900     122001     720        400        1  Left 
4   2   500        6410       121901     122402     721        2500       1  Right
1   12  500        6406       122001     122502     722        3000       1  Left 
11  0   100        6406       122502     122602     724        800        1  Right
5   1   100        6411       122502     122603     724        100        1  Right
10  0   100        6409       122602     122703     726        200        1  Right
