
546
C:/Users/nxconrad/Desktop/REU 2.0/Benchmark Data/16-core/7/flow_freqmine100#1.txt
759
[10, 9, 5, 11, 15, 1, 3, 7, 8, 14, 13, 0, 12, 2, 4, 6]
8   0   100        0          2          102        0          300        1  Right
0   8   500        317        319        819        0          1500       1  Right
8   1   100        376        819        919        1          300        1  Right
1   8   500        678        919        1419       1          1500       1  Right
8   1   100        725        1419       1519       2          300        1  Right
0   15  500        1025       1419       1920       0          4500       1  Left 
3   0   100        1001       1920       2020       2          500        1  Right
6   0   100        1002       2020       2120       3          400        1  Right
5   0   100        1003       2120       2220       4          700        1  Left 
9   0   100        1003       2220       2320       5          600        1  Left 
1   0   100        1004       2320       2420       6          600        1  Right
15  0   100        1004       2420       2520       7          700        1  Right
12  0   100        1005       2520       2620       8          100        1  Right
14  0   100        1006       2620       2720       9          200        1  Right
10  0   100        1006       2720       2820       10         500        1  Left 
11  0   100        1007       2820       2920       11         800        1  Left 
4   0   100        1008       2920       3020       12         300        1  Right
1   8   500        1027       2520       3021       8          1500       1  Right
13  0   100        1008       3020       3121       13         100        1  Right
7   0   100        1010       3121       3221       15         400        1  Right
2   0   100        1012       3221       3321       16         200        1  Right
0   1   500        1025       3321       3821       17         3000       1  Right
0   14  500        1032       3821       4321       18         1000       1  Right
0   2   500        1038       4321       4821       19         1000       1  Right
15  0   100        1042       4821       4921       20         700        1  Right
0   13  500        1052       4921       5421       21         500        1  Right
0   12  500        1052       5421       5921       22         500        1  Right
1   0   100        1053       5921       6021       23         600        1  Right
14  0   100        1069       6021       6121       24         200        1  Right
1   8   500        1379       6021       6522       24         1500       1  Right
0   4   500        1075       6121       6622       25         1500       1  Right
0   5   500        1075       6622       7122       27         3500       1  Left 
8   0   100        1077       7122       7222       28         300        1  Right
8   1   100        1079       7222       7322       29         300        1  Right
0   11  500        1097       7222       7723       29         4000       1  Left 
8   0   100        1080       7723       7823       31         300        1  Right
2   0   100        1086       7823       7923       32         200        1  Right
0   6   500        1097       7923       8423       33         2000       1  Right
13  0   100        1102       8423       8523       34         100        1  Right
12  0   100        1118       8523       8623       35         100        1  Right
0   10  500        1119       8623       9123       36         2500       1  Left 
0   9   500        1119       9123       9623       37         3000       1  Left 
4   0   100        1129       9623       9723       38         300        1  Right
0   7   500        1141       9723       10223      39         2000       1  Right
5   0   100        1145       10223      10323      40         700        1  Left 
11  0   100        1156       10323      10423      41         800        1  Right
6   0   100        1172       10423      10523      42         400        1  Right
10  0   100        1183       10523      10623      43         500        1  Left 
9   0   100        1199       10623      10723      44         600        1  Left 
7   0   100        1210       10723      10823      45         400        1  Right
0   3   500        1319       10823      11323      46         2500       1  Right
0   1   100        1340       11323      11423      47         600        1  Right
3   1   100        1353       11423      11523      48         100        1  Right
0   7   500        1356       11423      11924      48         2000       1  Right
7   1   100        1410       11924      12024      50         200        1  Right
0   9   500        1356       11924      12424      50         3000       1  Left 
9   1   100        1421       12424      12524      51         400        1  Right
0   10  500        1357       12424      12924      52         2500       1  Left 
10  1   100        1438       12924      13024      53         500        1  Right
0   6   500        1357       12924      13424      54         2000       1  Right
0   11  500        1378       13424      13924      56         4000       1  Right
0   5   500        1378       13924      14424      57         3500       1  Left 
8   6   100        1542       14424      14524      56         900        1  Left 
0   4   500        1400       14424      14924      58         1500       1  Right
0   12  500        1400       14924      15424      60         500        1  Right
0   13  500        1422       15424      15924      60         500        1  Right
0   2   500        1422       15924      16424      61         1000       1  Right
0   14  500        1444       16424      16924      62         1000       1  Right
0   1   500        1444       16924      17424      63         3000       1  Right
6   1   100        1449       17424      17524      64         600        1  Left 
11  1   100        1455       17524      17624      65         200        1  Right
5   1   100        1466       17624      17724      66         300        1  Right
0   15  500        1466       17724      18224      67         3500       1  Right
0   8   100        1466       18224      18324      68         300        1  Right
4   1   100        1472       18224      18325      68         700        1  Left 
0   8   100        1466       18324      18425      69         300        1  Right
12  1   100        1483       18325      18426      70         900        1  Left 
13  1   100        1489       18426      18526      72         500        1  Right
2   1   100        1493       18526      18626      73         800        1  Right
14  1   100        1504       18626      18726      74         400        1  Right
15  1   100        1512       18726      18826      75         100        1  Right
8   1   100        1546       18826      18926      75         300        1  Right
1   0   500        1612       18926      19426      76         3000       1  Right
1   15  500        1627       19426      19926      77         500        1  Right
1   14  500        1627       19926      20426      78         2000       1  Right
1   13  500        1628       20426      20926      79         2500       1  Right
0   1   100        1631       20926      21026      80         600        1  Right
1   0   100        1633       21026      21126      81         600        1  Right
1   2   500        1640       21126      21626      82         4000       1  Right
1   12  500        1640       21626      22126      83         3500       1  Right
15  0   100        1651       22126      22226      84         700        1  Right
14  0   100        1657       22226      22326      85         200        1  Right
13  0   100        1673       22326      22426      86         100        1  Right
2   0   100        1682       22426      22526      87         200        1  Right
12  0   100        1703       22526      22626      88         100        1  Right
1   4   500        1662       22226      22727      85         3500       1  Left 
4   0   100        1714       22727      22827      90         300        1  Right
1   5   500        1662       22727      23227      90         1500       1  Right
5   0   100        1730       23227      23327      92         700        1  Left 
1   11  500        1685       23227      23727      92         1000       1  Right
1   6   500        1685       23727      24227      94         3000       1  Left 
8   6   100        1841       24227      24327      95         700        1  Right
0   6   100        1935       24327      24427      95         400        1  Right
1   10  500        1707       24227      24727      95         2500       1  Right
1   9   500        1707       24727      25227      98         2000       1  Right
4   1   100        1724       25227      25327      99         700        1  Left 
11  0   100        1741       25327      25427      100        800        1  Left 
6   0   100        1757       25427      25527      101        400        1  Right
10  0   100        1768       25527      25627      102        500        1  Left 
9   0   100        1784       25627      25727      103        600        1  Left 
1   7   500        1729       25327      25827      100        1000       1  Right
0   15  100        1959       25727      25828      103        900        1  Left 
1   3   500        1740       25827      26328      105        500        1  Right
5   1   100        1730       26328      26428      107        300        1  Right
3   0   100        1786       26328      26429      107        500        1  Right
12  1   100        1735       26428      26430      108        900        1  Left 
3   0   100        1788       26429      26431      109        500        1  Right
13  1   100        1741       26431      26531      111        500        1  Right
11  1   100        1741       26531      26631      112        200        1  Right
7   0   100        1795       26531      26632      112        400        1  Right
2   1   100        1745       26631      26732      113        800        1  Left 
14  1   100        1756       26732      26832      115        400        1  Right
6   1   100        1757       26832      26932      116        600        1  Left 
15  1   100        1764       26932      27032      117        100        1  Right
10  1   100        1768       27032      27132      118        500        1  Right
9   1   100        1784       27132      27232      119        400        1  Right
7   1   100        1795       27232      27332      120        200        1  Right
6   8   500        1819       26932      27433      117        3500       1  Right
8   1   100        1847       27433      27533      122        300        1  Right
15  6   100        1967       27433      27534      121        500        1  Left 
1   8   500        1848       27533      28034      123        1500       1  Right
1   8   500        1898       28034      28534      125        1500       1  Right
8   0   100        1947       28534      28634      125        300        1  Right
1   6   100        1976       28534      28635      125        600        1  Left 
0   1   100        1968       28635      28735      127        600        1  Right
0   14  100        1970       28735      28835      128        200        1  Right
0   13  100        1991       28835      28935      129        100        1  Right
0   2   100        1995       28935      29035      130        200        1  Right
0   12  100        2026       29035      29135      130        100        1  Right
0   4   100        2037       29135      29235      131        300        1  Right
6   8   500        2118       28735      29236      127        4500       1  Left 
14  6   100        1984       29236      29336      134        600        1  Right
3   1   100        2125       29236      29337      132        100        1  Right
2   6   100        2008       29336      29437      135        200        1  Right
1   0   500        2024       29337      29838      135        3000       1  Right
13  6   100        2009       29838      29938      138        500        1  Right
0   5   100        2060       29938      30038      138        700        1  Left 
1   7   500        2039       29838      30339      137        1000       1  Right
6   0   500        2232       30038      30539      137        2000       1  Right
1   9   500        2039       30339      30840      140        2000       1  Right
1   10  500        2040       30840      31340      142        2500       1  Right
1   6   500        2040       31340      31840      143        3000       1  Left 
12  6   100        2049       31840      31940      144        300        1  Right
4   6   100        2068       31940      32040      145        100        1  Right
1   15  500        2062       31840      32341      144        500        1  Right
1   11  500        2062       32341      32841      147        1000       1  Right
0   11  100        2069       32841      32941      148        800        1  Right
0   6   100        2090       32941      33041      149        400        1  Right
5   6   100        2101       33041      33141      150        300        1  Left 
0   10  100        2101       33141      33241      151        500        1  Left 
11  6   100        2113       33241      33341      152        400        1  Left 
1   14  500        2085       32941      33441      149        2000       1  Right
10  6   100        2137       33341      33442      152        100        1  Left 
0   3   100        2107       33441      33541      154        500        1  Right
9   6   100        2163       33442      33543      154        200        1  Left 
0   9   100        2122       33543      33643      156        600        1  Left 
0   7   100        2133       33643      33743      157        400        1  Right
7   6   100        2177       33743      33843      158        800        1  Right
1   5   500        2096       33441      33942      154        1500       1  Right
0   3   100        2236       33843      33944      158        500        1  Right
0   8   100        2410       33944      34044      159        300        1  Right
0   8   100        2583       34044      34144      158        300        1  Right
6   1   500        2268       33942      34443      159        3000       1  Left 
1   13  500        2096       34443      34943      165        2500       1  Right
6   15  500        2280       34443      34944      163        2500       1  Left 
1   2   500        2119       34943      35444      165        4000       1  Right
1   12  500        2119       35444      35944      167        3500       1  Right
1   4   500        2142       35944      36444      168        3500       1  Left 
3   6   100        2254       36444      36544      168        700        1  Left 
1   0   100        2310       36544      36644      169        600        1  Right
8   1   100        2453       36644      36744      168        300        1  Right
6   14  500        2313       36644      37144      170        3000       1  Right
1   0   100        2314       37144      37244      172        600        1  Right
15  0   100        2332       37244      37344      172        700        1  Right
15  0   100        2336       37344      37444      173        700        1  Right
14  0   100        2360       37444      37544      174        200        1  Right
6   2   500        2323       37144      37645      171        1000       1  Right
1   3   500        2427       37444      37946      173        500        1  Right
6   13  500        2345       37645      38146      176        2500       1  Right
2   0   100        2361       38146      38246      178        200        1  Right
14  0   100        2364       38246      38346      179        200        1  Right
1   8   500        2755       37946      38447      173        1500       1  Right
14  8   100        2896       38447      38547      176        100        1  Right
6   12  500        2378       38246      38748      179        1500       1  Right
2   0   100        2365       38748      38848      183        200        1  Right
13  0   100        2387       38848      38948      184        100        1  Right
13  0   100        2391       38948      39048      185        100        1  Right
12  0   100        2415       39048      39148      186        100        1  Right
12  0   100        2419       39148      39248      186        100        1  Right
6   4   500        2400       38748      39249      183        500        1  Right
4   0   100        2427       39249      39349      188        300        1  Right
4   0   100        2431       39349      39449      189        300        1  Right
3   4   100        2455       39449      39549      190        800        1  Right
3   4   100        2756       39549      39649      188        800        1  Right
6   5   500        2422       39249      39749      188        1500       1  Left 
6   11  500        2433       39749      40249      193        2000       1  Left 
5   0   100        2444       40249      40349      194        700        1  Left 
5   0   100        2448       40349      40449      195        700        1  Left 
6   0   100        2463       40449      40549      196        400        1  Right
11  0   100        2465       40549      40649      197        800        1  Right
6   0   100        2467       40649      40749      198        400        1  Right
11  0   100        2469       40749      40849      199        800        1  Right
6   10  500        2488       40749      41250      199        500        1  Left 
6   9   500        2510       41250      41750      201        1000       1  Left 
10  0   100        2515       41750      41850      202        500        1  Left 
10  0   100        2519       41850      41950      202        500        1  Left 
6   7   500        2521       41950      42450      203        4000       1  Right
9   0   100        2532       42450      42550      204        600        1  Left 
9   0   100        2536       42550      42650      205        600        1  Left 
7   0   100        2543       42650      42750      206        400        1  Right
7   0   100        2547       42750      42850      207        400        1  Right
6   3   500        2554       42650      43151      206        3500       1  Left 
0   3   100        2587       43151      43251      209        500        1  Right
4   3   500        2737       43251      43751      208        4000       1  Right
3   0   100        2757       43751      43851      209        500        1  Right
8   0   100        2808       43851      43951      210        300        1  Right
3   0   500        2879       43951      44451      210        2500       1  Right
0   14  100        2883       44451      44551      211        200        1  Right
3   2   100        3066       44451      44552      208        900        1  Left 
0   14  100        2887       44551      44652      212        200        1  Right
3   6   100        3095       44552      44653      210        700        1  Left 
8   0   500        2910       44652      45153      214        1500       1  Right
14  3   100        2900       45153      45154      216        300        1  Right
0   1   100        2970       45153      45155      215        1000       1  Left 
8   0   100        2942       45155      45255      217        300        1  Right
0   8   100        2985       45255      45355      218        300        1  Right
4   3   500        3042       45155      45656      215        4000       1  Left 
0   3   100        3077       45656      45756      218        1100       1  Left 
8   14  500        3041       45355      45856      217        500        1  Right
0   8   500        3125       45856      46356      219        1500       1  Right
8   0   100        3181       46356      46456      220        300        1  Right
0   13  100        3185       46456      46556      221        100        1  Right
0   13  100        3189       46556      46656      222        100        1  Right
3   14  500        3192       46456      46657      221        1500       1  Right
13  8   100        3203       46657      46757      224        200        1  Right
1   0   500        3242       46656      46758      222        5000       1  Left 
13  3   100        3207       46757      46759      225        400        1  Right
14  1   100        3228       46759      46859      226        400        1  Right
3   14  100        3233       46859      46860      227        300        1  Right
0   1   100        3274       46859      46861      227        1000       1  Left 
0   5   100        3498       46861      46961      228        700        1  Left 
8   13  500        3244       46860      47361      228        1000       1  Right
14  3   100        3251       47361      47362      231        300        1  Right
13  1   100        3313       47361      47363      231        1100       1  Left 
3   13  500        3282       47363      47863      233        2000       1  Right
2   3   500        3338       47863      48363      233        3500       1  Right
3   6   100        3358       48363      48463      234        700        1  Left 
3   1   100        3359       48463      48563      235        100        1  Right
0   8   500        3498       48363      48864      234        1500       1  Right
14  0   100        3537       48864      48964      237        200        1  Right
6   3   500        3377       48563      49064      236        3500       1  Left 
0   11  100        3499       49064      49164      239        800        1  Right
1   14  500        3515       49164      49664      240        2000       1  Right
5   8   100        3526       49664      49764      241        600        1  Right
1   13  500        3530       49764      50264      242        2500       1  Right
11  3   100        3540       50264      50265      243        300        1  Right
8   5   500        3557       50264      50666      243        5000       1  Left 
1   0   500        3546       50666      51166      245        3000       1  Right
13  0   100        3557       51166      51266      246        100        1  Right
8   1   100        3560       51166      51267      246        300        1  Right
0   1   100        3568       51267      51367      248        600        1  Right
0   2   100        3580       51367      51467      249        200        1  Right
1   3   500        3638       51367      51868      249        500        1  Right
6   3   500        3640       51868      52368      251        3500       1  Left 
3   2   100        3676       52368      52468      252        700        1  Right
0   1   100        3800       52468      52568      253        600        1  Right
0   7   100        3801       52568      52668      254        400        1  Right
3   11  500        3827       52568      53069      253        1500       1  Right
1   8   100        3808       53069      53169      256        300        1  Right
1   0   500        3840       53169      53669      256        3000       1  Right
7   3   100        3841       53669      53769      257        100        1  Right
2   0   500        3857       53669      54170      257        1000       1  Right
8   1   500        3862       53769      54270      258        1500       1  Right
0   3   100        3863       54270      54370      260        500        1  Right
0   14  100        3868       54370      54470      261        200        1  Right
1   8   500        3870       54370      54871      261        1500       1  Right
3   11  100        3877       54871      54971      263        300        1  Right
8   0   100        3924       54871      54972      263        300        1  Right
11  3   100        3890       54971      55072      264        300        1  Right
0   8   500        3980       54972      55473      265        1500       1  Right
3   7   500        3916       55072      55474      266        500        1  Right
14  1   100        3881       55473      55475      267        1200       1  Left 
2   3   500        3948       55475      55975      269        3500       1  Right
3   6   100        3975       55975      56075      270        700        1  Left 
8   0   100        4042       55975      56076      270        300        1  Right
3   5   100        4000       56075      56176      271        400        1  Right
8   1   100        4044       56176      56276      273        300        1  Right
0   15  100        4102       56176      56277      273        900        1  Left 
1   3   100        4096       56276      56278      274        100        1  Right
15  8   100        4110       56277      56279      275        1200       1  Left 
1   3   100        4113       56278      56280      276        100        1  Right
8   15  500        4161       56279      56681      277        6000       1  Left 
0   1   100        4104       56681      56781      279        600        1  Right
3   1   100        4109       56781      56881      280        100        1  Right
8   4   100        4188       56781      56882      280        600        1  Right
1   8   500        4135       56882      57382      282        1500       1  Right
3   0   100        4139       57382      57482      283        500        1  Right
1   14  500        4153       57482      57982      284        2000       1  Right
3   0   500        4155       57982      58482      285        2500       1  Right
0   3   100        4157       58482      58582      286        500        1  Right
0   13  100        4171       58582      58682      287        100        1  Right
3   1   500        4188       58582      59083      287        500        1  Right
4   8   500        4224       58682      59084      288        3000       1  Right
6   3   500        4257       59083      59485      289        3500       1  Left 
13  1   100        4189       59485      59585      291        500        1  Right
0   1   100        4222       59585      59685      292        600        1  Right
1   14  100        4223       59685      59785      293        400        1  Right
14  1   100        4231       59785      59885      294        400        1  Right
1   0   100        4240       59885      59985      295        600        1  Right
1   0   500        4243       59985      60485      296        3000       1  Right
1   13  500        4252       60485      60985      297        2500       1  Right
1   0   100        4253       60985      61085      298        600        1  Right
0   8   100        4268       61085      61185      299        300        1  Right
5   3   500        4283       61085      61586      299        2000       1  Right
0   1   100        4275       61586      61686      301        600        1  Right
1   0   500        4296       61686      62186      302        3000       1  Right
1   3   100        4298       62186      62286      303        100        1  Right
0   6   100        4316       62186      62287      303        400        1  Right
3   1   100        4307       62286      62387      304        100        1  Right
0   1   100        4317       62387      62487      306        600        1  Right
8   1   100        4324       62487      62587      306        300        1  Right
8   5   100        4324       62587      62687      307        600        1  Right
8   15  100        4324       62687      62787      308        400        1  Right
8   14  100        4324       62787      62887      309        100        1  Right
8   13  100        4324       62887      62987      310        200        1  Right
1   8   100        4333       62987      63087      311        300        1  Right
1   0   500        4340       63087      63587      312        3000       1  Right
5   8   100        4345       63587      63687      313        600        1  Right
1   8   100        4362       63687      63787      314        300        1  Right
13  8   100        4364       63787      63887      315        200        1  Right
14  8   100        4366       63887      63987      316        100        1  Right
15  8   100        4368       63987      64087      317        400        1  Right
8   1   100        4371       64087      64187      318        300        1  Right
0   8   100        4385       64187      64287      319        300        1  Right
15  3   100        4415       64187      64288      319        200        1  Right
0   2   100        4404       64287      64388      320        200        1  Right
0   15  100        4406       64388      64488      322        900        1  Left 
2   8   100        4417       64488      64588      323        500        1  Right
8   0   100        4419       64588      64688      324        300        1  Right
8   6   100        4428       64688      64788      325        700        1  Right
1   3   500        4422       64288      64789      321        500        1  Right
8   4   100        4440       64788      64790      326        600        1  Right
6   3   100        4454       64789      64791      327        700        1  Left 
15  1   100        4494       64791      64891      329        100        1  Right
4   8   500        4476       64790      65291      328        3000       1  Right
8   6   100        4441       65291      65391      331        700        1  Right
3   0   100        4450       65391      65491      332        500        1  Right
8   0   100        4463       65491      65591      333        300        1  Right
8   2   100        4515       65591      65691      334        500        1  Right
3   15  500        4451       65491      65991      333        1000       1  Right
3   6   100        4472       65991      66091      336        700        1  Left 
8   2   500        4570       65691      66192      335        2500       1  Right
1   15  500        4520       66091      66592      337        500        1  Right
1   2   100        4581       66592      66593      339        800        1  Left 
0   3   500        4462       66192      66594      338        2500       1  Right
0   3   500        4481       66594      67094      341        2500       1  Right
0   8   500        4506       67094      67594      342        1500       1  Right
3   0   100        4512       67594      67694      343        500        1  Right
3   5   100        4588       67694      67794      344        400        1  Right
6   8   500        4513       67694      68194      344        3500       1  Right
15  0   100        4547       68194      68294      346        700        1  Right
0   3   500        4552       68294      68794      347        2500       1  Right
0   1   100        4552       68794      68894      348        600        1  Right
2   8   500        4561       68894      69394      349        2500       1  Right
0   1   100        4573       69394      69494      350        600        1  Right
2   0   100        4602       69494      69594      351        200        1  Right
8   6   100        4606       69594      69694      352        700        1  Right
3   1   500        4594       69494      69994      351        500        1  Right
1   8   100        4646       69994      70094      354        300        1  Right
1   8   100        4679       70094      70194      355        300        1  Right
6   0   500        4613       69694      70195      353        2000       1  Right
0   2   100        4622       70195      70295      357        200        1  Right
6   8   500        4720       70195      70696      357        4500       1  Left 
0   1   100        4625       70696      70796      359        600        1  Right
2   1   500        4648       70796      71296      360        4000       1  Right
0   1   100        4661       71296      71396      361        600        1  Right
1   0   500        4682       71396      71896      362        3000       1  Right
8   1   100        4684       71896      71996      363        300        1  Right
0   1   100        4701       71996      72096      364        600        1  Right
0   12  100        4706       72096      72196      365        100        1  Right
2   3   100        4722       72096      72197      365        900        1  Left 
12  8   100        4729       72196      72297      366        400        1  Right
0   2   100        4708       72297      72397      368        200        1  Right
8   1   500        4730       72297      72798      368        1500       1  Right
1   0   500        4722       72798      73298      370        3000       1  Right
1   0   500        4735       73298      73798      371        3000       1  Right
3   2   500        4743       73798      74298      372        3500       1  Right
8   12  500        4765       74298      74798      373        2000       1  Right
1   2   500        4789       74298      74799      373        4000       1  Left 
8   1   100        4768       74799      74899      375        300        1  Right
2   1   100        4768       74899      74999      376        800        1  Right
0   1   100        4789       74999      75099      377        600        1  Right
2   0   100        4810       75099      75199      378        200        1  Right
1   8   100        4810       75099      75200      378        300        1  Right
0   15  100        4855       75199      75300      378        900        1  Left 
1   3   100        4827       75200      75301      379        100        1  Right
2   1   100        4821       75301      75401      381        800        1  Right
2   0   100        4823       75401      75501      382        200        1  Right
3   1   100        4840       75401      75502      382        100        1  Right
1   2   500        4842       75502      76002      384        4000       1  Right
8   1   100        4848       76002      76102      385        300        1  Right
15  1   100        4863       76102      76103      386        100        1  Right
5   3   500        4865       76102      76504      386        6000       1  Left 
2   1   100        4864       76504      76604      388        800        1  Right
1   8   500        4866       76604      77104      389        1500       1  Right
1   0   100        4873       77104      77204      390        600        1  Right
1   8   100        4875       77204      77304      391        300        1  Right
3   1   100        4910       77304      77404      392        100        1  Right
3   1   100        4910       77404      77504      393        100        1  Right
6   8   500        4883       77304      77804      392        3500       1  Right
1   2   500        4885       77804      78304      395        4000       1  Right
2   3   100        4908       78304      78404      396        700        1  Right
12  8   100        4960       78404      78504      396        400        1  Right
2   8   100        4967       78504      78604      397        500        1  Right
12  3   100        5035       78604      78704      398        600        1  Right
1   15  500        4889       78304      78804      396        500        1  Right
1   0   500        4899       78804      79304      401        3000       1  Right
1   6   100        4903       79304      79404      402        600        1  Left 
1   0   100        4908       79404      79504      403        600        1  Right
8   0   100        4931       79504      79604      403        300        1  Right
8   2   100        4931       79604      79704      404        500        1  Right
8   12  100        4931       79704      79804      405        400        1  Right
8   2   100        4932       79804      79904      406        500        1  Right
0   6   100        4958       79904      80004      407        400        1  Right
0   1   100        4962       80004      80104      408        600        1  Right
0   8   100        4974       80104      80204      409        300        1  Right
1   0   500        4983       80204      80704      410        3000       1  Right
2   8   500        4986       80704      81204      411        2500       1  Right
0   4   100        5006       81204      81304      412        300        1  Right
8   1   100        5030       81204      81305      412        300        1  Right
6   0   500        5006       81304      81805      413        2000       1  Right
0   4   100        5008       81805      81905      415        300        1  Right
8   6   100        5039       81805      81906      415        900        1  Left 
0   12  100        5010       81905      82006      416        100        1  Right
8   5   100        5064       81906      82007      417        600        1  Right
4   0   500        5042       82006      82507      418        1500       1  Right
4   8   100        5043       82507      82607      420        600        1  Right
3   12  500        5056       82607      83107      421        3000       1  Right
12  1   100        5081       83107      83207      422        700        1  Right
8   1   100        5089       83207      83307      423        300        1  Right
0   2   100        5137       83207      83308      423        200        1  Right
12  0   100        5143       83308      83408      425        100        1  Right
0   2   100        5157       83408      83508      426        200        1  Right
5   8   500        5095       83307      83808      424        3000       1  Right
1   12  500        5112       83808      84308      428        3500       1  Right
1   8   500        5127       84308      84808      429        1500       1  Right
12  1   100        5154       84808      84908      430        700        1  Right
12  0   100        5156       84908      85008      431        100        1  Right
2   8   100        5182       84908      85009      431        1100       1  Left 
0   1   100        5185       85009      85109      433        600        1  Right
1   12  500        5185       85109      85609      434        3500       1  Right
8   4   500        5186       85609      86109      435        3000       1  Right
1   3   500        5187       85609      86110      435        500        1  Right
14  8   100        5201       86109      86210      436        100        1  Right
3   2   500        5190       86110      86611      437        4500       1  Left 
1   3   500        5198       86611      87111      439        500        1  Right
8   2   500        5228       86611      87112      439        2500       1  Right
3   0   100        5219       87112      87212      441        500        1  Right
3   0   100        5235       87212      87312      442        500        1  Right
6   1   500        5210       87111      87612      440        3000       1  Left 
3   15  100        5371       87612      87712      444        200        1  Right
4   0   500        5294       87312      87812      443        1500       1  Right
8   14  500        5247       87312      87813      443        500        1  Right
12  1   100        5217       87812      87913      446        900        1  Left 
3   14  100        5371       87813      87914      447        300        1  Right
0   1   100        5229       87913      88014      448        1000       1  Left 
1   12  500        5248       88014      88514      450        3500       1  Right
0   4   100        5258       88514      88614      451        300        1  Right
8   5   100        5315       88514      88615      451        600        1  Right
0   6   100        5259       88614      88715      452        400        1  Right
12  8   100        5279       88715      88815      454        400        1  Right
1   0   100        5297       88815      88915      455        600        1  Right
13  8   100        5307       88915      89015      456        200        1  Right
0   1   500        5318       88915      89416      456        5000       1  Left 
2   1   100        5342       89416      89516      458        800        1  Left 
8   12  500        5315       89416      89916      458        2000       1  Right
6   8   500        5316       89916      90416      460        3500       1  Right
0   6   100        5318       90416      90516      461        400        1  Right
0   4   100        5318       90516      90616      462        300        1  Right
0   2   100        5333       90616      90716      463        200        1  Right
5   8   500        5346       90416      90917      461        3000       1  Right
1   0   100        5339       90917      91017      465        600        1  Right
12  3   100        5350       91017      91117      466        1000       1  Left 
4   3   100        5355       91117      91118      467        800        1  Left 
8   13  500        5348       91017      91418      466        1000       1  Right
15  8   100        5363       91418      91518      469        400        1  Right
2   0   500        5361       91117      91520      467        1000       1  Right
6   8   100        5365       91518      91619      470        900        1  Left 
2   0   100        5386       91520      91621      471        200        1  Right
3   13  100        5371       91619      91622      472        400        1  Right
13  3   100        5390       91622      91623      474        400        1  Right
14  3   100        5392       91623      91624      475        300        1  Right
0   1   500        5360       91621      91826      473        5000       1  Left 
1   2   500        5363       91826      92326      477        4000       1  Right
0   6   100        5386       92326      92426      478        400        1  Right
15  3   100        5394       92326      92427      478        200        1  Right
2   8   100        5388       92426      92527      479        500        1  Right
8   6   500        5391       92527      93027      481        3500       1  Right
2   1   100        5395       93027      93127      482        800        1  Right
8   1   100        5396       93127      93227      483        300        1  Right
8   1   100        5396       93227      93327      484        300        1  Right
1   0   100        5405       93327      93427      485        600        1  Right
8   15  500        5414       93427      93927      486        2000       1  Right
1   2   500        5416       93927      94427      487        4000       1  Right
0   1   500        5426       94427      94927      487        3000       1  Right
3   12  100        5430       94927      95027      488        600        1  Right
8   1   100        5435       95027      95127      489        300        1  Right
8   4   100        5435       95127      95227      490        600        1  Right
8   6   100        5435       95227      95327      491        700        1  Right
8   15  100        5435       95327      95427      492        400        1  Right
2   6   100        5436       95327      95428      492        200        1  Right
8   14  100        5435       95427      95528      493        100        1  Right
2   1   100        5437       95428      95529      494        800        1  Left 
8   13  100        5435       95528      95629      495        200        1  Right
3   1   100        5469       95529      95629      496        100        1  Right
2   0   100        5441       95529      95630      496        200        1  Right
6   8   100        5454       95629      95730      497        900        1  Left 
8   12  100        5435       95730      95830      499        400        1  Right
3   1   100        5472       95730      95831      499        100        1  Right
4   8   100        5461       95830      95931      500        600        1  Right
1   0   100        5453       95931      96031      502        600        1  Right
1   3   100        5453       96031      96131      503        100        1  Right
0   12  100        5466       96031      96132      503        100        1  Right
1   3   100        5456       96131      96232      504        100        1  Right
0   12  100        5480       96132      96233      505        100        1  Right
1   2   500        5460       96232      96234      506        4000       1  Left 
0   3   500        5528       96233      96235      507        2500       1  Right
2   12  500        5529       96234      96734      508        500        1  Right
4   1   500        5510       96234      96735      508        3500       1  Left 
1   8   100        5473       96735      96835      511        300        1  Right
12  8   100        5476       96835      96935      512        400        1  Right
1   4   100        5479       96835      96936      512        700        1  Left 
12  2   100        5503       96935      97035      513        100        1  Right
13  8   100        5478       96935      97036      513        200        1  Right
0   1   100        5586       97035      97136      515        1000       1  Left 
14  8   100        5480       97036      97137      516        100        1  Right
4   1   100        5666       97136      97237      517        700        1  Left 
8   2   100        5533       97137      97238      518        500        1  Right
15  8   100        5482       97238      97338      520        400        1  Right
1   8   500        5495       97338      97838      521        1500       1  Right
1   8   500        5498       97838      98338      522        1500       1  Right
8   0   100        5543       98338      98438      523        300        1  Right
6   0   500        5558       98438      98938      524        2000       1  Right
3   0   100        5559       98938      99038      525        500        1  Right
8   0   100        5559       99038      99039      526        300        1  Right
3   12  100        5613       99038      99040      526        1000       1  Left 
12  8   100        5565       99040      99140      528        400        1  Right
8   2   100        5601       99140      99141      529        500        1  Right
3   4   500        5631       99040      99442      528        4000       1  Left 
8   12  500        5699       99141      99642      530        2000       1  Right
3   15  500        5650       99442      99943      531        1000       1  Right
15  8   100        5573       99943      100043     533        400        1  Right
15  3   100        5577       100043     100143     534        200        1  Right
0   8   500        5615       100043     100144     534        1500       1  Right
12  3   500        5621       100143     100244     535        5000       1  Left 
1   0   500        5607       100244     100744     537        3000       1  Right
0   5   100        5620       100744     100844     538        700        1  Left 
0   10  100        5620       100844     100944     539        500        1  Left 
0   2   100        5640       100944     101044     540        200        1  Right
0   2   100        5694       101044     101144     541        200        1  Right
0   2   100        5699       101144     101244     542        200        1  Right
8   15  500        5700       100744     101245     538        2000       1  Right
5   3   100        5674       101245     101345     544        400        1  Right
2   8   500        5634       101245     101745     544        2500       1  Right
1   4   500        5699       101345     101846     545        3500       1  Left 
10  8   100        5682       101846     101946     547        800        1  Right
3   4   100        5700       101946     102046     548        800        1  Left 
14  8   100        5744       101946     102047     548        100        1  Right
4   3   100        5708       102046     102048     549        800        1  Left 
13  8   100        5833       102047     102049     550        200        1  Right
2   0   500        5667       101745     102147     546        1000       1  Right
3   5   500        5729       102048     102550     551        2000       1  Right
6   0   500        5683       102147     102648     553        2000       1  Right
8   10  500        5708       102550     103051     554        4000       1  Right
6   2   500        5723       102648     103149     555        1000       1  Right
5   1   100        5760       103051     103151     556        300        1  Right
12  3   100        5731       103051     103152     556        600        1  Right
1   4   100        5731       103151     103153     558        700        1  Left 
0   2   100        5755       103152     103153     559        200        1  Right
14  3   100        5748       103152     103154     559        300        1  Right
4   0   100        5733       103153     103253     560        300        1  Right
1   6   100        5732       103153     103254     560        600        1  Left 
3   15  100        5752       103254     103354     563        200        1  Right
2   1   100        5761       103354     103454     564        800        1  Left 
0   1   100        5761       103454     103554     565        1000       1  Left 
8   14  500        5790       103154     103656     561        500        1  Right
3   12  100        5811       103656     103657     567        600        1  Right
8   0   100        5812       103657     103757     568        300        1  Right
4   1   500        5762       103554     103956     566        3500       1  Left 
15  1   100        5765       103956     104056     570        100        1  Right
1   6   100        5769       104056     104156     571        600        1  Left 
15  3   100        5775       104156     104256     572        200        1  Right
8   13  500        5874       103757     104258     569        1000       1  Right
0   3   100        5783       104258     104259     574        500        1  Right
1   2   500        5782       104256     104260     573        4000       1  Left 
12  3   500        5825       104259     104362     575        3000       1  Right
12  3   100        5829       104362     104462     577        600        1  Right
13  3   100        5837       104462     104562     578        400        1  Right
1   15  500        5791       104260     104761     576        500        1  Right
1   2   100        5796       104761     104762     580        800        1  Left 
2   1   100        5801       104762     104763     581        800        1  Left 
0   3   500        5851       104562     104865     579        2500       1  Right
3   2   100        5812       104865     104965     583        700        1  Right
3   12  100        5813       104965     105065     584        600        1  Right
1   5   500        5804       104763     105264     582        1500       1  Right
3   14  500        5854       105065     105566     585        1500       1  Right
3   14  100        5857       105566     105666     587        300        1  Right
6   1   500        5810       105264     105765     586        3000       1  Left 
15  1   100        5819       105765     105865     589        100        1  Right
0   8   500        5868       105666     106167     588        1500       1  Right
14  3   100        5886       106167     106267     591        300        1  Right
1   2   500        5822       105865     106366     590        4000       1  Left 
2   1   500        5825       106366     106866     593        4000       1  Right
15  1   100        5832       106866     106966     594        100        1  Right
1   6   100        5845       106966     107066     595        600        1  Left 
0   2   500        5880       106866     107367     594        1000       1  Right
3   2   100        5882       107367     107467     597        700        1  Right
1   15  500        5845       107066     107567     596        500        1  Right
0   6   100        5922       107467     107568     597        400        1  Right
0   9   100        5922       107568     107668     599        600        1  Left 
1   15  500        5858       107567     108068     599        500        1  Right
0   2   500        5945       107668     108169     600        1000       1  Right
15  0   100        5834       108169     108269     603        700        1  Right
5   0   100        5844       108269     108369     604        700        1  Left 
2   0   100        5845       108369     108469     605        200        1  Right
12  1   100        5849       108469     108569     606        700        1  Right
1   12  500        5880       108569     109069     607        3500       1  Right
15  1   100        5887       109069     109169     608        100        1  Right
2   3   500        5903       109069     109570     608        3500       1  Right
1   15  500        5913       109169     109670     609        500        1  Right
2   0   100        5914       109570     109671     610        200        1  Right
12  0   100        5917       109671     109771     612        100        1  Right
8   2   100        5956       109671     109772     611        1100       1  Left 
3   12  100        5917       109772     109872     614        600        1  Right
12  8   100        5919       109872     109972     615        400        1  Right
3   12  100        5919       109972     110072     616        600        1  Right
12  1   100        5926       110072     110172     616        700        1  Right
2   1   100        5971       110172     110173     617        800        1  Left 
12  3   500        5928       110172     110573     617        3000       1  Right
15  3   100        5941       110573     110673     619        200        1  Right
9   8   100        5963       110573     110674     619        900        1  Left 
6   3   100        5955       110674     110774     621        700        1  Left 
8   15  100        5956       110774     110874     622        400        1  Right
8   14  100        5956       110874     110974     623        100        1  Right
8   13  100        5956       110974     111074     624        200        1  Right
8   10  100        5956       111074     111174     625        800        1  Right
2   0   500        5971       110674     111175     621        1000       1  Right
3   13  500        5958       111174     111176     626        2000       1  Right
1   12  500        5957       111175     111177     627        4500       1  Left 
10  8   100        5981       111177     111277     629        800        1  Right
2   8   100        5989       111277     111377     630        500        1  Right
3   6   500        5986       111277     111777     630        3500       1  Left 
13  1   100        5988       111777     111877     632        500        1  Right
12  6   100        5990       111777     111878     632        300        1  Right
13  8   100        5993       111877     111978     633        200        1  Right
12  1   100        5991       111878     111979     634        900        1  Left 
14  8   100        5995       111978     112079     635        100        1  Right
12  0   100        5995       111979     112079     636        100        1  Right
1   2   500        5992       111979     112480     636        4000       1  Left 
15  8   100        5997       112480     112580     638        400        1  Right
0   6   100        5998       112480     112581     638        400        1  Right
2   0   100        6015       112581     112681     640        200        1  Right
0   4   100        6024       112681     112781     640        300        1  Right
0   2   100        6025       112781     112881     641        200        1  Right
1   13  500        6015       112580     113081     639        2500       1  Right
6   1   100        6022       113081     113181     643        600        1  Left 
12  8   500        6074       113081     113582     643        2000       1  Right
1   12  500        6024       113582     114082     645        3500       1  Right
0   1   100        6026       114082     114182     646        600        1  Right
6   1   500        6027       114182     114682     647        3000       1  Left 
0   2   500        6041       114182     114683     647        1000       1  Right
13  1   100        6041       114682     114783     648        500        1  Right
0   4   100        6067       114683     114784     649        300        1  Right
13  1   100        6054       114783     114884     650        500        1  Right
8   12  100        6048       114884     114984     652        400        1  Right
8   12  100        6050       114984     115084     653        400        1  Right
13  0   100        6056       115084     115184     654        100        1  Right
2   0   100        6073       115184     115284     655        200        1  Right
0   8   100        6085       115284     115384     656        300        1  Right
1   6   500        6063       114884     115385     652        3000       1  Left 
6   0   100        6105       115385     115485     658        400        1  Right
0   10  100        6224       115485     115585     658        500        1  Left 
0   11  100        6225       115585     115586     659        800        1  Left 
0   12  100        6246       115586     115686     660        100        1  Right
1   13  500        6067       115385     115786     658        2500       1  Right
2   1   100        6075       115786     115886     663        800        1  Right
1   13  500        6080       115886     116386     664        2500       1  Right
1   2   100        6083       116386     116486     665        800        1  Right
4   1   100        6092       116486     116487     666        700        1  Left 
2   3   500        6090       116486     116887     666        3500       1  Right
1   2   500        6097       116887     117387     668        4000       1  Right
13  1   100        6115       117387     117487     669        500        1  Right
8   9   500        6118       117487     117987     670        3500       1  Right
3   0   100        6124       117987     118087     670        500        1  Right
8   2   100        6137       118087     118187     671        500        1  Right
8   2   100        6137       118187     118287     672        500        1  Right
13  8   100        6167       118287     118387     673        200        1  Right
1   4   500        6123       117987     118487     670        3500       1  Left 
2   1   500        6123       118487     118987     675        4000       1  Right
2   4   100        6124       118987     119087     676        100        1  Right
6   1   500        6137       118987     119488     676        3000       1  Left 
1   13  500        6141       119488     119988     678        2500       1  Right
6   12  500        6277       119488     119989     678        1500       1  Right
1   2   100        6145       119989     120089     680        800        1  Left 
0   12  100        6327       119989     120090     680        100        1  Right
1   6   100        6192       120089     120189     681        600        1  Left 
1   5   100        6217       120189     120289     683        300        1  Right
8   13  500        6208       119988     120489     679        1000       1  Right
8   0   100        6271       120489     120589     685        300        1  Right
4   2   500        6165       120089     120591     681        500        1  Right
8   11  500        6286       120589     121090     686        2500       1  Right
6   0   500        6299       120591     121092     687        2000       1  Right
2   1   500        6173       121092     121592     689        4000       1  Right
2   3   100        6183       121592     121692     690        700        1  Right
5   1   500        6255       121592     122093     690        1500       1  Right
2   8   500        6186       121692     122193     691        2500       1  Right
3   2   100        6192       122193     122293     693        700        1  Right
2   8   500        6213       122293     122793     694        2500       1  Right
3   15  500        6238       122293     122794     694        1000       1  Right
11  8   100        6255       122793     122894     695        1100       1  Left 
13  3   100        6245       122894     122895     697        400        1  Right
1   0   500        6309       122894     123296     697        5000       1  Left 
10  3   100        6257       123296     123396     699        600        1  Right
2   0   500        6312       123296     123797     699        1000       1  Right
3   10  500        6288       123396     123897     700        3000       1  Right
4   0   500        6329       123797     124298     701        1500       1  Right
12  1   100        6315       124298     124398     703        700        1  Right
2   4   100        6376       124298     124399     703        100        1  Right
11  1   100        6321       124398     124499     704        200        1  Right
0   2   100        6337       124399     124500     705        200        1  Right
10  1   100        6323       124499     124600     706        500        1  Right
2   6   100        6377       124500     124600     707        200        1  Right
0   8   100        6368       124500     124601     707        300        1  Right
1   12  500        6346       124600     125101     708        4500       1  Left 
0   5   100        6369       125101     125201     710        700        1  Left 
0   2   100        6386       125201     125301     711        200        1  Right
2   6   100        6399       125301     125401     712        200        1  Right
1   11  500        6357       125101     125601     710        1000       1  Right
1   10  500        6364       125601     126101     714        2500       1  Right
12  1   100        6375       126101     126102     715        700        1  Right
15  2   100        6397       126101     126103     715        700        1  Left 
1   12  500        6406       126102     126603     716        3500       1  Right
4   2   500        6410       126103     126604     717        500        1  Right
0   15  100        6387       126603     126704     718        700        1  Right
11  0   100        6393       126704     126804     720        800        1  Right
11  1   100        6404       126804     126904     721        200        1  Right
11  0   100        6406       126904     127004     722        800        1  Right
10  0   100        6409       127004     127104     723        500        1  Left 
5   1   100        6411       127004     127105     723        300        1  Right
