
560
C:/Users/nxconrad/Desktop/REU 2.0/Benchmark Data/16-core/7/flow_freqmine100#1.txt
759
[15, 7, 6, 2, 10, 0, 5, 3, 9, 4, 8, 12, 1, 14, 11, 13]
8   0   100        0          2          102        0          500        1  Right
0   8   500        317        319        819        0          2500       1  Right
8   1   100        376        819        919        1          200        1  Right
1   8   500        678        919        1419       1          1000       1  Right
8   1   100        725        1419       1519       2          200        1  Right
3   0   100        1001       1419       1520       0          200        1  Right
6   0   100        1002       1520       1620       2          300        1  Right
5   0   100        1003       1620       1720       3          100        1  Right
9   0   100        1003       1720       1820       4          300        1  Right
1   0   100        1004       1820       1920       5          700        1  Right
15  0   100        1004       1920       2020       6          500        1  Right
1   8   500        1027       1920       2421       6          1000       1  Right
0   15  500        1025       2020       2521       7          2500       1  Right
12  0   100        1005       2521       2621       9          600        1  Right
14  0   100        1006       2621       2721       10         800        1  Right
10  0   100        1006       2721       2821       11         100        1  Right
11  0   100        1007       2821       2921       12         700        1  Left 
4   0   100        1008       2921       3021       13         400        1  Right
13  0   100        1008       3021       3121       14         600        1  Left 
7   0   100        1010       3121       3221       15         400        1  Right
2   0   100        1012       3221       3321       16         200        1  Right
0   1   500        1025       3321       3821       17         3500       1  Right
0   14  500        1032       3821       4321       18         4000       1  Right
0   2   500        1038       4321       4821       19         1000       1  Right
15  0   100        1042       4821       4921       20         500        1  Right
0   13  500        1052       4921       5421       21         3000       1  Left 
0   12  500        1052       5421       5921       22         3000       1  Right
1   0   100        1053       5921       6021       23         700        1  Right
14  0   100        1069       6021       6121       24         800        1  Right
0   4   500        1075       6121       6621       25         2000       1  Right
1   8   500        1379       6121       6622       25         1000       1  Right
0   5   500        1075       6621       7122       26         500        1  Right
8   0   100        1077       7122       7222       28         500        1  Right
8   1   100        1079       7222       7322       29         200        1  Right
0   11  500        1097       7222       7723       29         3500       1  Left 
8   0   100        1080       7723       7823       31         500        1  Right
2   0   100        1086       7823       7923       32         200        1  Right
0   6   500        1097       7923       8423       33         1500       1  Right
13  0   100        1102       8423       8523       34         600        1  Left 
12  0   100        1118       8523       8623       35         600        1  Right
0   10  500        1119       8623       9123       36         500        1  Right
0   9   500        1119       9123       9623       37         1500       1  Right
4   0   100        1129       9623       9723       38         400        1  Right
0   7   500        1141       9723       10223      39         2000       1  Right
5   0   100        1145       10223      10323      40         100        1  Right
11  0   100        1156       10323      10423      41         700        1  Left 
6   0   100        1172       10423      10523      42         300        1  Right
10  0   100        1183       10523      10623      43         100        1  Right
9   0   100        1199       10623      10723      44         300        1  Right
7   0   100        1210       10723      10823      45         400        1  Right
0   3   500        1319       10823      11323      46         1000       1  Right
0   1   100        1340       11323      11423      47         700        1  Right
3   1   100        1353       11423      11523      48         500        1  Right
0   7   500        1356       11423      11924      48         2000       1  Right
7   1   100        1410       11924      12024      50         500        1  Left 
0   9   500        1356       11924      12424      50         1500       1  Right
9   1   100        1421       12424      12524      51         400        1  Right
0   10  500        1357       12424      12924      52         500        1  Right
0   6   500        1357       12924      13424      54         1500       1  Right
0   11  500        1378       13424      13924      55         3500       1  Left 
10  1   100        1438       13924      14024      55         800        1  Left 
8   6   100        1542       14024      14124      54         800        1  Left 
0   5   500        1378       13924      14424      56         500        1  Right
0   4   500        1400       14424      14924      59         2000       1  Right
0   12  500        1400       14924      15424      60         3000       1  Right
0   13  500        1422       15424      15924      60         3000       1  Left 
0   2   500        1422       15924      16424      61         1000       1  Right
0   14  500        1444       16424      16924      62         4000       1  Right
0   1   500        1444       16924      17424      63         3500       1  Right
6   1   100        1449       17424      17524      64         600        1  Left 
11  1   100        1455       17524      17624      65         200        1  Right
5   1   100        1466       17624      17724      66         600        1  Right
4   1   100        1472       17724      17824      67         300        1  Right
12  1   100        1483       17824      17924      68         100        1  Right
13  1   100        1489       17924      18024      69         300        1  Right
0   15  500        1466       17524      18025      65         2500       1  Right
0   8   100        1466       18025      18125      71         500        1  Right
2   1   100        1493       18025      18126      71         700        1  Left 
0   8   100        1466       18125      18226      72         500        1  Right
14  1   100        1504       18126      18227      73         100        1  Right
15  1   100        1512       18227      18327      75         400        1  Left 
8   1   100        1546       18327      18427      74         200        1  Right
1   0   500        1612       18427      18927      75         3500       1  Right
1   15  500        1627       18927      19427      75         2000       1  Left 
1   14  500        1627       19427      19927      76         500        1  Right
1   13  500        1628       19927      20427      77         1500       1  Right
0   1   100        1631       20427      20527      78         700        1  Right
1   0   100        1633       20527      20627      79         700        1  Right
1   2   500        1640       20627      21127      80         3500       1  Left 
15  0   100        1651       21127      21227      81         500        1  Right
14  0   100        1657       21227      21327      82         800        1  Left 
13  0   100        1673       21327      21427      83         600        1  Left 
2   0   100        1682       21427      21527      84         200        1  Right
1   12  500        1640       21127      21627      81         500        1  Right
1   4   500        1662       21627      22127      86         1500       1  Right
1   5   500        1662       22127      22627      87         3000       1  Right
12  0   100        1703       22627      22727      88         600        1  Right
4   0   100        1714       22727      22827      89         400        1  Right
5   0   100        1730       22827      22927      89         100        1  Right
1   11  500        1685       22627      23127      88         1000       1  Right
1   6   500        1685       23127      23627      92         3000       1  Left 
1   10  500        1707       23627      24127      93         4000       1  Right
11  0   100        1741       24127      24227      93         700        1  Left 
6   0   100        1757       24227      24327      94         300        1  Right
10  0   100        1768       24327      24427      95         100        1  Right
1   9   500        1707       24127      24627      94         2000       1  Right
4   1   100        1724       24627      24727      97         300        1  Right
9   0   100        1784       24627      24728      97         300        1  Right
3   0   100        1786       24728      24828      99         200        1  Right
3   0   100        1788       24828      24928      100        200        1  Right
8   6   100        1841       24928      24929      100        800        1  Right
0   6   100        1935       24929      25029      100        300        1  Right
1   7   500        1729       24727      25129      98         2500       1  Left 
5   1   100        1730       25129      25229      104        600        1  Right
7   0   100        1795       25129      25230      104        400        1  Right
12  1   100        1735       25229      25330      105        100        1  Right
0   15  100        1959       25230      25331      104        500        1  Right
1   3   500        1740       25330      25831      107        2500       1  Right
13  1   100        1741       25831      25931      109        300        1  Right
11  1   100        1741       25931      26031      110        200        1  Right
2   1   100        1745       26031      26131      111        700        1  Left 
14  1   100        1756       26131      26231      112        100        1  Right
6   1   100        1757       26231      26331      113        600        1  Left 
15  1   100        1764       26331      26431      114        400        1  Left 
6   8   500        1819       26331      26832      113        4000       1  Right
10  1   100        1768       26832      26932      116        800        1  Right
15  6   100        1967       26832      26933      114        200        1  Right
9   1   100        1784       26932      27033      117        400        1  Right
7   1   100        1795       27033      27133      119        500        1  Left 
8   1   100        1847       27133      27233      119        200        1  Right
1   8   500        1848       27233      27733      120        1000       1  Right
1   8   500        1898       27733      28233      121        1000       1  Right
8   0   100        1947       28233      28333      121        500        1  Right
1   6   100        1976       28233      28334      121        600        1  Left 
0   1   100        1968       28334      28434      123        700        1  Right
14  6   100        1984       28334      28435      123        500        1  Left 
2   6   100        2008       28435      28535      125        100        1  Right
13  6   100        2009       28535      28635      126        300        1  Left 
1   0   500        2024       28434      28935      123        3500       1  Right
0   14  100        1970       28935      29035      128        800        1  Right
0   13  100        1991       29035      29135      129        600        1  Left 
3   1   100        2125       29035      29136      128        500        1  Right
0   2   100        1995       29135      29236      130        200        1  Right
0   12  100        2026       29236      29336      131        600        1  Right
0   4   100        2037       29336      29436      132        400        1  Right
0   5   100        2060       29436      29536      133        100        1  Right
1   7   500        2039       29136      29537      130        2500       1  Left 
6   8   500        2118       29536      29937      134        4000       1  Right
1   9   500        2039       29937      30437      136        2000       1  Right
6   0   500        2232       29937      30438      136        1500       1  Right
1   10  500        2040       30438      30938      138        4000       1  Right
1   6   500        2040       30938      31438      139        3000       1  Left 
12  6   100        2049       31438      31538      140        700        1  Left 
4   6   100        2068       31538      31638      141        700        1  Right
1   15  500        2062       31538      32038      141        2000       1  Left 
1   11  500        2062       32038      32538      143        1000       1  Right
0   11  100        2069       32538      32638      144        700        1  Left 
0   6   100        2090       32638      32738      145        300        1  Right
5   6   100        2101       32738      32838      146        400        1  Right
0   10  100        2101       32838      32938      147        100        1  Right
11  6   100        2113       32838      32939      147        400        1  Left 
1   14  500        2085       32538      33039      144        500        1  Right
10  6   100        2137       32939      33039      149        200        1  Right
0   3   100        2107       32938      33040      148        200        1  Right
9   6   100        2163       33039      33140      150        1000       1  Left 
7   6   100        2177       33140      33240      152        100        1  Right
1   5   500        2096       33140      33640      152        3000       1  Right
0   9   100        2122       33640      33740      154        300        1  Right
0   7   100        2133       33740      33840      155        400        1  Right
0   3   100        2236       33840      33940      156        200        1  Right
3   6   100        2254       33940      34040      157        500        1  Right
1   13  500        2096       33640      34140      154        1500       1  Right
0   8   100        2410       34040      34141      158        500        1  Right
0   8   100        2583       34141      34241      158        500        1  Right
1   2   500        2119       34140      34641      159        3500       1  Left 
1   12  500        2119       34641      35141      162        500        1  Right
1   4   500        2142       35141      35641      163        1500       1  Right
6   1   500        2268       35641      36141      164        3000       1  Left 
1   0   100        2310       36141      36241      165        700        1  Right
1   0   100        2314       36241      36341      166        700        1  Right
6   15  500        2280       36141      36641      165        1000       1  Right
1   3   500        2427       36341      36842      166        2500       1  Right
8   1   100        2453       36842      36942      168        200        1  Right
6   14  500        2313       36641      37142      168        2500       1  Left 
1   8   500        2755       36942      37443      166        1000       1  Right
15  0   100        2332       37443      37543      172        1100       1  Left 
6   2   500        2323       37142      37643      171        500        1  Right
15  0   100        2336       37543      37644      173        1100       1  Left 
14  0   100        2360       37644      37744      175        800        1  Right
2   0   100        2361       37744      37844      176        200        1  Right
14  0   100        2364       37844      37944      177        800        1  Right
2   0   100        2365       37944      38044      178        200        1  Right
14  8   100        2896       37944      38045      173        300        1  Right
6   13  500        2345       37644      38144      175        1500       1  Left 
6   12  500        2378       38144      38644      181        3500       1  Left 
13  0   100        2387       38644      38744      182        600        1  Left 
13  0   100        2391       38744      38844      183        600        1  Left 
6   4   500        2400       38844      39344      184        3500       1  Right
12  0   100        2415       39344      39444      185        600        1  Right
12  0   100        2419       39444      39544      186        600        1  Right
3   4   100        2455       39544      39644      186        200        1  Right
3   4   100        2756       39644      39744      184        200        1  Right
6   5   500        2422       39544      40044      186        2000       1  Right
4   0   100        2427       40044      40144      189        400        1  Right
4   0   100        2431       40144      40244      190        400        1  Right
5   0   100        2444       40244      40344      191        100        1  Right
5   0   100        2448       40344      40444      192        100        1  Right
6   11  500        2433       40044      40545      189        2000       1  Left 
6   0   100        2463       40545      40645      194        300        1  Right
11  0   100        2465       40645      40745      195        700        1  Left 
6   0   100        2467       40745      40845      196        300        1  Right
11  0   100        2469       40845      40945      197        700        1  Left 
6   10  500        2488       40945      41445      198        1000       1  Right
6   9   500        2510       41445      41945      199        3000       1  Right
10  0   100        2515       41945      42045      200        100        1  Right
10  0   100        2519       42045      42145      201        100        1  Right
9   0   100        2532       42145      42245      201        300        1  Right
9   0   100        2536       42245      42345      202        300        1  Right
6   7   500        2521       41945      42446      199        500        1  Right
7   0   100        2543       42446      42546      204        400        1  Right
7   0   100        2547       42546      42646      205        400        1  Right
6   3   500        2554       42646      43146      206        2500       1  Right
0   3   100        2587       43146      43246      207        200        1  Right
0   14  100        2883       43246      43346      205        800        1  Left 
0   14  100        2887       43346      43446      206        800        1  Left 
0   1   100        2970       43446      43546      206        900        1  Left 
0   8   100        2985       43546      43547      207        1100       1  Left 
4   3   500        2737       43246      43647      206        1000       1  Right
3   0   100        2757       43647      43747      211        200        1  Right
8   0   100        2808       43747      43847      212        500        1  Right
3   0   500        2879       43847      44347      212        1000       1  Right
14  3   100        2900       44347      44447      213        600        1  Right
14  1   100        3228       44447      44547      210        100        1  Right
8   0   500        2910       44447      44947      214        2500       1  Right
8   0   100        2942       44947      45047      215        500        1  Right
8   14  500        3041       45047      45547      215        1500       1  Right
4   3   500        3042       45047      45548      215        1000       1  Right
8   0   100        3181       45547      45648      215        1100       1  Left 
3   2   100        3066       45648      45748      218        400        1  Right
0   3   100        3077       45748      45848      219        200        1  Right
3   6   100        3095       45848      45948      220        500        1  Right
0   8   500        3125       45948      46448      220        2500       1  Right
0   13  100        3185       46448      46548      221        600        1  Left 
0   13  100        3189       46548      46648      222        600        1  Left 
3   14  500        3192       46448      46949      221        3000       1  Right
13  8   100        3203       46949      47049      224        500        1  Right
13  3   100        3207       47049      47149      225        800        1  Right
3   14  100        3233       47149      47249      225        600        1  Right
1   0   500        3242       47249      47749      226        3500       1  Right
8   13  500        3244       47749      48249      227        2500       1  Right
14  3   100        3251       48249      48349      228        600        1  Right
0   1   100        3274       48349      48449      229        700        1  Right
0   5   100        3498       48449      48549      229        100        1  Right
3   13  500        3282       48449      48949      230        4000       1  Right
13  1   100        3313       48949      49049      232        300        1  Right
2   3   500        3338       48949      49450      231        2000       1  Right
1   14  500        3515       49049      49550      232        500        1  Right
3   6   100        3358       49450      49551      233        500        1  Right
1   13  500        3530       49550      50051      234        1500       1  Right
6   3   500        3377       49551      50052      235        2500       1  Right
3   1   100        3359       50052      50053      237        500        1  Right
14  0   100        3537       50052      50054      237        800        1  Left 
8   5   500        3557       50053      50055      238        2000       1  Right
1   0   500        3546       50054      50056      239        4500       1  Left 
0   8   500        3498       50056      50556      241        2500       1  Right
0   11  100        3499       50556      50656      242        700        1  Left 
5   8   100        3526       50556      50657      242        400        1  Right
13  0   100        3557       50656      50658      243        600        1  Left 
11  3   100        3540       50657      50659      244        700        1  Right
8   1   100        3560       50659      50759      246        200        1  Right
0   1   100        3568       50759      50859      247        700        1  Right
0   2   100        3580       50859      50959      248        200        1  Right
1   3   500        3638       50859      51360      248        2500       1  Right
1   8   100        3808       51360      51460      250        200        1  Right
6   3   500        3640       51360      51860      250        2500       1  Right
3   2   100        3676       51860      51960      252        400        1  Right
0   1   100        3800       51960      52060      253        700        1  Right
0   7   100        3801       52060      52160      254        400        1  Right
3   11  500        3827       52060      52561      253        3500       1  Right
1   0   500        3840       52561      53061      255        3500       1  Right
7   3   100        3841       53061      53161      256        600        1  Right
8   1   500        3862       53061      53562      256        1000       1  Right
2   0   500        3857       53161      53662      257        1000       1  Right
0   3   100        3863       53662      53762      259        200        1  Right
0   14  100        3868       53762      53862      260        800        1  Left 
3   11  100        3877       53862      53962      261        900        1  Left 
11  3   100        3890       53962      54062      262        900        1  Left 
1   8   500        3870       53562      54063      258        1000       1  Right
14  1   100        3881       54063      54163      264        100        1  Right
3   7   500        3916       54062      54563      263        3000       1  Right
8   0   100        3924       54563      54663      266        500        1  Right
2   3   500        3948       54663      55163      267        2000       1  Right
3   6   100        3975       55163      55263      268        500        1  Right
0   8   500        3980       55263      55763      269        2500       1  Right
3   5   100        4000       55763      55863      270        100        1  Right
8   0   100        4042       55763      55864      270        1100       1  Left 
8   1   100        4044       55864      55964      272        200        1  Right
0   15  100        4102       55864      55965      272        500        1  Right
1   3   100        4096       55964      56065      273        500        1  Right
0   1   100        4104       56065      56165      275        700        1  Right
3   1   100        4109       56165      56265      276        500        1  Right
15  8   100        4110       56265      56365      277        600        1  Left 
3   0   100        4139       56265      56366      277        200        1  Right
8   15  500        4161       56365      56866      278        3000       1  Left 
3   0   500        4155       56366      56867      279        1000       1  Right
8   4   100        4188       56866      56967      280        100        1  Right
1   3   100        4113       56867      56968      281        1100       1  Left 
0   3   100        4157       56968      57068      283        200        1  Right
0   13  100        4171       57068      57168      284        600        1  Left 
1   8   500        4135       56968      57468      283        1000       1  Right
6   3   500        4257       57168      57669      285        2500       1  Right
4   8   500        4224       57468      57968      286        500        1  Right
1   14  500        4153       57468      57969      286        500        1  Right
1   14  100        4223       57969      58069      289        100        1  Right
1   0   100        4240       58069      58169      290        900        1  Left 
5   3   500        4283       57669      58171      287        500        1  Right
1   0   500        4243       58169      58670      291        4500       1  Left 
3   1   500        4188       58670      59170      293        2500       1  Right
13  1   100        4189       59170      59270      294        300        1  Right
0   1   100        4222       59270      59370      295        700        1  Right
14  1   100        4231       59370      59470      296        100        1  Right
0   8   100        4268       59370      59471      296        500        1  Right
1   13  500        4252       59470      59971      297        1500       1  Right
1   0   100        4253       59971      60071      299        700        1  Right
0   1   100        4275       60071      60171      300        700        1  Right
1   0   500        4296       60171      60671      301        3500       1  Right
1   3   100        4298       60671      60771      302        500        1  Right
0   6   100        4316       60671      60772      302        300        1  Right
3   1   100        4307       60771      60872      303        500        1  Right
0   1   100        4317       60872      60972      305        700        1  Right
8   1   100        4324       60972      61072      305        200        1  Right
8   5   100        4324       61072      61172      306        400        1  Right
8   15  100        4324       61172      61272      307        600        1  Left 
8   14  100        4324       61272      61372      308        300        1  Right
8   13  100        4324       61372      61472      309        500        1  Right
1   8   100        4333       61472      61572      310        200        1  Right
1   0   500        4340       61572      62072      311        3500       1  Right
5   8   100        4345       62072      62172      312        400        1  Right
1   8   100        4362       62172      62272      313        200        1  Right
13  8   100        4364       62272      62372      314        500        1  Right
14  8   100        4366       62372      62472      315        300        1  Right
15  8   100        4368       62472      62572      316        600        1  Left 
8   1   100        4371       62572      62672      317        200        1  Right
15  3   100        4415       62572      62673      317        700        1  Right
0   8   100        4385       62673      62773      319        500        1  Right
15  1   100        4494       62673      62774      319        400        1  Left 
0   2   100        4404       62773      62874      320        200        1  Right
0   15  100        4406       62874      62974      322        500        1  Right
1   3   500        4422       62774      63275      321        2500       1  Right
2   8   100        4417       63275      63375      324        700        1  Right
8   0   100        4419       63375      63475      325        500        1  Right
8   6   100        4428       63475      63575      326        800        1  Right
8   4   100        4440       63575      63675      327        100        1  Right
3   0   100        4450       63575      63676      327        200        1  Right
8   6   100        4441       63675      63776      328        800        1  Left 
3   15  500        4451       63776      64276      330        3500       1  Right
4   8   500        4476       63776      64277      330        500        1  Right
6   3   100        4454       64276      64377      331        500        1  Right
1   15  500        4520       64276      64777      331        2000       1  Left 
0   3   500        4462       64377      64878      333        1000       1  Right
8   0   100        4463       64878      64978      335        500        1  Right
3   6   100        4472       64978      65078      336        500        1  Right
8   2   100        4515       65078      65178      337        900        1  Left 
0   3   500        4481       65078      65578      337        1000       1  Right
3   0   100        4512       65578      65678      339        200        1  Right
8   2   500        4570       65178      65679      338        4500       1  Left 
3   5   100        4588       65678      65779      340        100        1  Right
0   8   500        4506       65679      66180      341        5500       1  Left 
6   8   500        4513       66180      66680      343        4000       1  Right
15  0   100        4547       66680      66780      344        500        1  Right
0   3   500        4552       66780      67280      345        1000       1  Right
2   8   500        4561       66780      67281      345        4500       1  Left 
0   1   100        4552       67281      67381      347        700        1  Right
0   1   100        4573       67381      67481      348        700        1  Right
1   2   100        4581       67481      67581      349        700        1  Left 
2   0   100        4602       67581      67681      350        200        1  Right
3   1   500        4594       67581      68081      350        2500       1  Right
1   8   100        4646       68081      68181      352        200        1  Right
6   0   500        4613       67681      68182      351        1500       1  Right
1   8   100        4679       68181      68282      353        200        1  Right
0   2   100        4622       68182      68283      354        200        1  Right
8   6   100        4606       68282      68383      355        800        1  Left 
0   1   100        4625       68383      68483      357        700        1  Right
2   1   500        4648       68483      68983      358        3500       1  Left 
0   1   100        4661       68983      69083      359        700        1  Right
1   0   500        4682       69083      69583      360        3500       1  Right
8   1   100        4684       69583      69683      361        200        1  Right
2   3   100        4722       69583      69684      361        400        1  Right
6   8   500        4720       69683      70184      362        4000       1  Left 
0   1   100        4701       70184      70284      364        700        1  Right
0   12  100        4706       70284      70384      365        600        1  Right
0   2   100        4708       70384      70484      366        200        1  Right
12  8   100        4729       70384      70485      366        100        1  Right
1   0   500        4722       70484      70985      367        4500       1  Left 
8   1   500        4730       70985      71485      369        1000       1  Right
3   2   500        4743       70985      71486      369        2000       1  Right
8   12  500        4765       71485      71986      370        500        1  Right
1   0   500        4735       71486      71987      371        4500       1  Left 
8   1   100        4768       71987      72087      373        200        1  Right
2   1   100        4768       72087      72187      374        700        1  Left 
0   1   100        4789       72187      72287      375        700        1  Right
1   2   500        4789       72287      72787      376        3500       1  Left 
2   0   100        4810       72787      72887      377        200        1  Right
1   8   100        4810       72787      72888      377        200        1  Right
0   15  100        4855       72887      72988      377        500        1  Right
1   3   100        4827       72888      72989      378        500        1  Right
2   1   100        4821       72989      73089      380        700        1  Left 
2   0   100        4823       73089      73189      381        200        1  Right
5   3   500        4865       72989      73490      380        500        1  Right
1   2   500        4842       73189      73690      382        3500       1  Left 
3   1   100        4840       73690      73790      384        500        1  Right
8   1   100        4848       73790      73890      385        200        1  Right
15  1   100        4863       73890      73990      386        400        1  Left 
2   1   100        4864       73990      74090      387        700        1  Left 
2   3   100        4908       74090      74190      388        400        1  Right
1   8   500        4866       74090      74590      388        1000       1  Right
1   0   100        4873       74590      74690      390        700        1  Right
1   8   100        4875       74690      74790      391        200        1  Right
6   8   500        4883       74790      75290      392        4000       1  Right
12  8   100        4960       75290      75390      392        100        1  Right
12  3   100        5035       75390      75490      393        400        1  Right
1   2   500        4885       75290      75790      393        3500       1  Left 
2   8   100        4967       75790      75890      395        700        1  Right
1   15  500        4889       75790      76290      396        2000       1  Left 
1   0   500        4899       76290      76790      398        3500       1  Right
1   6   100        4903       76790      76890      399        600        1  Left 
1   0   100        4908       76890      76990      400        700        1  Right
3   1   100        4910       76990      77090      401        500        1  Right
0   6   100        4958       76990      77091      400        300        1  Right
3   1   100        4910       77090      77191      402        500        1  Right
8   0   100        4931       77191      77291      403        500        1  Right
8   2   100        4931       77291      77391      404        700        1  Right
8   12  100        4931       77391      77491      405        100        1  Right
0   1   100        4962       77391      77492      405        900        1  Left 
8   2   100        4932       77492      77592      407        700        1  Right
0   8   100        4974       77592      77692      408        500        1  Right
1   0   500        4983       77692      78192      409        3500       1  Right
2   8   500        4986       78192      78692      410        3500       1  Right
0   4   100        5006       78692      78792      411        400        1  Right
8   1   100        5030       78692      78793      411        200        1  Right
12  1   100        5081       78793      78893      413        100        1  Right
6   0   500        5006       78792      79293      412        1500       1  Right
0   4   100        5008       79293      79393      415        400        1  Right
8   6   100        5039       79293      79394      415        800        1  Left 
4   0   500        5042       79393      79894      416        2000       1  Right
0   12  100        5010       79894      79994      418        600        1  Right
4   8   100        5043       79994      79995      419        100        1  Right
3   12  500        5056       79994      80396      419        6000       1  Left 
8   5   100        5064       80396      80496      421        400        1  Right
0   2   100        5137       80396      80496      421        200        1  Right
0   2   100        5157       80496      80596      422        200        1  Right
1   12  500        5112       80396      80897      421        500        1  Right
5   8   500        5095       80496      80898      422        2000       1  Right
12  0   100        5143       80897      80899      424        1000       1  Left 
8   1   100        5089       80899      80999      426        200        1  Right
3   2   500        5190       80899      81400      426        2000       1  Right
1   8   500        5127       80999      81500      427        1000       1  Right
12  1   100        5154       81500      81600      429        100        1  Right
2   8   100        5182       81500      81601      429        700        1  Right
1   12  500        5185       81600      82101      430        500        1  Right
8   4   500        5186       81601      82102      431        500        1  Right
12  0   100        5156       82101      82202      432        1000       1  Left 
0   1   100        5185       82202      82302      434        700        1  Right
1   3   500        5187       82302      82802      435        2500       1  Right
1   3   500        5198       82802      83302      436        2500       1  Right
14  8   100        5201       83302      83402      437        300        1  Right
3   0   100        5219       83302      83403      437        200        1  Right
6   1   500        5210       83402      83404      438        3000       1  Left 
8   2   500        5228       83403      83405      439        3500       1  Right
12  1   100        5217       83404      83505      440        100        1  Right
3   0   100        5235       83405      83506      441        200        1  Right
8   14  500        5247       83505      84006      442        1500       1  Right
4   0   500        5294       83506      84007      443        2000       1  Right
8   5   100        5315       84007      84107      445        400        1  Right
3   15  100        5371       84107      84207      446        700        1  Right
3   14  100        5371       84207      84307      447        1000       1  Left 
1   12  500        5248       84006      84507      444        500        1  Right
0   1   100        5229       84507      84607      449        700        1  Right
0   4   100        5258       84607      84707      450        400        1  Right
12  8   100        5279       84607      84708      450        100        1  Right
0   6   100        5259       84707      84808      451        300        1  Right
13  8   100        5307       84708      84809      452        500        1  Right
1   0   100        5297       84809      84909      454        700        1  Right
8   12  500        5315       84909      85409      455        500        1  Right
0   1   500        5318       84909      85410      455        4500       1  Left 
12  3   100        5350       85409      85510      456        400        1  Right
0   6   100        5318       85410      85511      457        300        1  Right
4   3   100        5355       85510      85610      458        200        1  Right
0   4   100        5318       85610      85710      460        400        1  Right
0   2   100        5333       85710      85810      461        200        1  Right
8   13  500        5348       85510      86011      458        2500       1  Right
6   8   500        5316       86011      86511      463        4000       1  Right
1   0   100        5339       86511      86611      464        700        1  Right
2   1   100        5342       86611      86711      465        700        1  Left 
5   8   500        5346       86611      86712      465        2000       1  Right
0   1   500        5360       86711      86812      466        4500       1  Left 
15  8   100        5363       86812      86912      468        600        1  Left 
6   8   100        5365       86912      87012      469        800        1  Left 
3   13  100        5371       87012      87112      470        800        1  Right
13  3   100        5390       87112      87212      471        800        1  Right
2   0   500        5361       86812      87312      468        1000       1  Right
14  3   100        5392       87212      87313      472        600        1  Right
2   0   100        5386       87312      87413      473        200        1  Right
15  3   100        5394       87313      87414      474        900        1  Left 
0   6   100        5386       87413      87514      475        300        1  Right
3   12  100        5430       87414      87515      475        400        1  Right
1   2   500        5363       87514      88015      477        3500       1  Left 
2   8   100        5388       88015      88115      479        700        1  Right
8   6   500        5391       88115      88615      480        4000       1  Right
2   1   100        5395       88615      88715      481        700        1  Left 
8   1   100        5396       88715      88815      482        200        1  Right
8   1   100        5396       88815      88915      483        200        1  Right
1   0   100        5405       88915      89015      484        700        1  Right
8   15  500        5414       89015      89515      485        3000       1  Left 
1   2   500        5416       89515      90015      486        3500       1  Left 
0   1   500        5426       90015      90515      486        3500       1  Right
8   1   100        5435       90515      90615      487        200        1  Right
8   4   100        5435       90615      90715      488        100        1  Right
8   6   100        5435       90715      90815      489        800        1  Right
8   15  100        5435       90815      90915      490        600        1  Left 
2   6   100        5436       90815      90916      490        100        1  Right
8   14  100        5435       90915      91016      491        300        1  Right
8   13  100        5435       91016      91116      493        500        1  Right
8   12  100        5435       91116      91216      494        100        1  Right
2   1   100        5437       91116      91217      494        700        1  Left 
0   12  100        5466       91216      91317      495        600        1  Right
2   0   100        5441       91317      91417      497        200        1  Right
6   8   100        5454       91317      91418      497        800        1  Left 
1   0   100        5453       91418      91518      499        700        1  Right
1   3   100        5453       91518      91618      500        500        1  Right
1   3   100        5456       91618      91718      501        500        1  Right
4   8   100        5461       91718      91818      502        100        1  Right
0   12  100        5480       91818      91819      503        600        1  Right
1   2   500        5460       91718      92119      502        3500       1  Left 
1   8   100        5473       92119      92219      505        200        1  Right
12  8   100        5476       92219      92319      506        100        1  Right
0   3   500        5528       91819      92320      504        1000       1  Right
13  8   100        5478       92319      92420      507        500        1  Right
3   1   100        5469       92420      92520      509        500        1  Right
3   1   100        5472       92520      92620      510        500        1  Right
1   4   100        5479       92620      92720      511        300        1  Right
14  8   100        5480       92720      92820      512        300        1  Right
15  8   100        5482       92820      92920      513        600        1  Left 
1   8   500        5495       92920      93420      514        1000       1  Right
1   8   500        5498       93420      93920      515        1000       1  Right
12  2   100        5503       93920      94020      516        800        1  Right
4   1   500        5510       94020      94520      517        1500       1  Right
2   12  500        5529       94520      95020      518        4000       1  Right
8   2   100        5533       95020      95120      519        700        1  Right
8   0   100        5543       95120      95220      520        500        1  Right
12  8   100        5565       95220      95320      521        100        1  Right
15  8   100        5573       95320      95420      522        600        1  Left 
15  3   100        5577       95420      95520      523        900        1  Left 
6   0   500        5558       95220      95720      521        1500       1  Right
0   1   100        5586       95720      95721      525        900        1  Left 
12  3   500        5621       95520      95922      524        2000       1  Right
3   0   100        5559       95922      96022      527        200        1  Right
4   1   100        5666       95922      96023      527        300        1  Right
5   3   100        5674       96022      96123      528        100        1  Right
8   0   100        5559       96023      96124      529        1100       1  Left 
4   3   100        5708       96123      96224      530        200        1  Right
8   2   100        5601       96124      96225      531        900        1  Left 
1   0   500        5607       96225      96725      533        3500       1  Right
3   12  100        5613       96725      96726      534        400        1  Right
5   1   100        5760       96725      96727      534        1000       1  Left 
8   12  500        5699       96726      97226      535        500        1  Right
3   4   500        5631       96726      97227      535        1000       1  Right
0   8   500        5615       97226      97727      537        5500       1  Left 
0   5   100        5620       97727      97827      539        100        1  Right
0   10  100        5620       97827      97927      540        100        1  Right
2   8   500        5634       97727      98228      539        4500       1  Left 
0   2   100        5640       98228      98328      542        200        1  Right
3   15  500        5650       98228      98729      542        4500       1  Left 
2   0   500        5667       98328      98829      543        1000       1  Right
1   4   500        5699       98729      99230      544        1500       1  Right
6   0   500        5683       98829      99330      545        1500       1  Right
3   4   100        5700       99230      99330      546        200        1  Right
0   2   100        5694       99330      99430      547        200        1  Right
0   2   100        5699       99430      99530      548        200        1  Right
8   15  500        5700       99230      99731      546        3000       1  Left 
1   4   100        5731       99731      99831      550        300        1  Right
3   5   500        5729       99330      99832      547        500        1  Right
10  8   100        5682       99832      99932      552        600        1  Right
6   2   500        5723       99530      100031     549        500        1  Right
1   6   100        5732       100031     100131     554        600        1  Left 
2   1   100        5761       100131     100132     555        700        1  Left 
1   6   100        5769       100132     100232     556        600        1  Left 
8   10  500        5708       99932      100334     553        3000       1  Right
12  3   100        5731       100334     100434     558        400        1  Right
0   2   100        5755       100334     100435     558        200        1  Right
14  8   100        5744       100434     100535     559        300        1  Right
4   0   100        5733       100435     100536     560        400        1  Right
1   2   500        5782       100535     101036     561        3500       1  Left 
14  3   100        5748       101036     101136     563        600        1  Right
3   15  100        5752       101136     101236     564        700        1  Right
8   14  500        5790       101136     101637     564        1500       1  Right
0   1   100        5761       101637     101737     566        700        1  Right
4   1   500        5762       101737     102237     567        1500       1  Right
15  1   100        5765       102237     102337     568        400        1  Left 
3   12  100        5811       102237     102338     568        400        1  Right
8   0   100        5812       102338     102438     570        500        1  Right
1   15  500        5791       102337     102838     569        2000       1  Left 
15  3   100        5775       102838     102938     572        700        1  Right
13  8   100        5833       102838     102939     572        500        1  Right
0   3   100        5783       102938     103039     573        200        1  Right
1   2   100        5796       102939     103040     574        700        1  Left 
2   1   100        5801       103040     103140     576        700        1  Left 
12  3   500        5825       103039     103141     575        2000       1  Right
12  3   100        5829       103141     103142     578        400        1  Right
1   5   500        5804       103140     103143     577        5000       1  Left 
3   2   100        5812       103143     103243     580        400        1  Right
3   12  100        5813       103243     103343     581        400        1  Right
6   1   500        5810       103143     103643     580        3000       1  Left 
15  1   100        5819       103643     103743     583        400        1  Left 
1   2   500        5822       103743     104243     584        3500       1  Left 
2   1   500        5825       104243     104743     585        3500       1  Left 
15  1   100        5832       104743     104843     586        400        1  Left 
15  0   100        5834       104843     104844     587        500        1  Right
13  3   100        5837       104843     104845     587        800        1  Right
5   0   100        5844       104844     104945     588        100        1  Right
1   6   100        5845       104845     104946     589        600        1  Left 
2   0   100        5845       104945     105046     590        200        1  Right
1   15  500        5845       104946     105447     591        2000       1  Left 
0   3   500        5851       105046     105547     592        1000       1  Right
12  1   100        5849       105447     105548     593        100        1  Right
3   14  500        5854       105547     106048     594        5000       1  Left 
3   14  100        5857       106048     106148     596        600        1  Right
1   15  500        5858       106148     106648     597        2000       1  Left 
0   8   500        5868       106148     106649     597        2500       1  Right
1   12  500        5880       106648     107149     598        500        1  Right
8   13  500        5874       106649     107150     599        5500       1  Left 
14  3   100        5886       107150     107250     601        600        1  Right
15  1   100        5887       107250     107350     602        400        1  Left 
0   2   500        5880       107150     107650     601        1000       1  Right
3   2   100        5882       107650     107750     604        400        1  Right
1   15  500        5913       107350     107851     603        2000       1  Left 
2   3   500        5903       107750     108251     605        2000       1  Right
2   0   100        5914       108251     108351     607        200        1  Right
3   12  100        5917       108251     108352     607        400        1  Right
0   6   100        5922       108351     108452     607        300        1  Right
3   12  100        5919       108352     108453     609        400        1  Right
12  0   100        5917       108453     108553     611        600        1  Right
12  8   100        5919       108553     108653     612        100        1  Right
0   9   100        5922       108553     108654     611        300        1  Right
12  1   100        5926       108653     108754     612        100        1  Right
9   8   100        5963       108654     108754     613        200        1  Right
0   2   500        5945       108654     109155     613        1000       1  Right
12  3   500        5928       108754     109255     614        2000       1  Right
2   1   100        5971       109155     109256     615        700        1  Left 
10  8   100        5981       109255     109356     616        600        1  Right
15  3   100        5941       109356     109456     618        700        1  Right
6   3   100        5955       109456     109556     619        500        1  Right
8   2   100        5956       109556     109656     620        700        1  Right
8   15  100        5956       109656     109756     621        1000       1  Right
1   12  500        5957       109256     109757     617        500        1  Right
8   14  100        5956       109756     109857     622        1300       1  Left 
8   13  100        5956       109857     109957     624        500        1  Right
2   0   500        5971       109857     110358     624        1000       1  Right
3   13  500        5958       109957     110458     625        4000       1  Right
8   10  100        5956       110458     110558     627        600        1  Right
13  1   100        5988       110458     110559     627        300        1  Right
3   6   500        5986       110558     111059     628        2500       1  Right
2   8   100        5989       111059     111060     630        700        1  Right
12  6   100        5990       111059     111061     630        700        1  Left 
12  1   100        5991       111061     111161     632        100        1  Right
13  8   100        5993       111061     111162     632        1100       1  Left 
12  0   100        5995       111162     111163     634        600        1  Right
1   2   500        5992       111162     111563     634        3500       1  Left 
14  8   100        5995       111563     111663     636        300        1  Right
0   6   100        5998       111563     111664     636        300        1  Right
15  8   100        5997       111663     111764     637        600        1  Left 
2   0   100        6015       111664     111765     638        200        1  Right
0   4   100        6024       111765     111865     639        400        1  Right
0   2   100        6025       111865     111965     640        200        1  Right
12  8   500        6074       111764     112264     638        500        1  Right
1   13  500        6015       111764     112265     639        1500       1  Right
6   1   100        6022       112265     112365     643        600        1  Left 
1   12  500        6024       112365     112865     644        500        1  Right
0   1   100        6026       112865     112965     645        700        1  Right
8   12  100        6048       112965     113065     646        100        1  Right
8   12  100        6050       113065     113165     647        100        1  Right
6   1   500        6027       112965     113465     646        3000       1  Left 
0   2   500        6041       112965     113466     646        1000       1  Right
13  1   100        6041       113465     113565     649        300        1  Right
13  1   100        6054       113565     113665     651        300        1  Right
8   9   500        6118       113165     113666     648        1000       1  Right
13  0   100        6056       113665     113766     652        600        1  Left 
0   4   100        6067       113766     113866     654        400        1  Right
2   0   100        6073       113866     113966     655        200        1  Right
0   8   100        6085       113966     114066     656        500        1  Right
0   10  100        6224       114066     114166     656        100        1  Right
1   6   500        6063       113766     114266     654        3000       1  Left 
6   0   100        6105       114266     114366     659        300        1  Right
3   0   100        6124       114366     114466     659        200        1  Right
1   13  500        6067       114266     114766     659        1500       1  Right
2   1   100        6075       114766     114866     662        700        1  Left 
1   13  500        6080       114866     115366     663        1500       1  Right
2   3   500        6090       114866     115367     663        2000       1  Right
4   1   100        6092       115366     115467     664        300        1  Right
0   11  100        6225       115367     115468     664        700        1  Left 
1   2   100        6083       115468     115469     667        700        1  Left 
0   12  100        6246       115468     115470     666        600        1  Right
1   2   500        6097       115469     115970     668        3500       1  Left 
13  1   100        6115       115970     116070     670        300        1  Right
8   2   100        6137       115970     116071     669        700        1  Right
1   4   500        6123       116071     116571     671        1500       1  Right
2   1   500        6123       116571     117071     672        3500       1  Left 
2   4   100        6124       117071     117171     673        600        1  Right
8   2   100        6137       117171     117172     674        700        1  Right
6   1   500        6137       117071     117473     673        3000       1  Left 
1   13  500        6141       117473     117973     676        1500       1  Right
6   12  500        6277       117473     117974     676        4500       1  Right
1   2   100        6145       117974     117975     678        700        1  Left 
0   12  100        6327       117974     117976     678        600        1  Right
2   1   500        6173       117975     118476     679        3500       1  Left 
13  8   100        6167       118476     118576     681        500        1  Right
1   6   100        6192       118576     118676     682        600        1  Left 
4   2   500        6165       118476     118976     681        3000       1  Right
2   3   100        6183       118976     119076     684        400        1  Right
3   2   100        6192       119076     119176     685        400        1  Right
8   13  500        6208       118676     119177     683        2500       1  Right
3   15  500        6238       119176     119677     686        3500       1  Right
2   8   500        6186       119677     120177     688        3500       1  Right
2   8   500        6213       120177     120677     689        3500       1  Right
1   5   100        6217       120677     120777     690        600        1  Right
0   2   100        6337       120677     120778     690        200        1  Right
13  3   100        6245       120777     120878     691        800        1  Right
11  8   100        6255       120878     120978     693        400        1  Right
10  3   100        6257       120878     120979     693        300        1  Right
5   1   500        6255       120979     121479     695        3000       1  Right
8   0   100        6271       121479     121579     696        500        1  Right
12  1   100        6315       121479     121580     696        100        1  Right
8   11  500        6286       121579     122080     697        6000       1  Left 
11  1   100        6321       122080     122180     699        200        1  Right
3   10  500        6288       122080     122580     699        1500       1  Right
6   0   500        6299       122580     123080     701        1500       1  Right
1   0   500        6309       123080     123580     702        3500       1  Right
2   0   500        6312       123580     124080     703        1000       1  Right
1   12  500        6346       123580     124081     703        500        1  Right
10  1   100        6323       124081     124181     705        800        1  Left 
4   0   500        6329       124080     124581     704        2000       1  Right
0   8   100        6368       124581     124681     707        500        1  Right
1   11  500        6357       124181     124682     706        1000       1  Right
0   5   100        6369       124681     124782     708        100        1  Right
1   10  500        6364       124682     125183     709        4000       1  Left 
12  1   100        6375       125183     125283     711        100        1  Right
2   4   100        6376       125183     125284     711        600        1  Right
2   6   100        6377       125284     125384     713        100        1  Right
0   2   100        6386       125384     125484     714        200        1  Right
0   15  100        6387       125484     125584     715        500        1  Right
11  0   100        6393       125584     125684     716        700        1  Left 
1   12  500        6406       125283     125784     712        500        1  Right
15  2   100        6397       125684     125785     717        300        1  Right
11  1   100        6404       125784     125885     718        200        1  Right
2   6   100        6399       125785     125886     719        100        1  Right
11  0   100        6406       125885     125986     720        900        1  Right
10  0   100        6409       125986     126086     722        100        1  Right
4   2   500        6410       125986     126487     722        5000       1  Left 
5   1   100        6411       126487     126587     724        600        1  Right
