
566
C:/Users/nxconrad/Desktop/REU 2.0/Benchmark Data/16-core/7/flow_freqmine100#1.txt
759
[11, 12, 7, 5, 8, 0, 2, 6, 14, 13, 10, 1, 15, 3, 9, 4]
8   0   100        0          2          102        0          100        1  Right
0   8   500        317        319        819        0          500        1  Right
8   1   100        376        819        919        1          700        1  Right
1   8   500        678        919        1419       1          3500       1  Right
8   1   100        725        1419       1519       2          700        1  Right
3   0   100        1001       1519       1619       1          800        1  Right
6   0   100        1002       1619       1719       2          200        1  Right
5   0   100        1003       1719       1819       3          200        1  Right
9   0   100        1003       1819       1919       4          700        1  Left 
1   0   100        1004       1919       2019       5          600        1  Right
15  0   100        1004       2019       2119       6          700        1  Right
12  0   100        1005       2119       2219       7          400        1  Right
14  0   100        1006       2219       2319       8          300        1  Right
10  0   100        1006       2319       2320       9          500        1  Right
1   8   500        1027       2219       2621       8          4500       1  Left 
11  0   100        1007       2621       2721       11         500        1  Right
4   0   100        1008       2721       2821       12         600        1  Left 
13  0   100        1008       2821       2921       13         400        1  Right
7   0   100        1010       2921       3021       14         300        1  Right
2   0   100        1012       3021       3121       15         100        1  Right
0   15  500        1025       3121       3621       16         3500       1  Right
0   1   500        1025       3621       4121       17         3000       1  Right
0   14  500        1032       4121       4621       18         1500       1  Right
0   2   500        1038       4621       5121       19         500        1  Right
15  0   100        1042       5121       5221       20         700        1  Right
0   13  500        1052       5221       5721       21         2000       1  Right
0   12  500        1052       5721       6221       22         2000       1  Right
1   0   100        1053       6221       6321       23         600        1  Right
14  0   100        1069       6321       6421       24         300        1  Right
1   8   500        1379       6321       6822       24         4500       1  Left 
0   4   500        1075       6822       7322       26         3000       1  Left 
0   5   500        1075       7322       7822       27         1000       1  Right
8   0   100        1077       7822       7922       28         100        1  Right
8   1   100        1079       7922       8022       29         700        1  Right
8   0   100        1080       8022       8122       30         100        1  Right
2   0   100        1086       8122       8222       31         100        1  Right
0   11  500        1097       8222       8722       32         2500       1  Right
0   6   500        1097       8722       9222       33         1000       1  Right
13  0   100        1102       9222       9322       34         400        1  Right
12  0   100        1118       9322       9422       35         400        1  Right
0   10  500        1119       9422       9922       36         2500       1  Right
0   9   500        1119       9922       10422      37         3500       1  Left 
4   0   100        1129       10422      10522      38         600        1  Left 
0   7   500        1141       10522      11022      39         1500       1  Right
5   0   100        1145       11022      11122      40         200        1  Right
11  0   100        1156       11122      11222      41         500        1  Right
6   0   100        1172       11222      11322      42         200        1  Right
10  0   100        1183       11322      11422      43         500        1  Right
9   0   100        1199       11422      11522      44         700        1  Left 
7   0   100        1210       11522      11622      45         300        1  Right
0   3   500        1319       11622      12122      46         4000       1  Right
0   1   100        1340       12122      12222      47         600        1  Right
3   1   100        1353       12222      12322      48         200        1  Right
0   7   500        1356       12222      12723      48         1500       1  Right
0   9   500        1356       12723      13223      50         3500       1  Left 
7   1   100        1410       13223      13323      51         700        1  Left 
9   1   100        1421       13323      13423      51         300        1  Right
0   10  500        1357       13223      13723      51         2500       1  Right
10  1   100        1438       13723      13823      53         100        1  Right
0   6   500        1357       13723      14223      54         1000       1  Right
0   11  500        1378       14223      14723      56         2500       1  Right
0   5   500        1378       14723      15223      57         1000       1  Right
0   4   500        1400       15223      15723      58         3000       1  Left 
0   12  500        1400       15723      16223      59         2000       1  Right
0   13  500        1422       16223      16723      59         2000       1  Right
8   6   100        1542       16723      16724      59         1300       1  Left 
0   2   500        1422       16723      17124      60         500        1  Right
0   14  500        1444       17124      17624      62         1500       1  Right
0   1   500        1444       17624      18124      63         3000       1  Right
6   1   100        1449       18124      18125      64         400        1  Right
0   15  500        1466       18124      18526      64         4500       1  Left 
11  1   100        1455       18526      18626      66         500        1  Left 
0   8   100        1466       18526      18627      66         100        1  Right
5   1   100        1466       18626      18727      67         800        1  Left 
0   8   100        1466       18627      18728      68         100        1  Right
4   1   100        1472       18727      18828      69         400        1  Right
12  1   100        1483       18828      18928      71         600        1  Left 
13  1   100        1489       18928      19028      72         200        1  Right
2   1   100        1493       19028      19128      73         500        1  Right
14  1   100        1504       19128      19228      74         300        1  Right
15  1   100        1512       19228      19328      75         100        1  Right
8   1   100        1546       19328      19428      75         700        1  Right
1   0   500        1612       19428      19928      76         3000       1  Right
1   15  500        1627       19928      20428      76         500        1  Right
1   14  500        1627       20428      20928      77         1500       1  Right
1   13  500        1628       20928      21428      78         1000       1  Right
0   1   100        1631       21428      21528      79         600        1  Right
1   0   100        1633       21528      21628      80         600        1  Right
15  0   100        1651       21628      21629      81         900        1  Left 
1   2   500        1640       21628      22029      81         2500       1  Right
14  0   100        1657       22029      22129      83         300        1  Right
13  0   100        1673       22129      22229      84         400        1  Right
2   0   100        1682       22229      22329      85         100        1  Right
1   12  500        1640       22029      22529      83         3000       1  Left 
12  0   100        1703       22529      22629      87         400        1  Right
1   4   500        1662       22529      23029      87         2000       1  Right
1   5   500        1662       23029      23529      89         4000       1  Right
1   11  500        1685       23529      24029      90         2500       1  Left 
4   0   100        1714       24029      24129      91         600        1  Left 
5   0   100        1730       24129      24229      91         200        1  Right
11  0   100        1741       24229      24329      92         500        1  Right
1   6   500        1685       24029      24529      91         2000       1  Right
6   0   100        1757       24529      24629      94         200        1  Right
8   6   100        1841       24629      24729      94         300        1  Right
0   6   100        1935       24729      24829      94         200        1  Right
0   15  100        1959       24829      24929      95         900        1  Left 
1   10  500        1707       24529      25029      95         500        1  Right
10  0   100        1768       25029      25129      99         500        1  Right
1   9   500        1707       25029      25529      100        1500       1  Right
4   1   100        1724       25529      25629      101        400        1  Right
1   7   500        1729       25629      26129      102        3500       1  Left 
5   1   100        1730       26129      26229      103        800        1  Right
12  1   100        1735       26229      26329      104        600        1  Left 
9   0   100        1784       26329      26429      105        700        1  Left 
1   3   500        1740       26329      26829      105        1000       1  Right
13  1   100        1741       26829      26929      107        200        1  Right
3   0   100        1786       26829      26930      107        800        1  Left 
11  1   100        1741       26930      27030      109        500        1  Left 
2   1   100        1745       27030      27031      110        500        1  Right
3   0   100        1788       27030      27032      110        800        1  Left 
14  1   100        1756       27031      27132      111        300        1  Right
7   0   100        1795       27032      27133      112        300        1  Right
6   1   100        1757       27132      27233      113        400        1  Right
15  1   100        1764       27233      27333      115        100        1  Right
10  1   100        1768       27333      27433      116        100        1  Right
9   1   100        1784       27433      27533      117        300        1  Right
7   1   100        1795       27533      27633      118        700        1  Left 
6   8   500        1819       27233      27734      114        1500       1  Right
8   1   100        1847       27734      27834      119        700        1  Right
1   8   500        1848       27834      28334      120        3500       1  Right
1   8   500        1898       28334      28834      121        3500       1  Right
8   0   100        1947       28834      28934      121        100        1  Right
15  6   100        1967       28834      28935      121        500        1  Right
0   1   100        1968       28935      29035      123        600        1  Right
0   14  100        1970       29035      29135      124        300        1  Right
3   1   100        2125       29035      29136      122        200        1  Right
0   13  100        1991       29135      29236      125        400        1  Right
1   6   100        1976       29236      29336      127        400        1  Right
0   2   100        1995       29236      29337      127        100        1  Right
14  6   100        1984       29336      29437      128        100        1  Right
2   6   100        2008       29437      29537      130        100        1  Right
13  6   100        2009       29537      29637      131        200        1  Right
1   0   500        2024       29337      29838      128        5000       1  Left 
0   12  100        2026       29838      29938      132        400        1  Right
0   4   100        2037       29938      30038      133        600        1  Left 
0   5   100        2060       30038      30138      134        200        1  Right
1   7   500        2039       30038      30538      134        3500       1  Left 
6   8   500        2118       30138      30639      134        1500       1  Right
1   9   500        2039       30538      31039      136        1500       1  Right
6   0   500        2232       30639      31140      135        1000       1  Right
1   10  500        2040       31039      31540      138        500        1  Right
1   6   500        2040       31540      32040      140        2000       1  Right
12  6   100        2049       32040      32140      141        600        1  Right
4   6   100        2068       32140      32240      142        800        1  Left 
1   15  500        2062       32040      32541      141        500        1  Right
1   11  500        2062       32541      33041      144        2500       1  Left 
0   11  100        2069       33041      33141      145        500        1  Right
0   6   100        2090       33141      33241      146        200        1  Right
5   6   100        2101       33241      33341      147        400        1  Right
11  6   100        2113       33341      33441      148        700        1  Right
1   14  500        2085       33041      33542      145        1500       1  Right
1   5   500        2096       33542      34042      150        4000       1  Right
1   13  500        2096       34042      34542      151        1000       1  Right
0   10  100        2101       34542      34642      152        500        1  Right
0   3   100        2107       34642      34742      153        800        1  Right
0   9   100        2122       34742      34842      153        700        1  Left 
0   7   100        2133       34842      34942      154        300        1  Right
0   3   100        2236       34942      34943      154        800        1  Left 
0   8   100        2410       34943      35043      153        100        1  Right
1   2   500        2119       34742      35143      153        2500       1  Right
0   8   100        2583       35043      35144      154        100        1  Right
10  6   100        2137       35143      35243      158        300        1  Right
1   12  500        2119       35143      35644      158        3000       1  Left 
1   4   500        2142       35644      36144      161        2000       1  Right
9   6   100        2163       36144      36244      162        700        1  Right
7   6   100        2177       36244      36344      163        500        1  Right
3   6   100        2254       36344      36444      163        600        1  Right
6   1   500        2268       36444      36944      164        2000       1  Right
6   15  500        2280       36944      37444      165        2500       1  Right
1   0   100        2310       37444      37544      166        600        1  Right
1   0   100        2314       37544      37644      167        1000       1  Left 
15  0   100        2332       37644      37744      166        900        1  Left 
15  0   100        2336       37744      37844      167        900        1  Left 
6   14  500        2313       37544      38044      167        500        1  Right
1   3   500        2427       37844      38345      168        1000       1  Right
14  0   100        2360       38345      38346      170        1300       1  Left 
6   2   500        2323       38044      38446      169        500        1  Right
8   1   100        2453       38346      38447      171        900        1  Left 
2   0   100        2361       38446      38448      172        100        1  Right
6   13  500        2345       38446      38849      172        1000       1  Right
1   8   500        2755       38447      38851      171        4500       1  Left 
14  0   100        2364       38849      38950      175        300        1  Right
2   0   100        2365       38950      39050      177        100        1  Right
6   12  500        2378       38950      39451      177        5000       1  Left 
13  0   100        2387       39451      39551      179        400        1  Right
13  0   100        2391       39551      39651      180        400        1  Right
12  0   100        2415       39651      39751      181        400        1  Right
12  0   100        2419       39751      39851      182        400        1  Right
6   4   500        2400       39651      40151      181        4000       1  Right
3   4   100        2455       40151      40251      184        200        1  Right
3   4   100        2756       40251      40351      183        200        1  Right
6   5   500        2422       40151      40651      184        2000       1  Right
4   0   100        2427       40651      40751      187        600        1  Left 
4   0   100        2431       40751      40851      188        600        1  Left 
6   11  500        2433       40851      41351      189        3500       1  Right
5   0   100        2444       41351      41451      190        200        1  Right
5   0   100        2448       41451      41551      191        200        1  Right
6   0   100        2463       41551      41552      192        200        1  Right
14  8   100        2896       41551      41553      189        1200       1  Left 
11  0   100        2465       41553      41653      194        500        1  Right
6   0   100        2467       41653      41753      195        200        1  Right
11  0   100        2469       41753      41853      196        500        1  Right
6   10  500        2488       41753      42254      196        1500       1  Right
6   9   500        2510       42254      42754      198        3500       1  Right
10  0   100        2515       42754      42854      199        500        1  Right
10  0   100        2519       42854      42954      200        500        1  Right
6   7   500        2521       42954      43454      201        2500       1  Right
9   0   100        2532       43454      43455      202        700        1  Left 
9   0   100        2536       43455      43456      203        700        1  Left 
7   0   100        2543       43456      43556      204        300        1  Right
7   0   100        2547       43556      43656      205        300        1  Right
6   3   500        2554       43454      43757      202        3000       1  Right
0   3   100        2587       43757      43857      207        800        1  Right
0   14  100        2883       43857      43957      205        300        1  Right
0   14  100        2887       43957      44057      206        300        1  Right
0   1   100        2970       44057      44157      206        600        1  Right
0   8   100        2985       44157      44257      207        100        1  Right
4   3   500        2737       43857      44357      206        1000       1  Right
3   0   100        2757       44357      44457      211        800        1  Right
8   0   100        2808       44457      44557      212        100        1  Right
14  3   100        2900       44457      44558      211        500        1  Right
3   0   500        2879       44558      45058      213        4000       1  Right
14  1   100        3228       45058      45158      211        300        1  Right
8   0   500        2910       45058      45558      214        500        1  Right
4   3   500        3042       45058      45559      212        1000       1  Right
8   0   100        2942       45558      45659      215        100        1  Right
3   2   100        3066       45559      45660      215        700        1  Right
8   14  500        3041       45660      46160      217        2000       1  Right
0   3   100        3077       46160      46260      218        800        1  Right
3   6   100        3095       46260      46360      219        600        1  Right
0   8   500        3125       46260      46761      218        500        1  Right
3   14  500        3192       46360      46861      219        2500       1  Right
8   0   100        3181       46761      46862      220        100        1  Right
3   14  100        3233       46861      46962      221        500        1  Right
0   13  100        3185       46962      47062      223        400        1  Right
0   13  100        3189       47062      47162      224        400        1  Right
13  8   100        3203       47162      47262      225        500        1  Right
13  3   100        3207       47262      47362      226        400        1  Right
1   0   500        3242       47362      47862      227        3000       1  Right
8   13  500        3244       47862      48362      228        2500       1  Right
14  3   100        3251       48362      48462      229        500        1  Right
0   1   100        3274       48462      48562      230        600        1  Right
0   5   100        3498       48562      48662      231        200        1  Right
3   13  500        3282       48562      49062      231        2000       1  Right
13  1   100        3313       49062      49162      233        200        1  Right
0   8   500        3498       48662      49163      232        500        1  Right
0   11  100        3499       49163      49263      235        500        1  Right
5   8   100        3526       49263      49363      236        100        1  Right
2   3   500        3338       49162      49663      234        3500       1  Right
3   6   100        3358       49663      49763      238        600        1  Right
3   1   100        3359       49763      49863      239        200        1  Right
8   5   500        3557       49363      49864      237        500        1  Right
14  0   100        3537       49763      49865      239        300        1  Right
8   1   100        3560       49864      49965      241        900        1  Left 
6   3   500        3377       49965      50465      243        3000       1  Right
11  3   100        3540       50465      50565      244        300        1  Left 
1   14  500        3515       50465      50965      244        1500       1  Right
1   13  500        3530       50965      51465      246        1000       1  Right
1   0   500        3546       51465      51965      247        3000       1  Right
13  0   100        3557       51965      52065      248        400        1  Right
1   3   500        3638       51965      52466      247        1000       1  Right
0   1   100        3568       52466      52566      250        600        1  Right
0   2   100        3580       52566      52666      251        100        1  Right
6   3   500        3640       52566      53067      250        3000       1  Right
3   2   100        3676       53067      53167      252        700        1  Right
0   1   100        3800       53167      53267      253        600        1  Right
0   7   100        3801       53267      53367      254        300        1  Right
1   8   100        3808       53367      53467      255        700        1  Right
3   11  500        3827       53167      53668      253        1500       1  Left 
7   3   100        3841       53668      53768      257        500        1  Left 
3   11  100        3877       53768      53868      258        300        1  Left 
1   0   500        3840       53467      53968      256        3000       1  Right
3   7   500        3916       53868      54369      259        2500       1  Left 
2   0   500        3857       53968      54469      260        500        1  Right
8   1   500        3862       54369      54870      261        4500       1  Left 
0   3   100        3863       54870      54970      263        800        1  Right
0   14  100        3868       54970      55070      264        300        1  Right
1   8   500        3870       54970      55471      264        4500       1  Left 
14  1   100        3881       55471      55571      266        300        1  Right
8   0   100        3924       55471      55571      266        100        1  Right
11  3   100        3890       55471      55572      266        300        1  Left 
0   8   500        3980       55571      56072      267        500        1  Right
2   3   500        3948       55572      56073      268        3500       1  Right
8   0   100        4042       56072      56173      269        100        1  Right
3   6   100        3975       56073      56174      270        600        1  Right
3   5   100        4000       56174      56175      272        600        1  Left 
8   1   100        4044       56174      56176      272        700        1  Right
1   3   100        4096       56176      56276      274        200        1  Right
0   15  100        4102       56276      56376      275        700        1  Right
0   1   100        4104       56376      56377      276        600        1  Right
15  8   100        4110       56376      56378      276        800        1  Left 
3   1   100        4109       56378      56478      278        200        1  Right
1   3   100        4113       56478      56578      279        200        1  Right
1   8   500        4135       56578      57078      279        3500       1  Right
3   0   100        4139       57078      57079      280        800        1  Right
4   8   500        4224       57078      57480      280        2500       1  Left 
1   14  500        4153       57079      57580      281        1500       1  Right
1   14  100        4223       57580      57680      283        300        1  Right
3   0   500        4155       57480      57981      282        4000       1  Left 
0   3   100        4157       57981      58081      285        800        1  Right
8   15  500        4161       58081      58581      286        4000       1  Right
0   13  100        4171       58581      58681      287        400        1  Right
8   4   100        4188       58581      58682      287        500        1  Left 
3   1   500        4188       58581      59082      287        1000       1  Right
13  1   100        4189       59082      59182      290        200        1  Right
6   3   500        4257       59082      59583      290        5000       1  Left 
0   1   100        4222       59583      59683      292        600        1  Right
14  1   100        4231       59683      59783      293        300        1  Right
0   8   100        4268       59683      59784      293        100        1  Right
1   0   100        4240       59784      59884      295        600        1  Right
5   3   500        4283       59583      60084      292        3000       1  Left 
1   0   500        4243       59884      60385      296        3000       1  Right
1   13  500        4252       60385      60885      298        1000       1  Right
1   0   100        4253       60885      60985      299        600        1  Right
0   1   100        4275       60985      61085      300        600        1  Right
1   0   500        4296       61085      61585      301        3000       1  Right
1   3   100        4298       61585      61685      302        200        1  Right
0   6   100        4316       61585      61686      302        200        1  Right
3   1   100        4307       61685      61786      303        200        1  Right
0   1   100        4317       61786      61886      305        600        1  Right
8   1   100        4324       61886      61986      306        700        1  Right
8   5   100        4324       61986      62086      307        100        1  Right
8   15  100        4324       62086      62186      308        800        1  Right
8   14  100        4324       62186      62286      309        400        1  Right
8   13  100        4324       62286      62386      310        500        1  Right
1   8   100        4333       62386      62486      311        700        1  Right
5   8   100        4345       62486      62586      312        100        1  Right
1   0   500        4340       62486      62986      312        3000       1  Right
1   8   100        4362       62986      63086      314        700        1  Right
13  8   100        4364       63086      63186      315        500        1  Right
14  8   100        4366       63186      63286      316        400        1  Right
15  8   100        4368       63286      63386      317        800        1  Right
8   1   100        4371       63386      63486      318        700        1  Right
15  3   100        4415       63386      63487      318        100        1  Right
0   8   100        4385       63486      63587      319        100        1  Right
0   2   100        4404       63587      63687      321        100        1  Right
2   8   100        4417       63687      63787      322        200        1  Right
8   0   100        4419       63787      63887      323        100        1  Right
8   6   100        4428       63887      63987      324        300        1  Right
1   3   500        4422       63487      63988      320        1000       1  Right
8   4   100        4440       63987      64088      325        500        1  Left 
0   15  100        4406       63988      64089      326        700        1  Right
3   0   100        4450       64089      64090      328        800        1  Right
4   8   500        4476       64088      64490      327        2500       1  Left 
8   6   100        4441       64490      64590      330        300        1  Right
3   15  500        4451       64090      64591      329        500        1  Right
8   0   100        4463       64590      64691      331        100        1  Right
6   3   100        4454       64591      64692      332        600        1  Right
8   2   100        4515       64691      64792      333        200        1  Right
3   6   100        4472       64692      64793      334        600        1  Right
15  1   100        4494       64793      64893      336        100        1  Right
8   2   500        4570       64792      65293      335        1000       1  Right
1   15  500        4520       64893      65394      337        500        1  Right
1   2   100        4581       65394      65395      339        500        1  Right
0   3   500        4462       65293      65695      338        4000       1  Left 
0   3   500        4481       65695      66195      341        4000       1  Right
0   8   500        4506       66195      66695      342        500        1  Right
3   0   100        4512       66695      66795      343        800        1  Right
3   5   100        4588       66795      66895      344        600        1  Left 
6   8   500        4513       66795      67295      344        1500       1  Right
15  0   100        4547       67295      67395      346        700        1  Right
0   3   500        4552       67395      67895      347        4000       1  Right
0   1   100        4552       67895      67995      348        600        1  Right
2   8   500        4561       67995      68495      349        1000       1  Right
0   1   100        4573       68495      68595      350        600        1  Right
2   0   100        4602       68595      68695      351        100        1  Right
8   6   100        4606       68695      68795      352        300        1  Right
3   1   500        4594       68595      69095      351        1000       1  Right
1   8   100        4646       69095      69195      353        900        1  Left 
1   8   100        4679       69195      69295      354        900        1  Left 
6   0   500        4613       68795      69296      353        1000       1  Right
0   2   100        4622       69296      69297      356        100        1  Right
6   8   500        4720       69296      69698      356        6500       1  Left 
0   1   100        4625       69698      69798      358        600        1  Right
12  8   100        4729       69698      69799      358        300        1  Right
2   1   500        4648       69798      70299      359        2500       1  Right
0   1   100        4661       70299      70399      361        600        1  Right
1   0   500        4682       70399      70899      362        3000       1  Right
8   1   100        4684       70899      70999      363        700        1  Right
0   1   100        4701       70999      71099      364        600        1  Right
0   12  100        4706       71099      71199      365        400        1  Right
2   3   100        4722       71099      71200      365        700        1  Right
0   2   100        4708       71200      71300      367        100        1  Right
8   1   500        4730       71200      71701      367        4500       1  Left 
1   0   500        4722       71701      72201      369        3000       1  Right
8   12  500        4765       71701      72202      369        1500       1  Right
1   0   500        4735       72201      72702      370        3000       1  Right
3   2   500        4743       72702      73202      372        3500       1  Right
8   1   100        4768       73202      73302      373        700        1  Right
2   1   100        4768       73302      73402      374        500        1  Right
0   1   100        4789       73402      73502      375        600        1  Right
0   15  100        4855       73502      73503      376        900        1  Left 
1   2   500        4789       73502      73903      376        2500       1  Right
2   0   100        4810       73903      74003      378        100        1  Right
1   8   100        4810       73903      74004      378        900        1  Left 
2   1   100        4821       74004      74104      380        500        1  Right
2   0   100        4823       74104      74204      381        100        1  Right
1   3   100        4827       74104      74205      381        200        1  Right
3   1   100        4840       74205      74305      383        200        1  Right
1   2   500        4842       74305      74805      384        2500       1  Right
5   3   500        4865       74305      74806      384        3000       1  Left 
8   1   100        4848       74805      74906      385        700        1  Right
15  1   100        4863       74906      75006      387        100        1  Right
2   1   100        4864       75006      75106      388        500        1  Right
1   8   500        4866       75106      75606      389        3500       1  Right
1   0   100        4873       75606      75706      390        600        1  Right
1   8   100        4875       75706      75806      391        700        1  Right
3   1   100        4910       75806      75906      392        200        1  Right
3   1   100        4910       75906      76006      393        200        1  Right
6   8   500        4883       75806      76306      392        1500       1  Right
12  8   100        4960       76306      76406      395        300        1  Right
1   2   500        4885       76306      76806      395        2500       1  Right
2   3   100        4908       76806      76906      397        900        1  Left 
2   8   100        4967       76906      77006      398        200        1  Right
12  3   100        5035       76906      77007      398        400        1  Left 
1   15  500        4889       76806      77306      397        500        1  Right
1   0   500        4899       77306      77806      401        3000       1  Right
1   6   100        4903       77806      77906      402        400        1  Right
1   0   100        4908       77906      78006      403        600        1  Right
8   0   100        4931       78006      78106      404        100        1  Right
8   2   100        4931       78106      78206      405        200        1  Right
8   12  100        4931       78206      78306      406        300        1  Right
0   6   100        4958       78206      78307      406        200        1  Right
8   2   100        4932       78307      78407      408        200        1  Right
0   1   100        4962       78407      78507      409        600        1  Right
0   8   100        4974       78507      78607      410        100        1  Right
1   0   500        4983       78607      79107      411        3000       1  Right
2   8   500        4986       79107      79607      412        1000       1  Right
0   4   100        5006       79607      79707      413        600        1  Left 
8   1   100        5030       79707      79807      414        900        1  Left 
12  1   100        5081       79807      79907      415        600        1  Left 
6   0   500        5006       79707      80207      414        1000       1  Right
0   4   100        5008       80207      80307      417        600        1  Left 
0   12  100        5010       80307      80407      418        400        1  Right
8   6   100        5039       80407      80507      419        300        1  Right
8   5   100        5064       80507      80607      420        100        1  Right
0   2   100        5137       80507      80608      419        100        1  Right
8   1   100        5089       80608      80708      422        700        1  Right
0   2   100        5157       80708      80808      422        100        1  Right
3   12  500        5056       80407      80908      419        2000       1  Left 
4   0   500        5042       80908      80909      425        3000       1  Left 
3   2   500        5190       80908      80910      424        3500       1  Right
4   8   100        5043       80909      81010      426        500        1  Left 
5   8   500        5095       81010      81510      428        500        1  Right
1   12  500        5112       81010      81511      428        3000       1  Left 
1   8   500        5127       81511      82011      429        3500       1  Right
12  0   100        5143       82011      82111      430        400        1  Right
12  1   100        5154       82111      82211      431        600        1  Left 
2   8   100        5182       82111      82212      431        200        1  Right
14  8   100        5201       82212      82312      433        400        1  Right
1   12  500        5185       82211      82712      432        3000       1  Left 
12  0   100        5156       82712      82812      435        400        1  Right
1   3   500        5187       82712      83213      435        1000       1  Right
8   4   500        5186       82812      83313      436        2500       1  Left 
0   1   100        5185       83213      83314      437        600        1  Right
1   3   500        5198       83314      83814      439        1000       1  Right
8   2   500        5228       83314      83815      438        1000       1  Right
3   0   100        5219       83815      83915      441        800        1  Left 
3   0   100        5235       83915      84015      441        800        1  Left 
3   15  100        5371       84015      84115      442        100        1  Right
6   1   500        5210       83814      84315      440        2000       1  Right
4   0   500        5294       84015      84516      442        3000       1  Left 
12  1   100        5217       84516      84616      446        600        1  Left 
8   14  500        5247       84516      85017      445        2000       1  Right
1   12  500        5248       84616      85117      446        3000       1  Left 
8   5   100        5315       85017      85118      447        100        1  Right
0   1   100        5229       85117      85218      448        600        1  Right
12  8   100        5279       85118      85219      449        300        1  Right
0   4   100        5258       85218      85220      450        1000       1  Right
0   6   100        5259       85220      85320      452        200        1  Right
3   14  100        5371       85220      85321      452        500        1  Right
1   0   100        5297       85321      85421      454        600        1  Right
8   12  500        5315       85219      85621      451        1500       1  Right
12  3   100        5350       85621      85721      456        400        1  Left 
4   3   100        5355       85721      85821      457        200        1  Right
0   1   500        5318       85421      85922      455        3000       1  Right
13  8   100        5307       85922      86022      459        500        1  Right
13  3   100        5390       86022      86122      460        400        1  Right
14  3   100        5392       86122      86222      461        500        1  Right
6   8   500        5316       86022      86522      460        1500       1  Right
0   6   100        5318       86522      86622      463        200        1  Right
0   4   100        5318       86622      86722      464        1000       1  Right
0   2   100        5333       86722      86822      465        100        1  Right
1   0   100        5339       86822      86922      466        600        1  Right
2   1   100        5342       86922      87022      467        500        1  Right
5   8   500        5346       86522      87023      463        500        1  Right
15  8   100        5363       87023      87024      469        800        1  Left 
15  3   100        5394       87024      87124      470        100        1  Right
0   1   500        5360       87022      87424      468        3000       1  Right
8   13  500        5348       87424      87924      472        2500       1  Right
6   8   100        5365       87924      87925      473        1300       1  Left 
3   13  100        5371       87925      88025      474        400        1  Right
3   12  100        5430       88025      88125      475        400        1  Left 
2   0   500        5361       87924      88325      473        500        1  Right
1   2   500        5363       88325      88825      477        2500       1  Right
2   0   100        5386       88825      88925      478        100        1  Right
0   6   100        5386       88925      89025      479        200        1  Right
2   8   100        5388       89025      89125      480        200        1  Right
8   6   500        5391       89125      89625      481        1500       1  Right
2   1   100        5395       89625      89725      482        500        1  Right
8   1   100        5396       89725      89825      483        700        1  Right
8   1   100        5396       89825      89925      484        700        1  Right
1   0   100        5405       89925      89926      485        600        1  Right
8   15  500        5414       89925      89927      485        4000       1  Left 
1   2   500        5416       89926      90027      486        2500       1  Right
0   1   500        5426       90027      90527      488        3000       1  Right
8   1   100        5435       90527      90627      489        700        1  Right
8   4   100        5435       90627      90727      490        500        1  Left 
8   6   100        5435       90727      90827      491        300        1  Right
8   15  100        5435       90827      90927      492        800        1  Right
8   14  100        5435       90927      91027      493        400        1  Right
8   13  100        5435       91027      91127      494        500        1  Right
8   12  100        5435       91127      91227      495        300        1  Right
2   6   100        5436       91127      91228      495        100        1  Right
0   12  100        5466       91227      91328      496        400        1  Right
2   1   100        5437       91228      91329      497        500        1  Right
0   12  100        5480       91328      91429      498        400        1  Right
3   1   100        5469       91329      91430      499        200        1  Right
2   0   100        5441       91429      91431      500        100        1  Right
6   8   100        5454       91430      91432      501        1300       1  Left 
1   0   100        5453       91432      91532      503        600        1  Right
4   8   100        5461       91432      91533      503        500        1  Left 
1   3   100        5453       91532      91633      504        200        1  Right
1   3   100        5456       91633      91733      506        200        1  Right
3   1   100        5472       91733      91833      507        200        1  Right
2   12  500        5529       91533      92034      505        2500       1  Right
4   1   500        5510       91833      92334      508        2000       1  Right
1   2   500        5460       92334      92335      510        2500       1  Right
0   3   500        5528       92334      92336      510        4000       1  Left 
1   8   100        5473       92336      92436      512        700        1  Right
12  8   100        5476       92436      92536      513        300        1  Right
1   4   100        5479       92436      92537      513        400        1  Right
13  8   100        5478       92536      92637      514        500        1  Right
14  8   100        5480       92637      92737      516        400        1  Right
15  8   100        5482       92737      92837      517        800        1  Right
1   8   500        5495       92837      93337      518        3500       1  Right
1   8   500        5498       93337      93837      519        3500       1  Right
12  2   100        5503       93837      93937      520        500        1  Right
8   2   100        5533       93937      94037      521        200        1  Right
8   0   100        5543       94037      94137      522        100        1  Right
12  8   100        5565       94137      94237      523        300        1  Right
15  8   100        5573       94237      94337      524        800        1  Left 
15  3   100        5577       94337      94437      525        100        1  Right
6   0   500        5558       94137      94637      523        1000       1  Right
0   1   100        5586       94637      94737      527        600        1  Right
12  3   500        5621       94437      94938      526        2000       1  Left 
4   1   100        5666       94938      95038      529        400        1  Right
5   3   100        5674       95038      95138      530        600        1  Left 
0   8   500        5615       94737      95238      528        500        1  Right
4   3   100        5708       95138      95239      531        200        1  Right
0   5   100        5620       95238      95339      532        200        1  Right
12  3   100        5731       95239      95340      532        400        1  Left 
0   10  100        5620       95339      95341      534        500        1  Right
5   1   100        5760       95340      95342      534        800        1  Left 
2   8   500        5634       95341      95842      536        1000       1  Right
3   0   100        5559       95842      95942      538        800        1  Right
8   0   100        5559       95942      96042      539        100        1  Right
3   12  100        5613       95942      96043      539        400        1  Left 
8   2   100        5601       96042      96143      540        200        1  Right
3   4   500        5631       96043      96544      541        1000       1  Right
8   12  500        5699       96143      96643      542        1500       1  Right
1   0   500        5607       96143      96644      542        3000       1  Right
0   2   100        5640       96644      96744      545        100        1  Right
3   15  500        5650       96544      97046      543        500        1  Right
10  8   100        5682       97046      97146      547        1000       1  Left 
2   0   500        5667       96744      97245      546        500        1  Right
1   4   500        5699       97146      97647      548        2000       1  Right
6   0   500        5683       97245      97746      549        1000       1  Right
0   2   100        5694       97746      97846      551        100        1  Right
0   2   100        5699       97846      97946      552        100        1  Right
8   15  500        5700       97647      98148      550        4000       1  Left 
3   4   100        5700       98148      98248      554        200        1  Right
6   2   500        5723       97946      98447      552        500        1  Right
0   2   100        5755       98447      98547      555        100        1  Right
8   10  500        5708       98248      98749      555        5000       1  Left 
14  8   100        5744       98749      98849      557        400        1  Right
2   1   100        5761       98849      98949      558        500        1  Right
0   1   100        5761       98949      99049      559        600        1  Right
3   5   500        5729       98749      99249      557        3000       1  Left 
1   4   100        5731       99249      99349      561        400        1  Right
3   15  100        5752       99349      99449      562        100        1  Right
3   12  100        5811       99449      99549      563        400        1  Left 
8   14  500        5790       99049      99550      560        2000       1  Right
1   6   100        5732       99550      99650      565        400        1  Right
4   0   100        5733       99550      99651      565        600        1  Left 
14  3   100        5748       99650      99751      566        500        1  Right
8   0   100        5812       99651      99752      567        100        1  Right
13  8   100        5833       99752      99852      569        500        1  Right
4   1   500        5762       99751      100252     568        2000       1  Right
15  1   100        5765       100252     100352     571        100        1  Right
8   13  500        5874       99852      100353     570        2500       1  Right
15  3   100        5775       100352     100453     572        100        1  Right
1   6   100        5769       100353     100454     573        400        1  Right
0   3   100        5783       100453     100455     574        800        1  Left 
1   2   500        5782       100454     100856     575        2500       1  Right
12  3   500        5825       100455     100956     576        2000       1  Left 
12  3   100        5829       100956     101056     578        400        1  Left 
13  3   100        5837       101056     101057     579        1200       1  Left 
1   15  500        5791       100856     101258     577        500        1  Right
1   2   100        5796       101258     101259     581        500        1  Right
2   1   100        5801       101259     101260     582        500        1  Right
0   3   500        5851       101057     101360     580        4000       1  Left 
3   2   100        5812       101360     101361     584        900        1  Left 
3   12  100        5813       101361     101461     585        400        1  Left 
6   1   500        5810       101260     101662     583        2000       1  Right
0   8   500        5868       101361     101863     585        500        1  Right
1   5   500        5804       101662     102163     587        4000       1  Left 
15  1   100        5819       102163     102263     589        100        1  Right
3   14  500        5854       102163     102664     589        5500       1  Left 
1   2   500        5822       102664     103164     591        2500       1  Right
2   1   500        5825       103164     103664     592        2500       1  Right
15  1   100        5832       103664     103764     593        100        1  Right
3   14  100        5857       103664     103765     593        1100       1  Left 
15  0   100        5834       103765     103865     595        700        1  Right
5   0   100        5844       103865     103965     596        200        1  Right
1   6   100        5845       103865     103966     596        400        1  Right
2   0   100        5845       103965     104066     597        100        1  Right
1   15  500        5845       103966     104467     598        500        1  Right
0   2   500        5880       104066     104567     599        500        1  Right
12  1   100        5849       104467     104568     600        600        1  Left 
0   6   100        5922       104567     104668     601        200        1  Right
3   2   100        5882       104668     104768     603        900        1  Left 
14  3   100        5886       104768     104868     604        1100       1  Left 
1   15  500        5858       104568     105069     602        500        1  Right
15  1   100        5887       105069     105169     606        100        1  Right
2   3   500        5903       104868     105369     605        4500       1  Left 
2   0   100        5914       105369     105469     608        100        1  Right
1   12  500        5880       105369     105869     608        3000       1  Left 
12  0   100        5917       105869     105969     610        400        1  Right
3   12  100        5917       105969     106069     611        400        1  Left 
12  8   100        5919       106069     106169     612        300        1  Right
3   12  100        5919       106169     106269     613        400        1  Left 
1   15  500        5913       105869     106369     610        500        1  Right
0   9   100        5922       106269     106370     614        700        1  Left 
12  1   100        5926       106370     106470     616        600        1  Left 
0   2   500        5945       106370     106871     616        500        1  Right
12  3   500        5928       106470     106971     617        2000       1  Left 
8   2   100        5956       106871     106972     618        200        1  Right
15  3   100        5941       106971     107072     619        100        1  Right
1   12  500        5957       106972     107473     620        5000       1  Right
6   3   100        5955       107473     107573     622        600        1  Right
9   8   100        5963       107473     107574     622        600        1  Left 
2   1   100        5971       107573     107575     623        500        1  Right
8   15  100        5956       107574     107576     624        800        1  Left 
13  1   100        5988       107575     107675     625        200        1  Right
8   14  100        5956       107675     107676     627        1200       1  Left 
8   13  100        5956       107676     107776     628        1100       1  Left 
8   10  100        5956       107776     107876     629        1000       1  Left 
2   0   500        5971       107575     107977     625        500        1  Right
3   13  500        5958       107876     108377     630        2000       1  Right
10  8   100        5981       108377     108477     632        600        1  Right
2   8   100        5989       108477     108577     633        200        1  Right
3   6   500        5986       108477     108977     633        3000       1  Right
12  6   100        5990       108977     109077     635        600        1  Right
12  1   100        5991       109077     109177     636        600        1  Left 
13  8   100        5993       109077     109178     636        500        1  Right
12  0   100        5995       109178     109278     638        400        1  Right
1   2   500        5992       109178     109678     638        2500       1  Right
14  8   100        5995       109678     109778     640        400        1  Right
15  8   100        5997       109778     109779     641        800        1  Left 
0   6   100        5998       109778     109780     641        200        1  Right
2   0   100        6015       109780     109880     643        100        1  Right
1   13  500        6015       109678     110080     640        1000       1  Right
6   1   100        6022       110080     110180     645        400        1  Right
0   4   100        6024       110180     110181     646        1000       1  Right
12  8   500        6074       109779     110182     642        1500       1  Right
0   2   100        6025       110181     110282     647        100        1  Right
1   12  500        6024       110182     110683     648        3000       1  Left 
0   1   100        6026       110683     110783     650        600        1  Right
8   12  100        6048       110683     110784     650        300        1  Right
8   12  100        6050       110784     110884     652        300        1  Right
0   2   500        6041       110783     111283     651        500        1  Right
6   1   500        6027       110783     111284     651        2000       1  Right
13  1   100        6041       111284     111384     655        200        1  Right
8   9   500        6118       110884     111386     653        3000       1  Left 
13  1   100        6054       111384     111485     656        200        1  Right
0   4   100        6067       111386     111487     657        600        1  Left 
0   8   100        6085       111487     111587     659        100        1  Right
1   6   500        6063       111485     111986     658        2000       1  Right
13  0   100        6056       111986     112086     661        400        1  Right
2   0   100        6073       112086     112186     662        100        1  Right
6   0   100        6105       112186     112286     663        200        1  Right
3   0   100        6124       112286     112386     664        800        1  Left 
1   13  500        6067       112086     112586     662        1000       1  Right
2   1   100        6075       112586     112686     666        500        1  Right
1   13  500        6080       112686     113186     667        1000       1  Right
2   3   500        6090       112686     113187     667        4500       1  Left 
1   2   100        6083       113187     113287     669        500        1  Right
4   1   100        6092       113287     113387     670        400        1  Right
0   10  100        6224       113287     113388     669        500        1  Right
0   11  100        6225       113388     113488     671        500        1  Right
0   12  100        6246       113488     113588     672        400        1  Right
1   2   500        6097       113388     113888     672        2500       1  Right
13  1   100        6115       113888     113988     675        200        1  Right
8   2   100        6137       113888     113989     675        200        1  Right
8   2   100        6137       113989     114089     677        200        1  Right
13  8   100        6167       114089     114189     678        500        1  Right
1   4   500        6123       113988     114489     676        2000       1  Right
2   1   500        6123       114489     114989     680        2500       1  Right
2   4   100        6124       114989     115089     681        700        1  Left 
6   1   500        6137       114989     115490     681        2000       1  Right
1   13  500        6141       115490     115990     683        1000       1  Right
6   12  500        6277       115490     115991     682        3000       1  Right
1   2   100        6145       115991     116091     685        500        1  Right
0   12  100        6327       115991     116092     683        400        1  Right
4   2   500        6165       116091     116592     686        4500       1  Right
2   1   500        6173       116592     117092     688        2500       1  Right
2   3   100        6183       117092     117192     689        700        1  Right
1   6   100        6192       117192     117292     690        400        1  Right
1   5   100        6217       117292     117392     691        800        1  Left 
13  3   100        6245       117392     117492     691        400        1  Right
2   8   500        6186       117192     117692     690        1000       1  Right
5   1   500        6255       117492     117693     692        4000       1  Left 
10  3   100        6257       117693     117793     694        300        1  Right
8   13  500        6208       117692     117893     694        2500       1  Right
12  1   100        6315       117793     117894     695        600        1  Left 
2   8   500        6213       117893     118394     697        1000       1  Right
3   2   100        6192       118394     118494     699        700        1  Right
11  8   100        6255       118394     118495     698        400        1  Right
0   2   100        6337       118494     118594     698        100        1  Right
8   0   100        6271       118594     118694     701        100        1  Right
3   15  500        6238       118494     118995     699        500        1  Right
6   0   500        6299       118694     119194     702        1000       1  Right
8   11  500        6286       118694     119195     702        2000       1  Right
0   8   100        6368       119195     119295     704        100        1  Right
0   5   100        6369       119295     119395     705        200        1  Right
0   2   100        6386       119395     119495     706        100        1  Right
3   10  500        6288       118995     119497     703        1500       1  Right
1   0   500        6309       119497     119997     709        3000       1  Right
11  1   100        6321       119997     120097     709        500        1  Left 
10  1   100        6323       120097     120197     710        100        1  Right
2   0   500        6312       119997     120497     710        500        1  Right
1   12  500        6346       120197     120698     711        3000       1  Left 
15  2   100        6397       120698     120798     713        600        1  Right
4   0   500        6329       120698     121198     713        3000       1  Left 
1   11  500        6357       121198     121698     715        2500       1  Left 
2   4   100        6376       121698     121798     716        700        1  Left 
2   6   100        6377       121798     121898     717        100        1  Right
0   15  100        6387       121798     121899     717        900        1  Left 
2   6   100        6399       121898     121999     718        100        1  Right
11  0   100        6393       121899     122000     719        500        1  Right
1   10  500        6364       121698     122198     716        500        1  Right
4   2   500        6410       122000     122501     721        3500       1  Left 
12  1   100        6375       122501     122601     723        600        1  Left 
11  1   100        6404       122601     122701     724        500        1  Left 
11  0   100        6406       122701     122801     725        500        1  Right
10  0   100        6409       122801     122901     726        500        1  Right
1   12  500        6406       122801     123301     726        3000       1  Left 
5   1   100        6411       123301     123401     728        800        1  Right
