
88
C:/Users/nxconrad/Desktop/REU 2.0/Benchmark Data/16-core/7/flow_freqmine100#1.txt
759
[10, 11, 1, 0, 6, 13, 12, 2, 3, 15, 14, 7, 5, 4, 9, 8]
8   0   100        0          2          102        0          400        1  Left 
0   8   500        317        319        819        0          2000       1  Left 
8   1   100        376        819        919        1          300        1  Left 
1   8   500        678        919        1419       1          1500       1  Left 
8   1   100        725        1419       1519       2          300        1  Left 
3   0   100        1001       1419       1520       0          500        1  Right
6   0   100        1002       1520       1620       2          100        1  Right
5   0   100        1003       1620       1720       3          700        1  Left 
9   0   100        1003       1720       1820       4          500        1  Left 
1   0   100        1004       1820       1920       5          100        1  Right
15  0   100        1004       1920       2020       6          600        1  Right
12  0   100        1005       2020       2120       7          300        1  Right
14  0   100        1006       2120       2220       8          700        1  Right
1   8   500        1027       1920       2421       6          1500       1  Left 
0   15  500        1025       2220       2721       9          3000       1  Right
10  0   100        1006       2721       2821       11         300        1  Right
11  0   100        1007       2821       2921       12         200        1  Right
4   0   100        1008       2921       3021       13         600        1  Left 
13  0   100        1008       3021       3121       14         200        1  Right
7   0   100        1010       3121       3221       15         800        1  Right
2   0   100        1012       3221       3321       16         400        1  Right
0   1   500        1025       3321       3821       17         500        1  Right
0   14  500        1032       3821       4321       18         3500       1  Right
0   2   500        1038       4321       4821       19         2000       1  Right
15  0   100        1042       4821       4921       20         600        1  Right
0   13  500        1052       4921       5421       21         1000       1  Right
0   12  500        1052       5421       5921       22         1500       1  Right
1   0   100        1053       5921       6021       23         100        1  Right
14  0   100        1069       6021       6121       24         700        1  Right
1   8   500        1379       6021       6122       24         1500       1  Left 
0   4   500        1075       6121       6222       25         5000       1  Right
0   5   500        1075       6222       6722       27         3500       1  Left 
8   0   100        1077       6722       6822       28         400        1  Left 
8   1   100        1079       6822       6922       29         300        1  Left 
8   0   100        1080       6922       7022       30         400        1  Left 
2   0   100        1086       7022       7122       31         400        1  Right
0   11  500        1097       7122       7622       32         1000       1  Right
0   6   500        1097       7622       8122       33         500        1  Right
13  0   100        1102       8122       8222       34         200        1  Right
12  0   100        1118       8222       8322       35         300        1  Right
0   10  500        1119       8322       8822       36         1500       1  Right
0   9   500        1119       8822       9322       37         2500       1  Left 
4   0   100        1129       9322       9422       38         600        1  Left 
0   7   500        1141       9422       9922       39         4000       1  Right
5   0   100        1145       9922       10022      40         700        1  Left 
11  0   100        1156       10022      10122      41         200        1  Right
6   0   100        1172       10122      10222      42         100        1  Right
10  0   100        1183       10222      10322      43         300        1  Right
9   0   100        1199       10322      10422      44         500        1  Left 
7   0   100        1210       10422      10522      45         800        1  Right
0   3   500        1319       10522      11022      46         2500       1  Right
0   1   100        1340       11022      11122      47         100        1  Right
3   1   100        1353       11122      11222      48         600        1  Right
0   7   500        1356       11222      11722      49         4000       1  Right
0   9   500        1356       11722      12222      50         2500       1  Left 
0   10  500        1357       12222      12722      51         1500       1  Right
7   1   100        1410       12722      12822      52         700        1  Left 
9   1   100        1421       12822      12922      52         400        1  Left 
10  1   100        1438       12922      13022      53         200        1  Right
0   6   500        1357       12722      13222      52         500        1  Right
8   6   100        1542       13222      13223      53         1100       1  Right
0   11  500        1378       13222      13623      56         1000       1  Right
0   5   500        1378       13623      14123      58         3500       1  Left 
0   4   500        1400       14123      14623      59         3000       1  Left 
0   12  500        1400       14623      15123      60         1500       1  Right
0   13  500        1422       15123      15623      60         1000       1  Right
0   2   500        1422       15623      16123      61         2000       1  Right
0   14  500        1444       16123      16623      62         3500       1  Right
0   1   500        1444       16623      17123      63         500        1  Right
6   1   100        1449       17123      17223      64         200        1  Right
11  1   100        1455       17223      17323      65         100        1  Right
5   1   100        1466       17323      17423      66         600        1  Left 
4   1   100        1472       17423      17523      67         500        1  Left 
0   15  500        1466       17223      17724      65         3000       1  Right
0   8   100        1466       17724      17824      69         400        1  Left 
0   8   100        1466       17824      17924      70         400        1  Left 
12  1   100        1483       17924      18024      71         400        1  Right
13  1   100        1489       18024      18124      72         300        1  Right
2   1   100        1493       18124      18224      73         500        1  Right
14  1   100        1504       18224      18324      74         800        1  Right
15  1   100        1512       18324      18424      75         700        1  Right
8   1   100        1546       18424      18524      74         300        1  Left 
1   0   500        1612       18524      19024      75         500        1  Right
1   15  500        1627       19024      19524      75         3500       1  Right
1   14  500        1627       19524      20024      76         4000       1  Right
1   13  500        1628       20024      20524      77         1500       1  Right
0   1   100        1631       20524      20624      78         100        1  Right
1   0   100        1633       20624      20724      79         100        1  Right
1   2   500        1640       20724      21224      80         2500       1  Right
1   12  500        1640       21224      21724      81         2000       1  Right
15  0   100        1651       21724      21824      82         600        1  Right
14  0   100        1657       21824      21924      83         700        1  Right
13  0   100        1673       21924      22024      84         200        1  Right
2   0   100        1682       22024      22124      85         400        1  Right
12  0   100        1703       22124      22224      86         300        1  Right
1   4   500        1662       21724      22225      82         2500       1  Left 
1   5   500        1662       22225      22725      88         3000       1  Left 
4   0   100        1714       22725      22825      89         1000       1  Right
5   0   100        1730       22825      22925      89         900        1  Right
1   11  500        1685       22725      23225      89         500        1  Right
1   6   500        1685       23225      23725      92         1000       1  Right
8   6   100        1841       23725      23726      91         1100       1  Right
0   6   100        1935       23726      23826      91         100        1  Right
0   15  100        1959       23826      23926      92         600        1  Right
1   10  500        1707       23725      24126      93         1000       1  Right
1   9   500        1707       24126      24626      97         2000       1  Left 
4   1   100        1724       24626      24726      97         500        1  Left 
1   7   500        1729       24726      25226      98         3500       1  Left 
5   1   100        1730       25226      25326      99         600        1  Left 
12  1   100        1735       25326      25426      100        400        1  Right
1   3   500        1740       25426      25926      101        3000       1  Right
11  0   100        1741       25926      26026      102        200        1  Right
13  1   100        1741       26026      26126      103        300        1  Right
11  1   100        1741       26126      26226      104        100        1  Right
6   0   100        1757       26126      26227      104        100        1  Right
2   1   100        1745       26226      26327      105        1100       1  Left 
14  1   100        1756       26327      26427      107        800        1  Right
6   1   100        1757       26427      26527      108        200        1  Right
15  1   100        1764       26527      26627      109        700        1  Right
10  0   100        1768       26627      26628      110        300        1  Right
10  1   100        1768       26628      26629      111        200        1  Right
6   8   500        1819       26627      26930      109        5500       1  Right
9   0   100        1784       26930      27030      113        500        1  Left 
15  6   100        1967       26930      27031      111        500        1  Right
9   1   100        1784       27030      27131      114        400        1  Left 
3   0   100        1786       27031      27132      115        500        1  Right
3   0   100        1788       27132      27232      117        500        1  Right
7   0   100        1795       27232      27332      118        800        1  Right
1   8   500        1848       27131      27632      115        1500       1  Left 
7   1   100        1795       27632      27732      120        700        1  Left 
8   1   100        1847       27732      27832      120        300        1  Left 
1   8   500        1898       27832      28332      121        1500       1  Left 
8   0   100        1947       28332      28432      121        400        1  Left 
0   1   100        1968       28432      28532      122        100        1  Right
6   8   500        2118       28432      28933      121        5500       1  Right
0   14  100        1970       28933      29033      124        700        1  Right
1   6   100        1976       29033      29133      125        200        1  Right
14  6   100        1984       29133      29233      126        600        1  Right
2   6   100        2008       29233      29333      127        300        1  Right
13  6   100        2009       29333      29433      128        100        1  Right
1   0   500        2024       29133      29634      125        500        1  Right
0   13  100        1991       29634      29734      130        200        1  Right
0   2   100        1995       29734      29834      131        400        1  Right
0   12  100        2026       29834      29934      131        300        1  Right
1   7   500        2039       29634      30135      129        3500       1  Left 
6   0   500        2232       29934      30435      130        500        1  Right
0   4   100        2037       30435      30436      134        1000       1  Right
0   5   100        2060       30436      30437      135        900        1  Right
1   9   500        2039       30135      30438      133        2000       1  Left 
1   10  500        2040       30438      30938      137        1000       1  Right
1   6   500        2040       30938      31438      138        1000       1  Right
12  6   100        2049       31438      31538      139        200        1  Right
1   15  500        2062       31438      31939      139        4500       1  Left 
4   6   100        2068       31939      32039      141        900        1  Right
1   11  500        2062       31939      32439      141        500        1  Right
0   11  100        2069       32439      32539      143        200        1  Right
1   14  500        2085       32539      33039      144        4000       1  Right
0   6   100        2090       33039      33139      145        100        1  Right
1   5   500        2096       33039      33540      145        3000       1  Left 
1   13  500        2096       33540      34040      147        1500       1  Right
5   6   100        2101       34040      34140      148        800        1  Right
0   10  100        2101       34040      34141      148        300        1  Right
0   3   100        2107       34141      34241      150        500        1  Right
11  6   100        2113       34241      34341      151        300        1  Right
1   2   500        2119       34341      34841      151        2500       1  Right
1   12  500        2119       34841      35341      152        2000       1  Right
0   9   100        2122       35341      35441      153        500        1  Left 
3   1   100        2125       35441      35541      154        600        1  Right
0   7   100        2133       35541      35542      155        800        1  Right
0   3   100        2236       35542      35642      155        500        1  Right
1   4   500        2142       35541      35943      155        2500       1  Left 
10  6   100        2137       35943      36043      158        400        1  Right
9   6   100        2163       36043      36143      159        600        1  Left 
7   6   100        2177       36143      36243      160        700        1  Right
1   0   100        2310       36143      36244      159        100        1  Right
3   6   100        2254       36243      36344      160        400        1  Right
1   0   100        2314       36244      36345      161        100        1  Right
6   1   500        2268       36345      36845      163        1000       1  Right
0   8   100        2410       36845      36945      164        400        1  Left 
8   1   100        2453       36945      37045      164        300        1  Left 
0   8   100        2583       37045      37145      165        400        1  Left 
6   15  500        2280       36845      37345      164        2500       1  Right
6   14  500        2313       37345      37845      168        3000       1  Right
15  0   100        2332       37845      37846      169        1000       1  Left 
15  0   100        2336       37846      37847      170        1000       1  Left 
14  0   100        2360       37847      37947      171        900        1  Left 
6   2   500        2323       37845      37948      169        1500       1  Right
1   3   500        2427       37947      38249      171        5000       1  Left 
2   0   100        2361       38249      38250      174        1200       1  Left 
6   13  500        2345       37948      38350      173        500        1  Right
14  0   100        2364       38250      38351      175        900        1  Left 
2   0   100        2365       38351      38352      177        1200       1  Left 
6   12  500        2378       38350      38752      176        1000       1  Right
13  0   100        2387       38752      38852      179        200        1  Right
1   8   500        2755       38352      38853      176        1500       1  Left 
13  0   100        2391       38852      38953      180        200        1  Right
14  8   100        2896       38853      38954      178        500        1  Right
12  0   100        2415       38953      39054      182        300        1  Right
6   4   500        2400       39054      39554      184        3500       1  Left 
12  0   100        2419       39554      39654      185        300        1  Right
3   4   100        2455       39554      39655      184        500        1  Right
4   0   100        2427       39655      39656      186        600        1  Left 
4   0   100        2431       39656      39657      187        600        1  Left 
6   5   500        2422       39655      39957      186        4000       1  Right
3   4   100        2756       39957      40057      188        500        1  Right
6   11  500        2433       39957      40457      189        1500       1  Right
5   0   100        2444       40457      40557      191        700        1  Left 
5   0   100        2448       40557      40657      192        700        1  Left 
6   0   100        2463       40657      40757      193        100        1  Right
11  0   100        2465       40757      40857      194        200        1  Right
6   0   100        2467       40857      40957      195        100        1  Right
11  0   100        2469       40957      40958      196        200        1  Right
6   10  500        2488       40957      41359      196        6000       1  Left 
6   9   500        2510       41359      41859      198        3000       1  Left 
10  0   100        2515       41859      41959      199        300        1  Right
10  0   100        2519       41959      42059      200        300        1  Right
9   0   100        2532       42059      42159      201        500        1  Left 
9   0   100        2536       42159      42259      202        500        1  Left 
6   7   500        2521       41859      42360      199        3500       1  Right
7   0   100        2543       42360      42460      204        800        1  Right
7   0   100        2547       42460      42560      205        800        1  Right
6   3   500        2554       42560      43060      206        2000       1  Right
0   3   100        2587       43060      43160      207        500        1  Right
4   3   500        2737       43160      43660      207        2500       1  Right
3   0   100        2757       43660      43760      208        500        1  Right
8   0   100        2808       43760      43860      209        400        1  Left 
14  3   100        2900       43760      43861      208        200        1  Right
3   0   500        2879       43861      44361      210        2500       1  Right
0   14  100        2883       44361      44461      211        700        1  Right
0   14  100        2887       44461      44561      212        700        1  Right
8   0   500        2910       44561      45061      213        2000       1  Left 
4   3   500        3042       44561      45062      211        2500       1  Right
8   0   100        2942       45061      45162      213        400        1  Left 
3   2   100        3066       45062      45163      213        100        1  Right
0   1   100        2970       45162      45263      215        100        1  Right
3   6   100        3095       45163      45263      215        400        1  Right
8   14  500        3041       45162      45663      214        2500       1  Right
0   8   100        2985       45663      45763      218        400        1  Left 
8   0   100        3181       45763      45863      217        400        1  Left 
3   14  500        3192       45663      46164      216        1000       1  Right
3   14  100        3233       46164      46264      218        200        1  Right
1   0   500        3242       45863      46364      217        500        1  Right
0   3   100        3077       46364      46365      222        500        1  Right
14  1   100        3228       46364      46366      220        800        1  Left 
0   8   500        3125       46366      46866      223        2000       1  Left 
0   13  100        3185       46866      46966      224        200        1  Right
0   13  100        3189       46966      47066      225        200        1  Right
1   14  500        3515       46866      47367      222        4000       1  Left 
13  8   100        3203       47367      47467      227        600        1  Left 
13  3   100        3207       47467      47567      228        300        1  Right
0   1   100        3274       47467      47568      227        100        1  Right
8   13  500        3244       47567      48068      228        5000       1  Right
14  3   100        3251       48068      48168      230        200        1  Right
13  1   100        3313       48068      48169      230        300        1  Right
0   5   100        3498       48169      48269      231        700        1  Left 
2   3   500        3338       48168      48669      230        500        1  Right
0   8   500        3498       48269      48770      232        2000       1  Left 
0   11  100        3499       48770      48870      234        200        1  Right
5   8   100        3526       48770      48871      234        300        1  Right
14  0   100        3537       48871      48971      236        900        1  Left 
3   13  500        3282       48669      49170      234        1500       1  Right
3   6   100        3358       49170      49270      238        400        1  Right
3   1   100        3359       49270      49370      239        600        1  Right
8   5   500        3557       48971      49472      237        1500       1  Right
8   1   100        3560       49472      49572      241        300        1  Left 
0   1   100        3568       49572      49672      242        100        1  Right
6   3   500        3377       49370      49871      240        2000       1  Right
11  3   100        3540       49871      49971      244        900        1  Left 
1   13  500        3530       49871      50371      244        1500       1  Right
1   0   500        3546       50371      50871      246        500        1  Right
13  0   100        3557       50871      50971      247        200        1  Right
0   2   100        3580       50971      50972      248        400        1  Right
1   3   500        3638       50871      51273      247        5000       1  Left 
0   1   100        3800       51273      51373      250        100        1  Right
0   7   100        3801       51373      51473      251        800        1  Left 
1   8   100        3808       51473      51573      252        300        1  Left 
6   3   500        3640       51273      51773      250        2000       1  Right
3   2   100        3676       51773      51873      254        100        1  Right
1   0   500        3840       51573      52074      252        500        1  Right
3   11  500        3827       51873      52075      254        4500       1  Left 
7   3   100        3841       52075      52175      256        300        1  Right
2   0   500        3857       52074      52276      255        2000       1  Right
0   3   100        3863       52276      52376      258        500        1  Right
0   14  100        3868       52376      52476      259        700        1  Right
8   1   500        3862       52075      52577      256        1500       1  Left 
1   8   500        3870       52577      53077      261        1500       1  Left 
3   11  100        3877       53077      53177      262        700        1  Right
14  1   100        3881       53177      53277      263        800        1  Right
11  3   100        3890       53277      53377      264        700        1  Right
8   0   100        3924       53377      53477      265        400        1  Left 
3   7   500        3916       53377      53877      265        1500       1  Right
0   8   500        3980       53477      53978      266        2000       1  Left 
8   0   100        4042       53978      54078      268        400        1  Left 
8   1   100        4044       54078      54178      269        300        1  Left 
0   15  100        4102       54178      54278      270        1000       1  Left 
2   3   500        3948       53877      54378      267        500        1  Right
15  8   100        4110       54278      54378      271        600        1  Right
0   1   100        4104       54278      54379      271        100        1  Right
3   6   100        3975       54378      54479      272        400        1  Right
1   3   100        4096       54479      54579      274        600        1  Right
1   3   100        4113       54579      54679      275        600        1  Right
0   3   100        4157       54679      54779      276        500        1  Right
8   15  500        4161       54378      54879      272        3000       1  Right
0   13  100        4171       54779      54880      277        200        1  Right
3   5   100        4000       54879      54980      278        400        1  Right
1   8   500        4135       54879      55380      278        1500       1  Left 
6   3   500        4257       54980      55481      280        2000       1  Right
1   14  500        4153       55380      55881      281        4000       1  Left 
3   1   100        4109       55881      55981      283        600        1  Right
8   4   100        4188       55881      55982      283        200        1  Right
3   0   100        4139       55981      55983      284        500        1  Right
1   14  100        4223       55982      55984      285        800        1  Left 
3   0   500        4155       55983      56484      286        2500       1  Right
4   8   500        4224       55984      56485      287        1000       1  Right
3   1   500        4188       56484      56985      288        3000       1  Right
13  1   100        4189       56985      57085      290        300        1  Right
0   1   100        4222       57085      57185      291        100        1  Right
1   0   100        4240       57185      57285      292        100        1  Right
5   3   500        4283       56985      57486      290        2000       1  Right
1   0   500        4243       57285      57786      293        500        1  Right
14  1   100        4231       57786      57886      295        800        1  Right
1   13  500        4252       57886      58386      296        1500       1  Right
1   0   100        4253       58386      58486      297        100        1  Right
0   8   100        4268       58486      58586      298        400        1  Left 
0   1   100        4275       58586      58686      299        100        1  Right
1   0   500        4296       58686      59186      300        500        1  Right
1   3   100        4298       59186      59286      301        600        1  Right
3   1   100        4307       59286      59386      302        600        1  Right
0   6   100        4316       59386      59486      303        100        1  Right
1   8   100        4333       59386      59487      302        300        1  Left 
0   1   100        4317       59487      59587      305        100        1  Right
5   8   100        4345       59487      59588      304        300        1  Right
1   0   500        4340       59587      60088      305        500        1  Right
8   1   100        4324       60088      60188      307        300        1  Left 
8   5   100        4324       60188      60288      308        300        1  Right
8   15  100        4324       60288      60388      309        600        1  Right
8   14  100        4324       60388      60488      310        500        1  Right
8   13  100        4324       60488      60588      311        600        1  Left 
1   8   100        4362       60588      60688      312        300        1  Left 
13  8   100        4364       60688      60788      313        600        1  Left 
14  8   100        4366       60788      60888      314        500        1  Right
15  8   100        4368       60888      60988      315        600        1  Right
8   1   100        4371       60988      61088      316        300        1  Left 
15  3   100        4415       60988      61089      316        100        1  Right
0   8   100        4385       61088      61189      317        400        1  Left 
0   2   100        4404       61189      61190      319        400        1  Right
1   3   500        4422       61189      61591      319        5000       1  Left 
0   15  100        4406       61591      61691      321        600        1  Right
2   8   100        4417       61691      61791      322        800        1  Right
8   0   100        4419       61791      61891      323        400        1  Left 
6   3   100        4454       61791      61892      323        400        1  Right
3   0   100        4450       61892      61992      325        500        1  Right
4   8   500        4476       61891      62392      324        1000       1  Right
8   6   100        4428       62392      62492      327        500        1  Left 
3   15  500        4451       61992      62493      326        500        1  Right
8   4   100        4440       62492      62593      328        200        1  Right
15  1   100        4494       62593      62594      330        900        1  Left 
0   3   500        4462       62493      62595      329        2500       1  Right
1   15  500        4520       62594      62596      331        4500       1  Left 
0   3   500        4481       62595      62897      332        2500       1  Right
8   6   100        4441       62897      62997      334        500        1  Left 
8   0   100        4463       62997      63097      335        400        1  Left 
3   6   100        4472       62997      63098      335        400        1  Right
0   8   500        4506       63097      63598      336        2000       1  Left 
3   0   100        4512       63598      63698      338        500        1  Right
3   5   100        4588       63698      63798      339        400        1  Right
6   8   500        4513       63698      64198      339        2500       1  Left 
8   2   100        4515       64198      64298      341        800        1  Right
15  0   100        4547       64298      64398      342        600        1  Right
0   3   500        4552       64398      64898      343        2500       1  Right
0   1   100        4552       64898      64998      344        100        1  Right
0   1   100        4573       64998      65098      345        100        1  Right
2   8   500        4561       64898      65399      344        4000       1  Right
8   2   500        4570       65399      65899      347        4000       1  Right
1   2   100        4581       65899      65999      348        500        1  Right
3   1   500        4594       65999      66499      349        3000       1  Right
2   0   100        4602       66499      66599      350        400        1  Right
1   8   100        4646       66499      66600      350        300        1  Left 
1   8   100        4679       66600      66700      352        300        1  Left 
6   0   500        4613       66599      67100      351        500        1  Right
8   6   100        4606       67100      67200      354        500        1  Left 
0   2   100        4622       67200      67300      355        400        1  Right
0   1   100        4625       67300      67400      356        100        1  Right
6   8   500        4720       67300      67801      356        5500       1  Right
1   0   500        4682       67400      67901      357        500        1  Right
12  8   100        4729       67801      67902      358        900        1  Right
1   0   500        4722       67901      68402      359        500        1  Right
2   1   500        4648       68402      68902      361        2500       1  Right
0   1   100        4661       68902      69002      362        100        1  Right
2   3   100        4722       68902      69003      362        100        1  Right
8   1   100        4684       69002      69103      363        300        1  Left 
0   1   100        4701       69103      69203      365        100        1  Right
0   12  100        4706       69203      69303      366        300        1  Right
0   2   100        4708       69303      69403      367        400        1  Right
8   1   500        4730       69203      69704      366        1500       1  Left 
3   2   500        4743       69403      69904      368        500        1  Right
1   0   500        4735       69704      70205      369        500        1  Right
8   12  500        4765       69904      70405      370        4500       1  Right
8   1   100        4768       70405      70505      372        300        1  Left 
2   1   100        4768       70505      70605      373        500        1  Right
0   1   100        4789       70605      70705      374        100        1  Right
1   2   500        4789       70705      71205      375        2500       1  Right
2   0   100        4810       71205      71305      376        400        1  Right
1   8   100        4810       71205      71306      376        300        1  Left 
0   15  100        4855       71305      71406      376        600        1  Right
2   1   100        4821       71406      71506      378        500        1  Right
2   0   100        4823       71506      71507      379        400        1  Right
1   3   100        4827       71506      71508      379        1000       1  Left 
3   1   100        4840       71508      71608      381        600        1  Right
1   2   500        4842       71608      72108      382        2500       1  Right
5   3   500        4865       71608      72109      382        2000       1  Right
8   1   100        4848       72108      72209      383        300        1  Left 
15  1   100        4863       72209      72309      385        700        1  Right
2   1   100        4864       72309      72409      386        500        1  Right
2   3   100        4908       72409      72509      387        100        1  Right
1   8   500        4866       72409      72909      387        1500       1  Left 
1   0   100        4873       72909      73009      389        100        1  Right
1   8   100        4875       73009      73109      390        300        1  Left 
6   8   500        4883       73109      73609      391        2500       1  Left 
1   2   500        4885       73609      74109      392        2500       1  Right
1   15  500        4889       74109      74609      393        3500       1  Right
12  8   100        4960       74609      74709      393        900        1  Right
2   8   100        4967       74709      74809      394        800        1  Right
12  3   100        5035       74809      74909      395        200        1  Right
1   0   500        4899       74609      75109      394        500        1  Right
1   6   100        4903       75109      75209      398        200        1  Right
1   0   100        4908       75209      75309      399        100        1  Right
3   1   100        4910       75309      75409      400        600        1  Right
3   1   100        4910       75409      75509      401        600        1  Right
8   0   100        4931       75509      75609      401        400        1  Left 
8   2   100        4931       75609      75709      402        800        1  Right
0   6   100        4958       75609      75710      402        100        1  Right
8   12  100        4931       75709      75810      403        900        1  Right
0   1   100        4962       75710      75811      404        100        1  Right
8   2   100        4932       75810      75911      405        800        1  Right
1   0   500        4983       75811      76312      406        500        1  Right
0   8   100        4974       76312      76412      408        400        1  Left 
2   8   500        4986       76412      76912      409        4000       1  Right
6   0   500        5006       76412      76913      409        500        1  Right
8   1   100        5030       76912      76914      410        300        1  Left 
0   4   100        5006       76913      76915      411        1000       1  Right
0   4   100        5008       76915      77015      413        600        1  Left 
0   12  100        5010       77015      77115      414        300        1  Right
8   6   100        5039       77115      77215      415        500        1  Left 
3   12  500        5056       77115      77616      415        1000       1  Right
4   0   500        5042       77215      77716      416        3000       1  Left 
4   8   100        5043       77716      77816      418        200        1  Right
12  1   100        5081       77716      77817      418        400        1  Right
8   5   100        5064       77816      77917      419        300        1  Right
1   12  500        5112       77817      78318      420        2000       1  Right
5   8   500        5095       77917      78418      421        1500       1  Right
0   2   100        5137       78318      78419      422        400        1  Right
8   1   100        5089       78418      78519      423        300        1  Left 
12  0   100        5143       78419      78520      424        300        1  Right
0   2   100        5157       78520      78620      426        400        1  Right
1   8   500        5127       78519      79020      425        1500       1  Left 
12  1   100        5154       79020      79120      428        400        1  Right
3   2   500        5190       78620      79121      427        500        1  Right
12  0   100        5156       79120      79220      429        300        1  Right
0   1   100        5185       79220      79320      431        100        1  Right
8   4   500        5186       79020      79522      428        1000       1  Right
2   8   100        5182       79522      79622      433        800        1  Right
14  8   100        5201       79622      79722      434        500        1  Right
1   12  500        5185       79320      79821      432        2000       1  Right
8   2   500        5228       79722      80223      435        4000       1  Right
6   1   500        5210       79821      80322      436        1000       1  Right
8   14  500        5247       80223      80724      437        2500       1  Right
1   3   500        5187       80322      80823      438        3000       1  Right
8   5   100        5315       80724      80825      439        300        1  Right
1   3   500        5198       80823      81324      440        3000       1  Right
12  1   100        5217       81324      81424      442        400        1  Right
3   0   100        5219       81424      81524      443        500        1  Right
0   1   100        5229       81524      81624      444        100        1  Right
12  8   100        5279       81524      81625      444        900        1  Right
3   0   100        5235       81625      81725      446        500        1  Right
3   15  100        5371       81725      81825      447        100        1  Right
3   14  100        5371       81825      81925      448        200        1  Right
1   12  500        5248       81725      82225      447        2000       1  Right
0   4   100        5258       82225      82325      450        600        1  Left 
12  3   100        5350       82225      82326      450        200        1  Right
0   6   100        5259       82325      82426      451        100        1  Right
13  8   100        5307       82326      82427      452        1000       1  Right
0   1   500        5318       82426      82927      453        500        1  Right
8   12  500        5315       82427      82928      454        4500       1  Right
0   6   100        5318       82927      83028      455        100        1  Right
2   1   100        5342       82928      83029      456        1100       1  Left 
4   0   500        5294       83029      83529      458        3000       1  Left 
1   0   100        5297       83529      83629      459        100        1  Right
1   0   100        5339       83629      83729      460        100        1  Right
6   8   500        5316       83529      84030      459        5500       1  Right
0   4   100        5318       84030      84130      462        600        1  Left 
0   2   100        5333       84130      84230      463        400        1  Right
5   8   500        5346       84130      84631      463        1500       1  Right
0   1   500        5360       84230      84731      464        500        1  Right
0   6   100        5386       84731      84831      466        100        1  Right
8   13  500        5348       84631      85132      465        5000       1  Right
4   3   100        5355       85132      85232      468        500        1  Right
15  8   100        5363       85232      85332      469        600        1  Right
2   0   500        5361       85132      85633      468        2000       1  Right
1   2   500        5363       85633      86133      471        2500       1  Right
6   8   100        5365       86133      86233      472        500        1  Left 
3   13  100        5371       86133      86234      472        300        1  Right
13  3   100        5390       86234      86334      474        300        1  Right
14  3   100        5392       86334      86434      475        200        1  Right
15  3   100        5394       86434      86534      476        100        1  Right
3   12  100        5430       86534      86634      476        200        1  Right
8   6   500        5391       86233      86734      473        2500       1  Left 
2   0   100        5386       86734      86834      479        400        1  Right
2   8   100        5388       86834      86934      480        800        1  Right
1   0   100        5405       86834      86935      480        100        1  Right
6   8   100        5454       86934      87035      480        1100       1  Right
2   1   100        5395       87035      87135      483        500        1  Right
4   8   100        5461       87035      87136      482        200        1  Right
1   2   500        5416       87135      87636      484        2500       1  Right
8   1   100        5396       87636      87736      486        300        1  Left 
8   1   100        5396       87736      87836      487        300        1  Left 
8   15  500        5414       87836      88336      488        3000       1  Right
0   1   500        5426       87836      88337      487        500        1  Right
8   1   100        5435       88337      88437      489        300        1  Left 
8   4   100        5435       88437      88537      490        200        1  Right
8   6   100        5435       88537      88637      491        500        1  Left 
8   15  100        5435       88637      88737      492        600        1  Right
2   6   100        5436       88637      88738      492        300        1  Right
8   14  100        5435       88737      88838      493        500        1  Right
2   1   100        5437       88738      88839      494        500        1  Right
8   13  100        5435       88839      88939      496        600        1  Left 
8   12  100        5435       88939      89039      497        700        1  Left 
2   0   100        5441       89039      89040      498        400        1  Right
3   1   100        5469       89039      89041      498        1000       1  Left 
0   12  100        5466       89040      89042      499        300        1  Right
3   1   100        5472       89041      89043      500        1000       1  Left 
0   12  100        5480       89042      89143      501        300        1  Right
4   1   500        5510       89043      89544      502        2500       1  Left 
2   12  500        5529       89143      89644      503        500        1  Right
1   0   100        5453       89544      89645      504        100        1  Right
1   3   100        5453       89645      89745      506        600        1  Right
1   3   100        5456       89745      89845      507        600        1  Right
1   2   500        5460       89845      90345      508        2500       1  Right
1   8   100        5473       90345      90445      509        300        1  Left 
1   4   100        5479       90445      90545      510        500        1  Left 
0   3   500        5528       90345      90846      509        2500       1  Right
12  8   100        5476       90846      90946      512        700        1  Left 
13  8   100        5478       90946      91046      513        600        1  Left 
12  2   100        5503       90946      91047      513        100        1  Right
0   1   100        5586       91046      91146      514        100        1  Right
14  8   100        5480       91046      91147      514        500        1  Right
15  8   100        5482       91147      91247      517        600        1  Right
1   8   500        5495       91247      91747      518        1500       1  Left 
1   8   500        5498       91747      92247      519        1500       1  Left 
8   2   100        5533       92247      92347      520        800        1  Right
8   0   100        5543       92347      92447      521        400        1  Left 
12  8   100        5565       92447      92547      522        900        1  Right
15  8   100        5573       92547      92647      523        600        1  Right
15  3   100        5577       92647      92747      524        100        1  Right
4   1   100        5666       92647      92748      524        500        1  Left 
6   0   500        5558       92447      92947      522        500        1  Right
12  3   500        5621       92747      93249      525        1000       1  Right
5   3   100        5674       93249      93349      528        400        1  Right
0   8   500        5615       92947      93448      527        2000       1  Left 
4   3   100        5708       93349      93449      529        500        1  Right
2   8   500        5634       93448      93948      530        4000       1  Left 
3   0   100        5559       93948      94048      532        500        1  Right
10  8   100        5682       93948      94049      532        100        1  Left 
3   12  100        5613       94048      94149      533        200        1  Right
8   0   100        5559       94049      94150      534        400        1  Left 
8   2   100        5601       94150      94151      536        800        1  Left 
3   4   500        5631       94149      94551      535        2500       1  Right
14  8   100        5744       94551      94651      538        500        1  Right
1   0   500        5607       94151      94652      537        500        1  Right
0   5   100        5620       94652      94752      540        700        1  Left 
0   10  100        5620       94752      94852      541        300        1  Right
0   2   100        5640       94852      94952      542        400        1  Right
3   15  500        5650       94551      95052      538        500        1  Right
1   4   500        5699       94852      95354      542        2500       1  Left 
2   0   500        5667       94952      95453      543        2000       1  Right
3   4   100        5700       95354      95455      545        500        1  Right
6   0   500        5683       95453      95954      546        500        1  Right
8   12  500        5699       95455      95956      547        4500       1  Right
0   2   100        5694       95956      96056      549        400        1  Right
0   2   100        5699       96056      96156      550        400        1  Right
8   15  500        5700       95956      96457      549        3000       1  Right
6   2   500        5723       96156      96657      551        1500       1  Right
0   2   100        5755       96657      96757      553        400        1  Right
3   5   500        5729       96457      96957      552        2000       1  Right
8   10  500        5708       96457      96958      552        500        1  Left 
12  3   100        5731       96957      97058      555        200        1  Right
1   4   100        5731       96958      97059      556        500        1  Left 
14  3   100        5748       97058      97159      557        200        1  Right
1   6   100        5732       97059      97160      558        200        1  Right
3   15  100        5752       97159      97260      559        100        1  Right
1   6   100        5769       97160      97260      560        200        1  Right
8   14  500        5790       97159      97660      559        2500       1  Right
1   2   500        5782       97260      97761      561        2500       1  Right
4   0   100        5733       97761      97861      563        600        1  Left 
3   12  100        5811       97761      97862      563        200        1  Right
5   1   100        5760       97861      97962      564        600        1  Left 
2   1   100        5761       97962      98062      566        500        1  Right
0   1   100        5761       98062      98162      567        100        1  Right
13  8   100        5833       98062      98163      567        1000       1  Right
4   1   500        5762       98163      98663      569        2500       1  Left 
15  1   100        5765       98663      98763      570        700        1  Right
15  3   100        5775       98763      98863      571        100        1  Right
2   1   100        5801       98763      98864      571        500        1  Right
0   3   100        5783       98864      98865      573        500        1  Right
1   15  500        5791       98864      99266      573        4500       1  Left 
12  3   500        5825       98865      99366      574        1000       1  Right
12  3   100        5829       99366      99466      576        200        1  Right
13  3   100        5837       99466      99566      577        300        1  Right
6   1   500        5810       99266      99767      575        1000       1  Right
1   2   100        5796       99767      99867      579        500        1  Right
3   2   100        5812       99867      99967      580        100        1  Right
3   12  100        5813       99967      100067     581        200        1  Right
1   5   500        5804       99867      100367     580        3000       1  Left 
15  1   100        5819       100367     100368     583        900        1  Left 
0   3   500        5851       100067     100469     582        2500       1  Right
8   0   100        5812       100469     100569     585        400        1  Left 
3   14  500        5854       100469     100970     585        1000       1  Right
1   2   500        5822       100569     101070     586        2500       1  Right
3   14  100        5857       100970     101071     587        200        1  Right
14  3   100        5886       101071     101171     589        200        1  Right
2   1   500        5825       101070     101571     588        2500       1  Right
15  1   100        5832       101571     101671     591        700        1  Right
15  0   100        5834       101671     101771     592        600        1  Right
5   0   100        5844       101771     101871     593        700        1  Left 
1   6   100        5845       101871     101971     594        200        1  Right
8   13  500        5874       101871     102372     594        5000       1  Right
2   0   100        5845       102372     102373     596        400        1  Right
1   15  500        5845       102372     102774     596        4500       1  Left 
2   3   500        5903       102373     102874     597        500        1  Right
12  1   100        5849       102774     102875     598        400        1  Right
1   15  500        5858       102875     103375     600        3500       1  Right
0   8   500        5868       103375     103875     601        2000       1  Left 
15  1   100        5887       103875     103876     602        900        1  Left 
0   2   500        5880       103875     104276     602        2000       1  Right
3   2   100        5882       104276     104376     604        100        1  Right
1   12  500        5880       104276     104776     604        2000       1  Right
1   15  500        5913       104776     105276     606        3500       1  Right
2   0   100        5914       105276     105376     607        400        1  Right
12  0   100        5917       105376     105476     608        300        1  Right
3   12  100        5917       105476     105576     609        200        1  Right
0   6   100        5922       105476     105577     608        100        1  Right
12  8   100        5919       105576     105677     610        900        1  Right
3   12  100        5919       105677     105777     612        200        1  Right
0   9   100        5922       105677     105778     611        500        1  Left 
12  1   100        5926       105778     105878     613        400        1  Right
9   8   100        5963       105778     105879     613        100        1  Right
10  8   100        5981       105879     105979     615        100        1  Left 
12  3   500        5928       105878     106379     614        1000       1  Right
15  3   100        5941       106379     106479     617        100        1  Right
0   2   500        5945       106379     106880     617        2000       1  Right
6   3   100        5955       106880     106980     619        400        1  Right
8   2   100        5956       106980     107080     620        800        1  Right
8   15  100        5956       107080     107180     621        600        1  Right
8   14  100        5956       107180     107280     622        500        1  Right
1   12  500        5957       106980     107481     620        2000       1  Right
8   13  100        5956       107481     107581     624        600        1  Left 
8   10  100        5956       107581     107681     625        100        1  Left 
3   13  500        5958       107581     108082     625        1500       1  Right
2   1   100        5971       108082     108182     627        500        1  Right
2   0   500        5971       108182     108682     628        2000       1  Right
3   6   500        5986       108682     109182     629        2000       1  Right
13  1   100        5988       109182     109282     630        300        1  Right
2   8   100        5989       109182     109283     630        800        1  Right
12  6   100        5990       109282     109284     631        200        1  Right
0   6   100        5998       109284     109384     633        100        1  Right
1   2   500        5992       109283     109685     632        5500       1  Left 
12  1   100        5991       109685     109785     635        400        1  Right
13  8   100        5993       109785     109885     636        600        1  Left 
12  0   100        5995       109885     109985     637        300        1  Right
14  8   100        5995       109885     109986     637        500        1  Right
2   0   100        6015       109985     110086     638        400        1  Right
15  8   100        5997       109986     110087     639        600        1  Right
1   13  500        6015       110086     110587     640        1500       1  Right
12  8   500        6074       110087     110588     640        4500       1  Right
6   1   100        6022       110587     110688     641        200        1  Right
0   4   100        6024       110688     110788     643        600        1  Left 
1   12  500        6024       110788     111288     644        2000       1  Right
0   2   100        6025       111288     111388     645        400        1  Right
0   1   100        6026       111388     111488     646        100        1  Right
8   12  100        6048       111388     111489     646        900        1  Right
8   12  100        6050       111489     111589     648        900        1  Right
6   1   500        6027       111488     111989     647        1000       1  Right
13  1   100        6041       111989     112089     650        300        1  Right
8   9   500        6118       111589     112090     649        500        1  Right
0   2   500        6041       112089     112590     651        2000       1  Right
13  1   100        6054       112590     112690     653        300        1  Right
13  0   100        6056       112690     112790     654        200        1  Right
1   6   500        6063       112790     113290     655        1000       1  Right
0   4   100        6067       113290     113390     656        600        1  Left 
1   13  500        6067       113390     113890     657        1500       1  Right
2   0   100        6073       113890     113990     658        400        1  Right
2   1   100        6075       113990     114090     659        500        1  Right
1   13  500        6080       114090     114590     660        1500       1  Right
2   3   500        6090       114090     114591     660        500        1  Right
0   8   100        6085       114590     114691     661        400        1  Left 
1   2   100        6083       114691     114791     663        500        1  Right
4   1   100        6092       114791     114891     664        500        1  Left 
6   0   100        6105       114791     114892     664        100        1  Right
1   2   500        6097       114891     115392     665        5500       1  Left 
13  1   100        6115       115392     115492     667        300        1  Right
8   2   100        6137       115392     115493     665        800        1  Right
0   10  100        6224       115492     115593     665        300        1  Right
8   2   100        6137       115493     115594     667        800        1  Right
0   11  100        6225       115593     115694     667        200        1  Right
13  8   100        6167       115594     115695     669        1000       1  Right
3   0   100        6124       115695     115795     671        500        1  Right
0   12  100        6246       115795     115895     671        300        1  Right
1   4   500        6123       115695     116195     671        2500       1  Left 
2   1   500        6123       116195     116695     674        2500       1  Right
2   4   100        6124       116695     116795     675        600        1  Right
6   1   500        6137       116695     117196     675        1000       1  Right
1   13  500        6141       117196     117696     677        1500       1  Right
1   2   100        6145       117696     117796     678        500        1  Right
1   6   100        6192       117796     117896     679        200        1  Right
4   2   500        6165       117796     118296     679        3000       1  Right
3   2   100        6192       118296     118396     681        100        1  Right
8   13  500        6208       117896     118397     680        3000       1  Left 
3   15  500        6238       118396     118897     681        500        1  Right
2   1   500        6173       118397     118898     683        2500       1  Right
3   10  500        6288       118897     119398     683        4000       1  Left 
6   12  500        6277       118898     119399     684        1000       1  Right
1   5   100        6217       119398     119498     686        600        1  Left 
2   3   100        6183       119398     119499     686        100        1  Right
0   12  100        6327       119399     119501     686        300        1  Right
13  3   100        6245       119501     119601     689        300        1  Right
0   2   100        6337       119601     119701     690        400        1  Right
5   1   500        6255       119498     119999     687        3000       1  Left 
12  1   100        6315       119999     120099     692        400        1  Right
2   8   500        6186       119999     120499     693        4000       1  Right
2   8   500        6213       120499     120999     695        4000       1  Right
11  8   100        6255       120999     121099     695        200        1  Left 
10  3   100        6257       121099     121199     696        800        1  Right
8   0   100        6271       121199     121299     697        400        1  Left 
8   11  500        6286       121299     121799     698        1000       1  Left 
6   0   500        6299       121299     121800     698        500        1  Right
11  1   100        6321       121799     121801     699        100        1  Right
0   8   100        6368       121800     121802     700        1200       1  Right
10  1   100        6323       121801     121902     701        200        1  Right
0   5   100        6369       121802     121903     702        900        1  Right
1   0   500        6309       121903     122403     704        500        1  Right
2   0   500        6312       122403     122903     705        2000       1  Right
4   0   500        6329       122903     123403     706        3000       1  Left 
2   4   100        6376       123403     123503     707        600        1  Right
1   12  500        6346       123403     123903     707        2000       1  Right
2   6   100        6377       123903     124003     709        300        1  Right
0   2   100        6386       124003     124103     710        400        1  Right
0   15  100        6387       124103     124203     711        600        1  Right
15  2   100        6397       124203     124303     712        200        1  Right
1   11  500        6357       123903     124403     709        500        1  Right
2   6   100        6399       124303     124404     713        300        1  Right
1   10  500        6364       124403     124904     714        1000       1  Right
4   2   500        6410       124404     124905     715        3000       1  Right
12  1   100        6375       124904     125005     716        400        1  Right
11  0   100        6393       125005     125105     718        200        1  Right
11  1   100        6404       125105     125205     719        100        1  Right
11  0   100        6406       125205     125305     720        200        1  Right
1   12  500        6406       125305     125805     721        2000       1  Right
10  0   100        6409       125805     125905     722        300        1  Right
5   1   100        6411       125905     126005     723        600        1  Left 
