5,12,10,0,3,14,1,4,7,6,11,15,2,8,13,9
9,10,15,1,2,3,5,12,11,14,4,0,6,7,8,13
14,11,13,10,6,4,15,9,2,8,5,7,12,0,1,3
5,9,8,15,11,4,1,14,3,0,10,12,7,13,2,6
15,1,4,2,12,3,7,14,6,5,13,8,11,9,10,0
11,8,9,13,15,10,2,7,0,14,3,6,5,4,12,1
14,13,3,11,15,8,4,1,2,5,7,6,9,12,10,0
13,15,14,6,1,0,7,12,4,11,8,5,2,9,3,10
3,9,11,4,0,14,10,7,15,12,1,2,13,8,6,5
4,7,1,6,14,9,2,13,15,0,5,12,3,10,11,8
11,7,5,8,4,14,3,6,2,10,12,0,1,9,13,15
15,5,10,12,13,4,3,14,6,11,8,0,2,7,9,1
2,13,1,3,7,14,5,8,6,4,9,0,10,12,11,15
10,9,11,14,1,3,12,13,6,2,5,15,7,8,0,4
8,5,9,13,1,11,3,2,7,12,15,4,0,6,14,10
4,11,5,2,15,0,7,14,3,9,1,10,13,8,6,12
0,7,2,14,13,4,6,12,11,15,3,5,9,8,1,10
15,1,6,14,7,4,12,5,0,2,13,11,3,8,9,10
8,1,6,11,15,9,14,4,10,13,3,5,12,0,2,7
4,9,5,6,8,0,15,10,7,1,14,11,2,3,13,12
13,14,2,9,6,7,11,1,10,5,12,3,15,8,4,0
14,4,5,8,7,2,12,0,15,1,13,11,10,9,3,6
11,5,6,13,2,14,3,10,4,9,8,15,12,1,0,7
0,14,7,12,8,15,2,5,10,11,1,9,13,6,3,4
0,11,15,14,6,10,5,12,3,13,8,9,1,2,7,4
13,15,1,9,7,6,11,8,14,0,4,10,12,3,5,2
1,3,0,14,15,4,12,9,11,6,13,2,8,5,7,10
14,0,2,3,12,11,4,6,9,13,8,10,5,1,15,7
2,10,1,5,6,3,7,8,14,0,15,13,11,12,4,9
2,12,6,9,8,1,11,5,13,0,3,14,4,15,7,10
