15,4,9,8,10,13,5,1,3,7,12,11,2,0,14,6
4,15,12,6,10,13,5,2,8,9,0,7,11,14,3,1
3,2,0,4,13,10,14,7,9,15,1,11,12,6,5,8
14,11,6,7,9,1,12,10,4,0,2,3,8,13,5,15
10,13,4,3,1,9,14,15,6,0,7,5,8,11,12,2
12,5,15,2,0,14,11,1,6,3,9,10,4,7,13,8
9,12,7,0,6,11,10,1,13,3,5,14,8,2,4,15
11,8,6,15,2,12,5,1,4,13,9,10,14,7,3,0
8,15,9,3,13,11,5,14,1,4,0,2,12,10,6,7
13,9,11,4,10,2,6,1,15,0,8,5,3,14,7,12
0,9,11,6,14,3,7,5,10,2,13,15,12,4,1,8
3,8,4,13,12,14,7,11,9,2,1,10,5,6,15,0
12,1,3,8,2,11,15,9,14,5,4,10,13,7,6,0
3,2,9,7,8,5,13,14,12,1,15,11,10,4,0,6
0,14,15,11,10,6,4,1,8,9,7,13,3,12,2,5
6,4,0,13,14,12,2,1,9,15,7,8,5,11,3,10
9,15,5,1,10,4,14,6,3,11,13,0,2,7,12,8
3,12,15,9,14,11,0,13,10,2,5,1,4,6,7,8
13,11,7,4,2,14,6,15,12,1,3,9,8,10,5,0
2,7,4,3,1,0,14,10,11,15,6,5,8,12,13,9
1,5,12,2,9,11,7,0,10,8,4,14,13,15,3,6
12,3,7,4,10,11,13,5,9,15,8,0,1,2,6,14
1,8,3,15,7,6,2,12,10,5,14,0,11,4,9,13
14,8,2,0,13,12,15,1,11,7,3,4,10,9,5,6
12,4,5,0,14,7,8,6,9,2,3,10,15,13,1,11
7,2,13,1,6,14,4,9,11,0,5,3,8,15,12,10
0,12,15,7,11,2,4,9,10,6,5,3,1,8,14,13
14,2,12,1,13,9,10,15,5,3,11,0,4,6,8,7
10,11,1,0,6,13,12,2,3,15,14,7,5,4,9,8
7,12,1,6,2,4,3,13,0,15,11,10,14,8,5,9
