
118
C:/Users/nxconrad/Desktop/REU 2.0/Benchmark Data/16-core/7/flow_freqmine100#3.txt
745
[3, 13, 12, 4, 8, 11, 10, 5, 9, 1, 0, 7, 6, 14, 15, 2]
0   8   100        9400       9402       9502       0          600        1  Right
6   3   500        9399       9401       9901       0          2000       1  Left 
1   7   500        9401       9502       10003      0          1000       1  Right
9   0   100        9424       10003      10103      2          200        1  Right
9   1   100        9426       10103      10203      3          100        1  Right
2   11  500        9400       9901       10402      2          3000       1  Left 
11  6   100        9430       10402      10403      5          700        1  Right
4   14  500        9401       10402      10404      5          3000       1  Left 
8   6   500        9456       10403      10505      6          4000       1  Right
11  6   100        9467       10505      10605      8          700        1  Right
15  3   500        9428       10404      10905      7          1000       1  Left 
4   8   500        9408       10505      11006      8          500        1  Right
1   8   100        9416       11006      11106      11         500        1  Right
0   13  500        9411       10905      11406      10         3500       1  Left 
0   11  100        9417       11406      11407      13         1100       1  Left 
1   5   500        9428       11106      11508      12         1000       1  Right
3   15  500        9432       11407      11908      14         1000       1  Left 
6   12  500        9433       11508      12009      15         5000       1  Right
15  12  500        9443       12009      12509      17         2000       1  Left 
1   9   500        9473       12009      12509      17         500        1  Right
6   7   500        9464       12009      12510      17         500        1  Right
13  0   100        9457       12509      12511      18         900        1  Right
7   2   100        9478       12510      12512      19         400        1  Right
0   13  500        9488       12511      13012      20         4500       1  Right
0   5   100        9488       13012      13112      22         300        1  Right
5   0   100        9489       13112      13212      23         300        1  Right
8   15  500        9458       13012      13213      22         3000       1  Left 
3   15  100        9485       13213      13313      25         200        1  Left 
2   8   100        9491       13313      13413      26         500        1  Left 
6   11  500        9498       13212      13414      24         3500       1  Right
12  15  100        9495       13413      13514      27         400        1  Left 
13  0   100        9519       13514      13614      28         700        1  Left 
8   1   500        9500       13414      13915      28         2500       1  Right
9   4   100        9521       13915      14015      30         500        1  Right
2   7   500        9519       13614      14115      29         2000       1  Right
0   5   500        9532       14015      14516      31         1500       1  Right
8   2   500        9537       14115      14616      32         2500       1  Left 
6   1   100        9517       14516      14617      33         300        1  Right
4   9   500        9552       14616      15117      34         2500       1  Right
0   13  500        9550       14617      15118      35         3500       1  Left 
14  4   100        9617       15118      15218      37         600        1  Left 
1   6   500        9558       15118      15618      37         1500       1  Right
7   6   100        9566       15618      15718      39         100        1  Right
4   14  500        9653       15218      15719      38         3000       1  Left 
5   0   100        9573       15618      15720      39         300        1  Right
7   5   100        9591       15720      15721      42         400        1  Right
10  5   100        9605       15721      15821      43         100        1  Right
6   11  500        9606       15719      16121      41         4500       1  Left 
14  6   100        9618       16121      16221      45         100        1  Right
0   5   500        9614       15821      16322      44         1500       1  Right
13  0   100        9586       16322      16422      47         700        1  Left 
6   0   100        9609       16422      16522      48         200        1  Right
6   8   100        9611       16522      16622      49         800        1  Left 
4   8   100        9675       16622      16623      50         100        1  Right
1   11  500        9655       16322      16724      47         2000       1  Right
0   13  500        9617       16622      17024      50         3500       1  Left 
5   7   500        9617       17024      17025      53         2000       1  Right
6   10  500        9617       17024      17026      53         5000       1  Left 
6   1   100        9618       17026      17126      55         300        1  Right
2   8   100        9682       17026      17126      55         500        1  Left 
11  1   100        9619       17126      17127      56         1200       1  Left 
0   4   100        9635       17127      17227      57         900        1  Left 
8   1   100        9646       17227      17327      58         1100       1  Left 
8   2   100        9646       17327      17427      59         500        1  Left 
5   10  500        9626       17026      17428      55         500        1  Right
13  0   100        9656       17427      17527      60         700        1  Left 
8   4   100        9646       17427      17528      60         100        1  Right
5   1   100        9655       17428      17530      61         200        1  Right
10  1   100        9668       17530      17630      64         300        1  Right
10  1   100        9668       17630      17730      65         300        1  Right
4   1   100        9683       17730      17731      66         600        1  Right
0   13  500        9687       17527      17929      62         3500       1  Left 
8   15  100        9646       17929      18029      68         600        1  Left 
1   0   500        9684       17929      18430      68         500        1  Right
6   4   500        9650       18029      18530      69         3500       1  Left 
1   8   100        9684       18430      18531      70         500        1  Right
3   15  500        9686       18530      19031      71         1000       1  Left 
1   6   500        9695       18531      19032      72         1500       1  Right
14  2   100        9692       19031      19132      73         200        1  Right
15  8   100        9693       19132      19232      75         600        1  Left 
14  6   100        9741       19132      19233      75         100        1  Right
11  2   100        9703       19232      19333      76         600        1  Left 
14  6   100        9745       19233      19334      77         100        1  Right
10  2   100        9766       19333      19434      78         700        1  Left 
1   5   500        9698       19032      19533      74         1000       1  Right
6   11  500        9712       19434      19935      80         4500       1  Left 
1   10  500        9709       19533      20034      81         1500       1  Right
13  1   100        9714       20034      20134      83         800        1  Right
2   14  500        9718       19935      20436      82         1000       1  Right
0   14  100        9719       20436      20437      85         300        1  Right
1   10  500        9716       20134      20536      84         1500       1  Right
6   1   100        9747       20536      20636      87         300        1  Right
2   11  500        9734       20436      20839      85         3000       1  Left 
0   5   500        9796       20636      21137      88         1500       1  Right
15  3   500        9792       20839      21340      89         1000       1  Left 
1   4   500        9727       21137      21638      90         3000       1  Right
15  12  500        9807       21340      21841      91         2000       1  Left 
3   7   100        9836       21841      21941      93         500        1  Left 
3   15  100        9937       21941      22041      93         200        1  Left 
8   0   500        9750       21638      22139      92         3000       1  Right
6   0   100        9751       22139      22239      96         200        1  Right
1   13  500        9740       22139      22639      96         4000       1  Right
5   0   100        9755       22639      22739      98         300        1  Right
6   14  500        9787       22239      22740      97         500        1  Right
2   10  500        9807       22639      23141      98         3500       1  Left 
6   7   500        9841       22740      23241      100        500        1  Right
9   4   100        9773       23141      23242      101        500        1  Right
13  1   100        9797       23241      23342      102        800        1  Left 
8   6   100        9754       23342      23442      104        800        1  Left 
9   6   100        9774       23442      23542      105        400        1  Right
0   4   100        9796       23542      23642      106        900        1  Left 
0   8   100        9807       23642      23742      107        1000       1  Left 
5   11  500        9832       23242      23743      103        1000       1  Right
12  7   100        9846       23742      23843      108        700        1  Left 
10  0   100        9793       23743      23844      109        400        1  Right
11  6   100        9781       23843      23845      110        900        1  Left 
0   10  500        9839       23844      24246      111        2000       1  Right
6   14  500        9917       23845      24346      111        500        1  Right
4   0   100        9798       24246      24347      113        700        1  Right
1   6   500        9788       24347      24847      115        1500       1  Right
4   9   500        9804       24347      24848      115        2500       1  Right
11  5   100        9806       24848      24948      117        200        1  Right
1   13  500        9823       24847      25348      116        4000       1  Left 
7   5   100        9842       25348      25448      119        400        1  Right
0   4   500        9844       25448      25948      120        3500       1  Right
9   2   100        9848       25948      26048      121        700        1  Right
13  1   100        9849       26048      26148      122        800        1  Right
5   0   100        9850       26148      26248      123        300        1  Right
13  3   100        9911       26148      26249      122        100        1  Right
5   1   100        9852       26248      26349      124        200        1  Right
4   0   100        9886       26249      26350      125        900        1  Left 
13  8   100        9915       26350      26450      126        300        1  Right
5   7   500        9868       26350      26850      127        2000       1  Right
15  3   500        9966       26350      26852      126        1000       1  Left 
1   13  500        9875       26850      27351      129        4000       1  Right
1   5   500        9889       27351      27851      131        1000       1  Right
0   4   500        9922       27351      27852      130        4500       1  Left 
5   4   100        9933       27852      27952      132        400        1  Right
2   9   500        9889       27852      28352      133        3500       1  Right
7   1   100        9913       28352      28452      134        200        1  Right
4   5   500        9957       27952      28453      133        2000       1  Right
7   1   100        9913       28452      28454      135        200        1  Right
9   6   100        9929       28453      28455      136        1200       1  Left 
14  1   100        9945       28455      28555      138        400        1  Right
11  5   100        10057      28455      28556      137        200        1  Right
14  2   100        9999       28555      28655      139        200        1  Right
0   6   100        9950       28555      28656      139        200        1  Right
4   1   100        9958       28556      28658      140        600        1  Right
7   2   100        10020      28656      28757      141        400        1  Right
0   9   100        10022      28658      28758      142        200        1  Right
8   6   100        9956       28757      28856      144        800        1  Left 
5   11  500        10083      28658      29158      142        1000       1  Right
8   13  500        10003      28856      29356      145        1500       1  Right
1   14  500        9966       28856      29357      146        2000       1  Right
3   13  100        10010      29356      29457      147        100        1  Right
2   14  500        10025      29357      29857      148        1000       1  Right
6   8   500        9969       29357      29858      149        4000       1  Right
14  2   100        10052      29857      29958      150        200        1  Right
9   6   100        10060      29958      29959      152        1200       1  Left 
1   7   500        9972       29858      30260      152        1000       1  Right
1   7   500        9975       30260      30760      155        1000       1  Right
1   4   500        9999       30760      31260      156        3000       1  Right
2   7   500        10063      30760      31261      155        2000       1  Right
4   0   100        10032      31260      31361      156        700        1  Right
6   1   100        10021      31361      31461      158        300        1  Right
7   0   100        10036      31461      31561      159        100        1  Right
9   1   100        10101      31461      31561      159        100        1  Right
10  0   100        10046      31561      31661      160        400        1  Right
6   14  500        10049      31461      31962      159        500        1  Right
0   4   500        10070      31661      32162      161        3500       1  Right
2   14  500        10078      31962      32463      162        1000       1  Right
6   9   500        10060      32162      32464      163        2000       1  Right
5   14  500        10170      32463      32465      163        5000       1  Left 
9   2   100        10205      32465      32565      164        900        1  Left 
1   6   500        10062      32464      32665      165        1500       1  Right
6   9   500        10081      32665      33165      168        2000       1  Right
0   7   500        10087      33165      33665      169        500        1  Right
1   9   500        10147      33165      33665      168        500        1  Right
6   11  500        10093      33165      33666      169        4500       1  Left 
0   10  500        10092      33665      34166      170        2000       1  Right
7   3   500        10138      33666      34167      170        2500       1  Left 
0   6   100        10099      34167      34267      173        200        1  Right
14  6   100        10104      34267      34367      173        100        1  Right
6   0   100        10116      34367      34467      174        200        1  Right
1   4   500        10151      34166      34468      171        3000       1  Right
4   0   100        10117      34468      34469      176        700        1  Right
4   1   100        10119      34469      34470      177        600        1  Right
11  1   100        10128      34470      34570      178        400        1  Right
7   12  500        10153      34467      34571      175        3500       1  Left 
11  1   100        10128      34570      34671      179        400        1  Right
14  5   100        10129      34671      34771      181        1000       1  Left 
0   6   500        10162      34571      35072      180        1000       1  Right
3   7   100        10184      35072      35172      183        500        1  Left 
1   11  500        10164      34771      35272      182        2000       1  Right
12  7   100        10204      35172      35273      183        700        1  Left 
10  0   100        10156      35272      35373      185        400        1  Right
11  2   100        10216      35273      35374      185        600        1  Left 
5   4   100        10185      35374      35474      188        400        1  Right
6   9   500        10201      35373      35874      187        2000       1  Right
4   5   500        10206      35474      35975      188        2000       1  Right
2   9   500        10246      35874      36375      189        3500       1  Right
8   0   500        10165      36375      36875      192        3000       1  Right
6   0   100        10211      36875      36975      192        200        1  Right
1   11  500        10167      36875      37375      193        2000       1  Right
5   6   100        10186      37375      37475      195        500        1  Right
2   11  500        10249      37375      37876      194        3000       1  Left 
0   10  500        10202      37475      37976      195        2000       1  Right
0   8   100        10222      37976      38076      197        600        1  Right
5   2   100        10230      38076      38176      198        800        1  Right
11  0   100        10232      38176      38276      199        500        1  Right
15  8   100        10557      38176      38277      195        600        1  Left 
10  0   100        10249      38276      38377      200        400        1  Right
0   6   500        10261      38377      38877      202        1000       1  Right
2   5   500        10261      38377      38878      202        4000       1  Left 
7   0   100        10289      38877      38879      203        100        1  Right
9   6   100        10293      38878      38880      204        1200       1  Left 
0   11  500        10273      38880      39380      206        2500       1  Right
2   4   500        10494      38880      39381      203        2000       1  Left 
0   10  500        10295      39380      39881      207        2000       1  Right
5   6   100        10298      39881      39981      209        500        1  Right
6   1   100        10315      39981      40081      210        300        1  Right
9   5   100        10318      39981      40082      210        100        1  Right
10  0   100        10341      40081      40083      211        1200       1  Left 
5   9   500        10344      40082      40484      212        500        1  Right
0   5   100        10324      40484      40584      214        300        1  Right
5   6   100        10352      40584      40684      215        1100       1  Left 
0   7   500        10340      40584      40685      215        500        1  Right
1   6   500        10358      40684      40786      216        6500       1  Left 
6   5   500        10376      40786      41286      218        2500       1  Right
14  5   100        10380      41286      41386      219        600        1  Right
0   10  500        10387      41386      41886      220        2000       1  Right
6   14  500        10391      41386      41887      220        500        1  Right
6   0   100        10401      41887      41987      221        200        1  Right
7   0   100        10403      41987      42087      220        100        1  Right
5   14  500        10421      41887      42388      219        5000       1  Left 
10  0   100        10438      42388      42488      222        400        1  Right
4   6   100        10444      42388      42489      222        700        1  Left 
11  0   100        10485      42488      42589      223        500        1  Right
4   2   100        10468      42489      42590      224        400        1  Left 
14  1   100        10481      42590      42591      226        1200       1  Left 
14  1   100        10481      42591      42592      227        1200       1  Left 
5   1   100        10483      42592      42692      228        200        1  Right
14  2   100        10520      42592      42693      227        200        1  Right
0   6   500        10448      42589      42694      225        1000       1  Right
1   14  500        10502      42693      42695      230        6000       1  Left 
0   7   500        10454      42694      42894      231        500        1  Right
6   5   500        10463      42695      43196      232        5500       1  Left 
0   10  500        10484      43196      43696      234        2000       1  Right
7   3   500        10490      43196      43697      234        2500       1  Left 
0   11  500        10526      43696      44197      234        2500       1  Right
7   12  500        10505      43697      44198      235        3500       1  Left 
6   0   100        10500      44198      44199      238        200        1  Right
7   0   100        10511      44199      44200      238        100        1  Right
1   14  500        10505      44198      44501      237        6000       1  Left 
6   1   100        10502      44501      44601      241        300        1  Right
2   14  500        10546      44501      45002      240        1000       1  Right
1   5   500        10519      44601      45102      241        1000       1  Right
4   6   100        10530      45002      45103      242        700        1  Left 
10  0   100        10530      45102      45203      243        400        1  Right
3   7   100        10547      45103      45204      244        500        1  Left 
9   5   100        10569      45203      45304      245        100        1  Right
14  0   100        10536      45204      45305      246        300        1  Right
5   2   100        10572      45304      45405      247        800        1  Left 
1   6   500        10550      45305      45806      248        1500       1  Right
12  7   100        10569      45806      45807      250        700        1  Left 
8   0   500        10549      45806      45808      250        3000       1  Right
11  0   100        10583      45808      45908      252        500        1  Right
4   6   500        10624      45807      45909      250        3500       1  Left 
7   0   100        10632      45908      46008      252        100        1  Right
1   8   100        10589      45908      46009      253        500        1  Right
10  1   100        10636      46009      46010      255        300        1  Right
9   1   100        10640      46010      46110      256        100        1  Right
9   1   100        10640      46110      46210      257        100        1  Right
0   14  500        10562      46008      46410      255        1500       1  Right
8   15  500        10608      46009      46411      255        3000       1  Left 
6   9   500        10565      46410      46911      260        2000       1  Right
0   7   500        10569      46911      47411      262        500        1  Right
6   5   500        10587      46911      47412      262        5500       1  Left 
6   4   100        10593      47412      47512      264        700        1  Left 
0   10  500        10576      47412      47912      264        2000       1  Right
0   2   100        10603      47912      48012      266        500        1  Right
0   2   100        10606      48012      48112      266        500        1  Right
5   9   500        10595      47912      48412      266        500        1  Right
0   11  500        10624      48112      48413      267        5500       1  Left 
0   4   100        10626      48413      48513      269        900        1  Left 
11  0   100        10666      48513      48514      270        1100       1  Left 
1   10  500        10677      48412      48614      268        1500       1  Right
6   4   500        10684      48514      48615      271        3500       1  Left 
0   7   500        10683      48514      48616      271        500        1  Right
7   0   100        10732      48616      48617      274        100        1  Right
8   1   500        10648      48614      48618      272        2500       1  Right
6   4   500        10725      48615      49017      273        3500       1  Left 
1   9   500        10686      48618      49119      276        500        1  Right
2   5   500        10603      49017      49518      278        4000       1  Left 
2   8   100        10617      49518      49618      279        500        1  Left 
1   9   500        10689      49119      49620      278        500        1  Right
5   6   100        10648      49618      49719      280        1100       1  Left 
4   6   100        10658      49719      49819      282        700        1  Left 
0   11  500        10715      49719      50220      282        2500       1  Right
8   2   500        10677      49819      50320      283        2500       1  Left 
10  1   100        10719      50220      50321      284        300        1  Right
4   1   100        10721      50321      50421      286        600        1  Right
9   2   100        10742      50421      50521      287        900        1  Left 
0   7   500        10783      50220      50721      284        500        1  Right
1   4   500        10752      50521      51022      288        3000       1  Right
11  0   100        10757      51022      51122      290        500        1  Right
4   2   100        10795      51022      51123      290        400        1  Left 
9   0   100        10758      51122      51223      291        200        1  Right
6   4   500        10807      51123      51624      292        3500       1  Left 
1   10  500        10760      51223      51724      293        1500       1  Right
14  0   100        10789      51624      51725      294        300        1  Right
7   0   100        10836      51725      51825      296        100        1  Right
2   9   500        10783      51724      52225      295        4500       1  Left 
0   11  500        10798      52225      52725      298        2500       1  Right
2   4   500        10821      52225      52726      298        2000       1  Left 
10  1   100        10800      52725      52727      299        300        1  Right
11  0   100        10844      52726      52728      300        1100       1  Left 
6   4   100        10845      52728      52828      302        700        1  Left 
1   10  500        10841      52727      53228      301        1500       1  Right
7   3   500        10853      52828      53329      303        2500       1  Left 
5   4   500        10908      53228      53330      303        2000       1  Right
0   9   500        10809      53228      53331      304        1000       1  Right
7   12  500        10868      53329      53433      305        3500       1  Left 
8   10  500        10922      53330      53831      305        1000       1  Right
10  3   100        10892      53831      53931      309        600        1  Right
0   14  500        10815      53433      53934      308        1500       1  Right
10  8   100        10896      53931      54032      310        200        1  Right
14  0   100        10858      53934      54035      311        300        1  Right
8   3   100        10960      54032      54036      311        400        1  Right
1   10  500        10994      54032      54436      311        1500       1  Right
2   0   500        10880      54035      54439      313        2500       1  Right
4   6   100        10862      54439      54539      316        700        1  Left 
4   6   500        10871      54539      55039      317        3500       1  Left 
4   5   100        10887      55039      55139      318        400        1  Right
0   14  500        10884      55039      55539      318        1500       1  Right
3   0   100        10885      55539      55639      320        600        1  Left 
6   2   100        10900      55639      55640      321        300        1  Right
3   8   100        10923      55639      55641      320        400        1  Right
0   11  500        10887      55639      56040      321        2500       1  Right
0   7   500        10887      56040      56540      324        500        1  Right
6   5   500        10922      56040      56541      323        5500       1  Left 
0   1   100        10922      56540      56641      324        100        1  Right
3   10  100        11001      56541      56642      325        600        1  Right
1   5   500        11001      56641      57141      326        1000       1  Right
2   0   500        10891      56641      57142      327        2500       1  Right
10  1   100        10953      57141      57242      328        300        1  Right
12  0   100        10905      57142      57243      329        800        1  Left 
5   1   100        10965      57242      57343      330        200        1  Right
14  0   100        10911      57243      57344      331        300        1  Right
5   1   100        10965      57343      57345      332        200        1  Right
11  0   100        10936      57344      57346      333        1100       1  Left 
1   5   500        11004      57345      57846      334        1000       1  Right
2   6   500        10936      57346      57847      335        1500       1  Right
11  1   100        11014      57846      57947      335        400        1  Right
10  1   100        11038      57947      58047      337        300        1  Right
5   2   100        11040      58047      58147      338        800        1  Left 
0   14  500        10937      57847      58348      337        1500       1  Right
0   6   100        10941      58348      58448      341        200        1  Right
14  0   100        10963      58448      58548      342        300        1  Right
2   5   500        11071      58147      58648      339        4000       1  Left 
7   0   100        10997      58548      58649      343        100        1  Right
11  1   100        11087      58648      58749      343        400        1  Right
6   4   500        11144      58648      59149      342        3500       1  Left 
0   11  500        10977      58749      59250      346        2500       1  Right
0   14  500        10989      59250      59750      348        1500       1  Right
1   11  500        11050      59250      59751      347        2000       1  Right
0   14  500        11046      59750      60251      348        1500       1  Right
1   10  500        11079      59751      60252      349        1500       1  Right
0   7   500        11048      60251      60752      350        500        1  Right
1   11  500        11123      60252      60753      350        2000       1  Right
9   0   100        11011      60753      60853      353        200        1  Right
3   10  100        11266      60753      60854      352        600        1  Right
14  0   100        11020      60853      60954      354        300        1  Right
5   0   100        11056      60954      61054      356        300        1  Right
0   9   500        11062      61054      61554      357        1000       1  Right
5   4   500        11159      61054      61555      356        2000       1  Right
14  0   100        11072      61554      61655      358        300        1  Right
0   5   500        11097      61655      62155      360        1500       1  Right
4   5   100        11138      62155      62255      360        400        1  Right
0   14  500        11098      62155      62655      361        1500       1  Right
7   0   100        11104      62655      62656      363        100        1  Right
14  1   100        11130      62655      62657      362        1200       1  Left 
0   7   500        11155      62656      62658      363        500        1  Right
1   14  500        11151      62657      62659      364        6000       1  Left 
9   0   100        11142      62659      62759      366        200        1  Right
6   1   100        11153      62759      62859      367        300        1  Right
11  1   100        11155      62859      62959      368        400        1  Right
0   3   500        11178      62859      63360      368        3000       1  Left 
1   11  500        11191      62959      63460      369        2000       1  Right
0   12  500        11193      63360      63861      370        4000       1  Left 
14  1   100        11173      63861      63961      372        400        1  Right
11  3   100        11240      63861      63962      372        500        1  Right
11  8   100        11244      63962      64062      374        100        1  Right
8   3   100        11255      64062      64162      375        400        1  Right
0   9   500        11193      63961      64462      373        1000       1  Right
8   11  500        11275      64162      64663      376        500        1  Right
1   14  500        11194      64462      64963      377        2000       1  Right
1   0   500        11195      64963      65463      379        500        1  Right
4   1   100        11199      65463      65563      380        600        1  Right
4   1   100        11199      65563      65663      381        600        1  Right
7   1   100        11204      65663      65763      382        200        1  Right
4   2   100        11269      65663      65764      382        400        1  Left 
1   6   500        11205      65763      66264      383        1500       1  Right
0   6   100        11220      66264      66265      385        200        1  Right
14  1   100        11221      66264      66266      385        1200       1  Left 
6   2   100        11283      66266      66366      387        300        1  Right
14  3   100        11292      66366      66466      388        300        1  Left 
7   15  100        11320      66466      66566      389        300        1  Right
1   4   500        11230      66266      66766      387        3000       1  Right
1   4   500        11233      66766      67266      391        3000       1  Right
0   1   100        11234      67266      67366      392        100        1  Right
0   6   100        11235      67366      67466      393        200        1  Right
10  3   500        11293      67266      67767      392        3000       1  Right
1   14  500        11242      67466      67967      394        2000       1  Right
2   4   500        11295      67767      68268      395        2000       1  Left 
14  8   100        11296      68268      68368      397        700        1  Left 
1   7   500        11250      67967      68468      396        1000       1  Right
9   0   100        11263      68468      68568      399        200        1  Right
3   0   100        11267      68568      68569      400        1000       1  Right
4   0   100        11288      68569      68669      401        700        1  Right
3   13  100        11323      68569      68670      401        100        1  Right
2   6   500        11319      68368      68770      398        1500       1  Right
12  0   100        11294      68669      68771      402        800        1  Right
5   0   100        11309      68771      68871      405        300        1  Right
3   11  100        11334      68771      68872      405        500        1  Right
9   0   100        11381      68871      68972      406        200        1  Right
3   11  100        11336      68872      68973      407        500        1  Right
15  7   500        11376      68770      68974      404        1500       1  Right
0   3   500        11309      68973      68975      409        5000       1  Right
11  1   100        11311      68975      69075      411        400        1  Right
15  7   500        11629      68974      69273      407        1500       1  Right
13  3   500        11336      68975      69477      411        500        1  Right
0   9   500        11314      69075      69576      412        1000       1  Right
8   14  500        11342      69477      69978      414        3500       1  Left 
1   11  500        11347      69576      69979      415        2000       1  Right
0   4   500        11324      69978      69980      416        4500       1  Left 
1   11  500        11430      69979      70079      415        2000       1  Right
0   12  500        11330      69980      70481      418        4000       1  Left 
0   5   500        11350      70481      70981      420        1500       1  Right
11  3   500        11351      70481      70982      420        2500       1  Right
6   5   100        11386      70981      71082      421        500        1  Right
3   14  100        11370      70982      71083      422        300        1  Left 
11  1   100        11394      71082      71183      423        400        1  Right
3   8   500        11385      71083      71584      424        2000       1  Right
5   6   500        11407      71183      71684      423        2500       1  Right
3   0   100        11414      71684      71784      425        600        1  Left 
7   6   100        11431      71784      71884      426        100        1  Right
7   15  100        11573      71884      71984      426        300        1  Right
7   15  100        11744      71984      72084      427        300        1  Right
0   9   500        11432      71784      72285      426        1000       1  Right
5   0   100        11434      72285      72385      430        300        1  Right
0   3   500        11445      72385      72885      431        3000       1  Left 
12  0   100        11463      72885      72985      432        800        1  Right
0   5   500        11475      72985      73485      433        1500       1  Right
3   0   100        11478      73485      73585      434        600        1  Left 
9   0   100        11492      73585      73685      435        200        1  Right
0   12  500        11499      73685      74185      436        4000       1  Right
0   3   500        11509      74185      74685      436        3000       1  Left 
5   0   100        11517      74685      74785      437        300        1  Right
6   0   500        11520      74785      75285      438        1000       1  Right
1   0   500        11534      75285      75785      439        500        1  Right
6   0   500        11534      75785      76285      440        1000       1  Right
12  0   100        11535      76285      76385      441        800        1  Right
4   0   100        11541      76385      76485      442        700        1  Right
12  3   100        11617      76385      76486      442        200        1  Right
0   9   500        11543      76485      76986      443        1000       1  Right
14  3   500        11656      76486      76987      444        1500       1  Left 
0   5   500        11565      76986      77487      445        1500       1  Right
3   0   100        11543      77487      77587      447        600        1  Left 
0   6   100        11567      77587      77687      448        200        1  Right
3   14  100        11638      77587      77688      448        300        1  Left 
0   12  500        11571      77687      78188      449        4000       1  Right
0   4   500        11582      78188      78688      451        3500       1  Right
3   12  500        11695      78188      78689      451        1000       1  Right
9   0   100        11594      78688      78690      452        200        1  Right
6   5   100        11637      78689      78691      453        1100       1  Left 
0   9   500        11645      78690      79191      454        1000       1  Right
5   0   100        11606      79191      79291      456        300        1  Right
4   0   100        11638      79291      79391      457        700        1  Right
0   5   500        11647      79391      79891      458        1500       1  Right
5   6   500        11658      79891      80391      459        2500       1  Right
0   4   500        11674      80391      80891      460        3500       1  Right
9   1   100        11692      80891      80892      461        100        1  Right
5   0   100        11702      80891      80893      461        1300       1  Left 
4   0   100        11711      80893      80993      463        900        1  Left 
12  0   100        11719      80993      81093      464        800        1  Left 
1   9   500        11738      80892      81094      462        500        1  Right
0   5   500        11743      81093      81295      465        6500       1  Left 
6   1   100        11698      81295      81395      467        300        1  Right
6   1   100        11698      81395      81495      468        300        1  Right
6   7   500        11703      81495      81995      469        500        1  Right
0   4   500        11749      81495      81996      469        3500       1  Right
6   2   100        11798      81995      82096      470        300        1  Right
0   12  500        11755      81996      82497      471        4000       1  Right
15  7   500        11800      82096      82597      472        1500       1  Right
5   0   100        11785      82497      82598      473        300        1  Right
1   6   500        11741      82598      83098      475        1500       1  Right
1   6   500        11747      83098      83598      476        1500       1  Right
9   1   100        11785      83598      83698      477        100        1  Right
4   0   100        11802      83598      83699      477        900        1  Left 
6   0   100        11825      83699      83799      479        200        1  Right
1   9   500        11831      83698      83800      478        500        1  Right
0   5   500        11826      83799      83901      480        6500       1  Left 
2   6   500        11834      83901      84401      482        1500       1  Right
0   4   500        11838      83901      84402      482        3500       1  Right
12  1   100        11843      84402      84502      484        700        1  Right
0   6   500        11871      84402      84903      484        1000       1  Right
1   12  500        11874      84502      84904      485        3500       1  Right
0   3   100        11872      84903      84905      486        600        1  Left 
9   1   100        11882      84904      85005      487        100        1  Right
5   1   100        11883      85005      85105      489        200        1  Right
12  1   100        11894      85105      85205      490        700        1  Right
3   1   100        11924      85205      85305      490        900        1  Right
6   0   500        11873      84905      85406      488        1000       1  Right
1   12  500        11925      85305      85806      491        3500       1  Right
4   0   100        11898      85806      85906      494        700        1  Right
1   5   500        11925      85906      86406      494        1000       1  Right
0   4   500        11934      85906      86407      494        4500       1  Left 
0   2   100        11960      86407      86507      496        500        1  Right
4   0   100        11978      86507      86607      497        900        1  Left 
1   9   500        11928      86406      86907      495        500        1  Right
0   4   500        12014      86607      86908      497        4500       1  Left 
8   9   500        12039      86907      87208      498        2000       1  Right
1   3   500        11937      86908      87409      500        3500       1  Left 
12  1   100        11957      87409      87410      502        700        1  Right
3   0   100        12017      87409      87411      501        600        1  Left 
5   1   100        11973      87410      87511      503        200        1  Right
6   0   100        12078      87411      87511      503        200        1  Right
3   11  100        12051      87411      87512      503        500        1  Right
1   12  500        11988      87512      88012      506        3500       1  Right
1   5   500        12012      88012      88512      506        1000       1  Right
9   3   100        12014      88512      88612      507        800        1  Right
9   8   100        12018      88612      88613      508        400        1  Right
12  1   100        12020      88612      88614      508        900        1  Left 
12  3   100        12028      88614      88714      510        200        1  Right
5   1   100        12044      88614      88715      510        200        1  Right
4   1   100        12050      88715      88815      512        600        1  Right
0   3   500        12048      88714      88816      511        3000       1  Left 
1   12  500        12051      88815      88917      513        3500       1  Right
3   8   100        12051      88917      89017      515        400        1  Right
9   1   100        12065      88917      89018      515        100        1  Right
11  3   100        12065      89017      89118      516        500        1  Right
8   3   100        12083      89118      89218      518        400        1  Right
0   6   500        12124      88816      89317      514        1000       1  Right
1   5   500        12080      89018      89520      517        1000       1  Right
1   4   500        12083      89520      90020      521        3000       1  Right
3   1   100        12087      90020      90120      522        700        1  Left 
8   5   500        12161      90020      90521      522        1500       1  Right
1   9   500        12111      90120      90621      523        500        1  Right
1   3   500        12113      90621      91121      525        3500       1  Left 
4   1   100        12123      91121      91221      526        600        1  Right
3   9   100        12124      91221      91321      527        800        1  Right
5   3   100        12126      91321      91421      528        700        1  Right
9   1   100        12160      91321      91422      528        100        1  Right
3   0   100        12150      91421      91521      529        600        1  Left 
5   8   100        12130      91421      91522      529        300        1  Right
1   4   500        12154      91521      92022      531        5000       1  Left 
5   3   100        12131      92022      92122      533        700        1  Right
6   0   100        12186      92022      92123      533        200        1  Right
3   7   100        12159      92123      92223      535        500        1  Left 
1   9   500        12206      92022      92523      533        500        1  Right
4   1   100        12181      92523      92623      537        600        1  Right
0   3   500        12181      92223      92724      536        3000       1  Left 
1   4   500        12212      92623      93124      538        3000       1  Right
7   3   500        12182      92724      93225      539        2500       1  Left 
7   0   100        12186      93225      93325      541        100        1  Right
3   5   500        12228      93225      93726      541        3500       1  Right
0   6   500        12232      93325      93826      542        1000       1  Right
4   3   100        12258      93726      93827      543        300        1  Right
4   8   100        12262      93827      93927      545        100        1  Right
4   3   100        12263      93927      94027      546        300        1  Right
2   0   500        12241      93826      94327      544        2500       1  Right
3   4   500        12287      94027      94528      547        1500       1  Right
0   7   500        12246      94327      94828      548        500        1  Right
0   2   100        12269      94828      94928      550        500        1  Right
3   12  500        12313      94528      95028      549        1000       1  Right
8   4   500        12300      94528      95029      549        500        1  Right
6   0   100        12280      94928      95030      551        200        1  Right
12  3   100        12330      95028      95129      552        200        1  Right
3   14  100        12351      95129      95229      555        300        1  Left 
14  3   100        12369      95229      95329      556        300        1  Left 
12  3   100        12392      95329      95429      557        200        1  Right
12  8   100        12396      95429      95529      558        200        1  Right
0   6   500        12326      95030      95531      554        1000       1  Right
3   12  100        12400      95529      95630      559        200        1  Right
7   0   100        12356      95531      95632      560        100        1  Right
6   0   100        12372      95632      95732      562        200        1  Right
3   4   500        12405      95630      96131      561        1500       1  Right
3   9   100        12413      96131      96231      564        800        1  Right
0   7   500        12407      95732      96233      563        500        1  Right
3   4   100        12414      96231      96332      565        300        1  Right
0   6   500        12418      96233      96734      566        1000       1  Right
4   3   500        12427      96332      96833      567        1500       1  Right
6   0   100        12469      96734      96835      568        200        1  Right
8   12  500        12432      96833      97334      569        1000       1  Right
9   3   500        12439      96835      97336      570        4000       1  Left 
8   3   100        12449      97336      97436      572        400        1  Right
3   5   100        12456      97436      97536      573        700        1  Right
12  1   100        12473      97536      97636      574        700        1  Right
3   12  100        12492      97636      97736      575        200        1  Right
3   12  100        12495      97736      97836      576        200        1  Right
0   6   500        12515      97336      97837      568        1000       1  Right
7   0   100        12522      97837      97937      574        100        1  Right
12  3   500        12503      97836      98337      577        1000       1  Right
2   0   500        12546      97937      98438      575        2500       1  Right
6   0   100        12561      98438      98538      577        200        1  Right
0   2   100        12569      98538      98638      578        500        1  Right
1   12  500        12504      98337      98838      580        3500       1  Right
0   7   500        12583      98638      99139      579        500        1  Right
3   8   500        12532      98838      99339      580        2000       1  Right
3   5   100        12774      99339      99439      582        700        1  Right
0   6   500        12607      99139      99640      581        1000       1  Right
7   0   100        12634      99640      99641      584        100        1  Right
6   1   100        12649      99640      99642      584        1300       1  Left 
0   7   500        12685      99641      99643      585        500        1  Right
1   6   500        12690      99642      99644      586        6500       1  Left 
7   3   100        12738      99644      99744      588        500        1  Left 
6   1   100        12743      99744      99844      589        300        1  Right
5   3   500        12787      99744      100245     589        3500       1  Right
1   6   500        12787      99844      100345     590        1500       1  Right
3   7   500        12821      100345     100845     592        2500       1  Left 
6   1   100        12824      100845     100945     593        300        1  Right
3   5   100        12947      100845     100946     593        700        1  Right
2   0   500        12846      100945     101446     594        2500       1  Right
7   0   100        12860      101446     101447     596        100        1  Right
1   6   500        12865      101446     101848     596        6500       1  Left 
0   1   100        12874      101848     101948     598        100        1  Right
6   3   100        12916      101848     101949     598        400        1  Left 
0   6   100        12875      101949     102049     600        200        1  Right
6   3   100        12921      102049     102149     601        400        1  Left 
5   3   100        12960      102149     102249     602        700        1  Right
0   7   500        12911      102049     102549     601        500        1  Right
3   7   100        12947      102549     102649     604        500        1  Left 
3   6   500        12952      102649     103149     605        2000       1  Left 
1   7   500        13027      102649     103150     604        1000       1  Right
3   6   100        13009      103149     103250     606        400        1  Left 
7   3   100        12973      103250     103350     608        500        1  Left 
3   6   100        13020      103350     103450     608        400        1  Left 
1   0   500        13146      103150     103651     605        500        1  Right
3   7   500        13077      103450     103951     609        2500       1  Left 
7   1   100        12981      103951     104051     612        200        1  Right
7   3   100        12982      104051     104151     613        500        1  Left 
7   1   100        13156      104151     104251     612        200        1  Right
0   7   100        13169      104251     104351     613        100        1  Right
6   3   500        13038      104151     104651     613        2000       1  Left 
1   7   500        13202      104351     104852     614        1000       1  Right
6   0   500        13175      104852     105352     616        1000       1  Right
7   1   100        13249      105352     105452     615        200        1  Right
1   7   500        13295      105452     105952     616        1000       1  Right
7   1   100        13342      105952     106052     616        200        1  Right
7   3   100        13350      106052     106152     617        500        1  Left 
0   1   100        13532      106052     106153     614        100        1  Right
1   7   500        13388      106153     106653     619        1000       1  Right
7   0   500        13481      106653     107153     618        500        1  Right
3   7   500        13647      107153     107653     617        2500       1  Left 
1   0   500        13804      107153     107654     617        500        1  Right
7   3   100        13679      107653     107754     618        500        1  Left 
3   6   100        13715      107754     107854     620        400        1  Left 
6   3   100        13733      107854     107954     621        400        1  Left 
7   3   100        13741      107954     108054     622        500        1  Left 
7   8   100        13745      108054     108154     623        700        1  Right
12  3   100        13785      108054     108155     623        200        1  Right
7   1   100        13792      108154     108255     624        200        1  Right
3   7   100        13764      108255     108355     626        500        1  Left 
3   12  100        13777      108355     108455     627        200        1  Right
8   7   500        13766      108355     108855     627        3500       1  Right
3   8   100        13777      108855     108955     629        400        1  Right
0   7   100        13827      108855     108956     629        100        1  Right
8   3   100        13808      108955     109056     630        400        1  Right
8   3   100        14747      109056     109156     626        400        1  Right
1   7   500        13838      108956     109457     631        1000       1  Right
3   7   100        13849      109457     109557     634        500        1  Left 
7   0   500        14139      109557     110057     632        500        1  Right
0   6   100        14189      110057     110157     633        200        1  Right
0   1   100        14190      110157     110257     634        100        1  Right
3   7   100        14788      110157     110258     631        500        1  Left 
1   0   500        14213      110257     110758     635        500        1  Right
7   3   500        14811      110258     110759     633        2500       1  Left 
0   1   100        14236      110758     110859     637        100        1  Right
3   8   500        14855      110759     111260     635        2000       1  Right
6   0   500        14486      110859     111360     639        1000       1  Right
1   0   500        14508      111360     111860     641        500        1  Right
0   1   100        14528      111860     111960     641        100        1  Right
0   1   100        14530      111960     112060     642        100        1  Right
1   0   500        14800      112060     112560     641        500        1  Right
1   0   500        14811      112560     113060     642        500        1  Right
0   2   100        14829      113060     113160     643        500        1  Right
2   0   500        15106      113160     113660     644        2500       1  Right
0   1   100        15146      113660     113760     643        100        1  Right
0   2   100        15149      113760     113860     644        500        1  Right
1   0   500        15418      113860     114360     644        500        1  Right
2   0   500        15426      114360     114860     645        2500       1  Right
0   1   100        15437      114860     114960     646        100        1  Right
1   0   500        15458      114960     115460     647        500        1  Right
0   1   100        15490      115460     115560     648        100        1  Right
1   0   500        15762      115560     116060     644        500        1  Right
0   8   100        15788      116060     116160     645        600        1  Right
0   2   100        15790      116160     116260     646        500        1  Right
2   0   500        16068      116260     116760     646        2500       1  Right
0   2   100        16092      116760     116860     647        500        1  Right
0   6   100        16093      116860     116960     648        200        1  Right
8   0   500        16115      116960     117460     649        3000       1  Right
2   0   500        16369      117460     117960     647        2500       1  Right
6   0   500        16392      117960     118460     648        1000       1  Right
0   2   100        16402      118460     118560     649        500        1  Right
2   0   500        16679      118560     119060     646        2500       1  Right
0   8   100        16704      119060     119160     647        600        1  Right
0   2   100        16706      119160     119260     648        500        1  Right
2   0   500        16984      119260     119760     648        2500       1  Right
0   1   100        17018      119760     119860     649        100        1  Right
8   0   500        17031      119860     120360     647        3000       1  Right
0   2   100        17090      120360     120460     648        500        1  Right
1   0   500        17290      120460     120960     646        500        1  Right
2   0   500        17367      120960     121460     646        2500       1  Right
0   2   100        17398      121460     121560     647        500        1  Right
2   0   500        17675      121560     122060     642        2500       1  Right
0   2   100        17702      122060     122160     643        500        1  Right
2   0   500        17979      122160     122660     641        2500       1  Right
0   2   100        18010      122660     122760     642        500        1  Right
2   0   500        18287      122760     123260     642        2500       1  Right
0   2   100        18320      123260     123360     643        500        1  Right
0   6   100        18322      123360     123460     644        200        1  Right
2   0   500        18597      123460     123960     642        2500       1  Right
6   0   500        18620      123960     124460     643        1000       1  Right
0   8   100        18624      124460     124560     644        600        1  Right
0   2   100        18624      124560     124660     645        500        1  Right
2   0   500        18904      124660     125160     646        2500       1  Right
0   2   100        18931      125160     125260     647        500        1  Right
8   0   500        18951      125260     125760     648        3000       1  Right
2   0   500        19208      125760     126260     646        2500       1  Right
0   2   100        19230      126260     126360     647        500        1  Right
2   0   500        19507      126360     126860     643        2500       1  Right
0   2   100        19821      126860     126960     643        500        1  Right
2   0   500        20098      126960     127460     642        2500       1  Right
0   2   100        20121      127460     127560     643        500        1  Right
2   0   500        20398      127560     128060     643        2500       1  Right
0   2   100        20425      128060     128160     644        500        1  Right
2   0   500        20702      128160     128660     641        2500       1  Right
0   2   100        20729      128660     128760     642        500        1  Right
2   0   500        21006      128760     129260     642        2500       1  Right
0   3   100        21028      129260     129360     643        600        1  Left 
0   8   100        21030      129360     129460     644        600        1  Right
3   0   500        21320      129460     129960     644        3000       1  Left 
0   3   100        21348      129960     130060     644        600        1  Left 
8   0   500        21358      130060     130560     645        3000       1  Right
