
129
C:/Users/nxconrad/Desktop/REU 2.0/Benchmark Data/16-core/7/flow_freqmine100#3.txt
745
[1, 4, 2, 0, 9, 14, 5, 12, 3, 10, 11, 8, 6, 7, 15, 13]
6   3   500        9399       9401       9901       0          2000       1  Right
0   8   100        9400       9901       10001      1          800        1  Right
1   7   500        9401       9901       10402      0          1500       1  Left 
2   11  500        9400       10001      10502      1          4000       1  Right
4   14  500        9401       10502      11002      3          2000       1  Right
15  3   500        9428       10502      11003      3          3000       1  Right
11  6   100        9430       11003      11103      5          200        1  Right
0   13  500        9411       11002      11503      4          2000       1  Left 
9   0   100        9424       11503      11603      7          100        1  Right
3   15  500        9432       11103      11604      6          3000       1  Right
9   1   100        9426       11603      11704      8          400        1  Right
13  0   100        9457       11704      11804      10         400        1  Left 
7   2   100        9478       11804      11805      11         500        1  Left 
5   0   100        9489       11804      11806      11         300        1  Right
13  0   100        9519       11806      11906      13         400        1  Left 
6   12  500        9433       11604      12006      9          2500       1  Right
9   4   100        9521       11906      12007      14         300        1  Right
5   0   100        9573       12007      12107      16         300        1  Right
13  0   100        9586       12107      12207      17         400        1  Left 
14  4   100        9617       12207      12307      18         400        1  Right
15  12  500        9443       12006      12507      15         3500       1  Right
0   11  100        9417       12507      12508      20         700        1  Right
4   8   500        9408       12507      12908      20         3000       1  Left 
1   8   100        9416       12908      13008      22         500        1  Left 
1   5   500        9428       13008      13508      23         3000       1  Right
8   6   500        9456       13008      13509      23         500        1  Right
1   9   500        9473       13508      14009      24         2000       1  Right
8   15  500        9458       13509      14010      25         1500       1  Right
0   13  500        9488       14009      14510      26         2000       1  Left 
6   7   500        9464       14010      14511      27         500        1  Right
3   15  100        9485       14510      14611      28         1000       1  Left 
11  6   100        9467       14511      14612      29         200        1  Right
0   5   100        9488       14611      14712      30         300        1  Right
2   8   100        9491       14612      14713      31         700        1  Left 
12  15  100        9495       14713      14813      33         700        1  Right
0   5   500        9532       14712      15213      32         1500       1  Right
2   7   500        9519       14813      15313      34         2500       1  Left 
6   11  500        9498       14813      15314      34         1000       1  Right
0   13  500        9550       15313      15814      36         2000       1  Left 
5   7   500        9617       15314      15815      37         3500       1  Right
4   9   500        9552       15814      16315      38         1500       1  Right
8   1   500        9500       15815      16316      39         2500       1  Left 
6   1   100        9517       16316      16416      41         400        1  Left 
4   14  500        9653       16315      16816      40         2000       1  Right
1   6   500        9558       16416      16817      42         2000       1  Left 
7   6   100        9566       16817      16917      44         100        1  Right
8   2   500        9537       16816      17217      43         4500       1  Right
7   5   100        9591       17217      17317      46         700        1  Right
10  5   100        9605       17317      17417      47         300        1  Right
6   11  500        9606       17317      17818      47         1000       1  Right
0   5   500        9614       17417      17918      48         1500       1  Right
1   11  500        9655       17818      18319      49         3000       1  Left 
6   0   100        9609       18319      18419      51         700        1  Left 
6   8   100        9611       18419      18519      52         100        1  Right
0   13  500        9617       18419      18920      52         2000       1  Left 
6   10  500        9617       18519      19020      53         1500       1  Right
0   4   100        9635       18920      19021      54         200        1  Right
14  6   100        9618       19020      19121      55         700        1  Right
13  0   100        9656       19021      19122      56         400        1  Left 
6   1   100        9618       19122      19222      58         400        1  Left 
11  1   100        9619       19222      19322      59         600        1  Left 
8   1   100        9646       19322      19422      60         500        1  Left 
8   2   100        9646       19422      19522      61         700        1  Left 
5   10  500        9626       19121      19523      57         1500       1  Right
14  2   100        9692       19522      19523      62         300        1  Right
8   4   100        9646       19522      19524      62         600        1  Left 
11  2   100        9703       19523      19624      63         800        1  Right
8   15  100        9646       19524      19625      64         300        1  Right
5   1   100        9655       19624      19725      65         600        1  Right
3   15  500        9686       19625      20126      66         3000       1  Right
1   0   500        9684       19725      20226      67         1500       1  Right
3   7   100        9836       20126      20227      68         500        1  Right
3   15  100        9937       20227      20327      69         600        1  Right
0   13  500        9687       20226      20727      69         2000       1  Left 
6   4   500        9650       20727      20728      72         2500       1  Left 
8   0   500        9750       20727      20729      72         4000       1  Right
10  1   100        9668       20729      20829      74         700        1  Left 
10  1   100        9668       20829      20929      75         700        1  Left 
4   8   100        9675       20929      20930      76         600        1  Left 
10  2   100        9766       20929      20931      76         700        1  Right
4   1   100        9683       20930      21031      77         100        1  Right
13  1   100        9714       21031      21131      79         100        1  Left 
6   11  500        9712       20930      21431      77         1000       1  Right
2   8   100        9682       21431      21531      81         700        1  Left 
1   8   100        9684       21531      21631      82         500        1  Left 
15  8   100        9693       21631      21731      83         300        1  Right
2   14  500        9718       21531      22032      82         1500       1  Right
0   14  100        9719       22032      22132      85         200        1  Right
1   6   500        9695       21731      22232      84         2000       1  Left 
6   1   100        9747       22232      22332      87         400        1  Left 
13  1   100        9797       22332      22432      88         100        1  Left 
13  1   100        9849       22432      22532      89         100        1  Left 
2   11  500        9734       22132      22633      86         4000       1  Right
1   5   500        9698       22633      23133      91         3000       1  Right
15  3   500        9792       22633      23134      91         3000       1  Right
0   5   500        9796       23133      23634      92         1500       1  Right
1   10  500        9709       23134      23635      93         3500       1  Left 
1   10  500        9716       23635      24135      95         3500       1  Left 
14  6   100        9741       24135      24235      96         700        1  Right
14  6   100        9745       24235      24335      97         700        1  Right
6   0   100        9751       24335      24435      98         900        1  Right
8   6   100        9754       24435      24535      99         100        1  Right
5   0   100        9755       24435      24536      99         300        1  Right
1   4   500        9727       24135      24635      96         500        1  Right
9   4   100        9773       24635      24735      102        300        1  Right
0   4   100        9796       24735      24835      103        200        1  Right
15  12  500        9807       24535      25037      100        3500       1  Right
1   13  500        9740       24635      25136      102        500        1  Left 
9   6   100        9774       25037      25138      105        800        1  Right
11  6   100        9781       25138      25238      107        200        1  Right
10  0   100        9793       25138      25239      107        600        1  Right
4   0   100        9798       25239      25339      109        200        1  Right
11  5   100        9806       25239      25340      109        400        1  Right
1   6   500        9788       25238      25739      108        2000       1  Left 
5   11  500        9832       25340      25840      111        2000       1  Right
4   9   500        9804       25339      25841      110        1500       1  Right
9   2   100        9848       25841      25941      114        200        1  Right
1   13  500        9823       25739      26241      112        500        1  Left 
6   14  500        9787       25840      26341      113        3500       1  Right
0   8   100        9807       26341      26441      117        800        1  Right
1   13  500        9875       26241      26742      116        500        1  Left 
6   7   500        9841       26341      26843      117        500        1  Right
2   10  500        9807       26441      26942      118        3500       1  Right
0   10  500        9839       26942      27442      121        3000       1  Right
7   5   100        9842       27442      27542      122        700        1  Right
12  7   100        9846       27542      27642      123        600        1  Right
0   4   500        9844       27442      27943      122        1000       1  Right
1   5   500        9889       27642      28143      124        5000       1  Left 
13  3   100        9911       28143      28243      125        700        1  Right
13  8   100        9915       28243      28343      126        400        1  Right
2   9   500        9889       27943      28444      125        1000       1  Right
6   14  500        9917       28343      28844      127        3500       1  Right
9   6   100        9929       28844      28944      129        800        1  Right
0   4   500        9922       28444      28945      128        1000       1  Right
1   14  500        9966       28944      29445      130        5500       1  Left 
5   0   100        9850       29445      29545      133        300        1  Right
5   1   100        9852       29545      29645      134        600        1  Right
4   0   100        9886       29645      29745      135        200        1  Right
15  3   500        9966       29445      29946      132        3000       1  Right
7   1   100        9913       29946      30046      136        300        1  Left 
7   1   100        9913       30046      30146      137        300        1  Left 
4   5   500        9957       29745      30246      135        2500       1  Right
6   8   500        9969       29946      30448      136        500        1  Right
5   7   500        9868       30246      30747      140        4500       1  Left 
5   4   100        9933       30747      30847      141        500        1  Right
0   6   100        9950       30847      30947      142        900        1  Right
8   6   100        9956       30947      31047      143        100        1  Right
11  5   100        10057      30947      31047      142        400        1  Right
0   9   100        10022      30947      31048      142        100        1  Right
1   7   500        9972       30747      31248      141        1500       1  Left 
2   14  500        10025      31048      31548      144        1500       1  Right
5   11  500        10083      31047      31549      143        2000       1  Right
9   6   100        10060      31549      31649      147        800        1  Right
1   7   500        9975       31248      31750      146        1500       1  Left 
14  1   100        9945       31750      31850      150        500        1  Right
4   1   100        9958       31850      31950      151        100        1  Right
14  2   100        9999       31850      31951      151        300        1  Right
8   13  500        10003      31750      32251      149        2000       1  Right
3   13  100        10010      32251      32351      153        700        1  Right
7   2   100        10020      32351      32451      154        1100       1  Right
1   4   500        9999       31950      32452      152        500        1  Right
14  2   100        10052      32451      32552      155        300        1  Right
6   1   100        10021      32452      32553      156        400        1  Left 
4   0   100        10032      32552      32653      157        200        1  Right
7   0   100        10036      32653      32654      159        600        1  Left 
6   14  500        10049      32553      32955      158        3500       1  Right
10  0   100        10046      32955      33055      161        600        1  Right
2   7   500        10063      32654      33056      160        2500       1  Left 
6   9   500        10060      33055      33457      162        4000       1  Right
0   4   500        10070      33056      33557      163        1000       1  Right
1   6   500        10062      33457      33958      164        2000       1  Left 
2   14  500        10078      33557      34058      165        1500       1  Right
9   1   100        10101      34058      34158      167        400        1  Right
9   2   100        10205      34158      34258      168        200        1  Right
7   3   500        10138      33958      34459      166        2500       1  Right
5   14  500        10170      34058      34560      167        500        1  Right
6   9   500        10081      34459      34960      170        4000       1  Left 
0   7   500        10087      34960      35460      172        3000       1  Left 
6   11  500        10093      34960      35461      172        1000       1  Right
0   10  500        10092      35460      35961      173        3000       1  Right
0   6   100        10099      35961      36061      175        700        1  Left 
14  6   100        10104      36061      36161      176        700        1  Right
14  5   100        10129      36161      36261      177        100        1  Right
1   9   500        10147      36061      36562      176        2000       1  Right
7   12  500        10153      36161      36663      177        3000       1  Right
6   0   100        10116      36663      36763      180        900        1  Right
1   4   500        10151      36562      37063      179        500        1  Right
0   6   500        10162      36763      37264      181        4500       1  Right
4   0   100        10117      37264      37364      183        200        1  Right
10  0   100        10156      37364      37464      184        600        1  Right
5   4   100        10185      37464      37564      185        500        1  Right
1   11  500        10164      37264      37765      183        3000       1  Left 
4   1   100        10119      37765      37865      187        100        1  Right
11  1   100        10128      37865      37965      188        600        1  Left 
0   10  500        10202      37564      38065      186        3000       1  Right
11  1   100        10128      37965      38066      189        600        1  Left 
4   5   500        10206      38065      38566      190        2500       1  Right
1   11  500        10167      38066      38567      191        3000       1  Left 
8   0   500        10165      38567      39067      193        4000       1  Right
3   7   100        10184      39067      39167      194        500        1  Right
5   6   100        10186      39167      39267      195        600        1  Right
6   9   500        10201      39267      39767      196        4000       1  Right
12  7   100        10204      39767      39867      197        600        1  Right
2   9   500        10246      39767      40268      197        1000       1  Right
6   0   100        10211      40268      40368      199        700        1  Left 
11  2   100        10216      40368      40468      200        800        1  Right
6   1   100        10315      40368      40469      200        400        1  Left 
0   8   100        10222      40468      40569      201        800        1  Right
5   2   100        10230      40569      40669      203        400        1  Right
15  8   100        10557      40569      40670      201        300        1  Right
11  0   100        10232      40669      40770      204        700        1  Right
10  0   100        10249      40770      40771      206        600        1  Right
2   11  500        10249      40770      41172      206        4000       1  Left 
0   6   500        10261      41172      41672      208        3500       1  Left 
2   5   500        10261      41672      42172      209        2000       1  Right
0   11  500        10273      42172      42672      210        3500       1  Right
2   4   500        10494      42172      42673      209        500        1  Right
7   0   100        10289      42672      42773      211        1000       1  Right
9   6   100        10293      42773      42873      213        800        1  Right
0   10  500        10295      42873      43373      214        3000       1  Right
5   6   100        10298      43373      43473      215        600        1  Right
9   5   100        10318      43473      43573      216        200        1  Right
10  0   100        10341      43473      43574      216        1000       1  Left 
5   9   500        10344      43573      44074      217        1000       1  Right
0   5   100        10324      44074      44174      219        300        1  Right
5   6   100        10352      44174      44274      220        600        1  Right
0   7   500        10340      44174      44674      220        3000       1  Left 
6   5   500        10376      44274      44775      221        3000       1  Right
14  5   100        10380      44775      44875      223        100        1  Right
1   6   500        10358      44775      45275      223        2000       1  Left 
4   6   100        10444      45275      45375      224        500        1  Left 
0   10  500        10387      44875      45376      224        3000       1  Right
4   2   100        10468      45375      45476      225        100        1  Right
6   14  500        10391      45376      45877      227        3500       1  Right
6   0   100        10401      45877      45977      228        700        1  Left 
7   0   100        10403      45977      46077      229        600        1  Left 
10  0   100        10438      46077      46177      230        1000       1  Left 
5   14  500        10421      45877      46378      228        500        1  Right
0   6   500        10448      46177      46678      231        3500       1  Left 
0   7   500        10454      46678      47178      233        3000       1  Left 
6   5   500        10463      46678      47179      233        3000       1  Right
14  1   100        10481      47178      47279      234        500        1  Right
14  1   100        10481      47279      47379      236        500        1  Right
5   1   100        10483      47379      47479      237        600        1  Right
7   3   500        10490      47179      47680      235        2500       1  Right
1   14  500        10502      47479      47980      237        2500       1  Right
7   12  500        10505      47680      48181      238        3000       1  Right
3   7   100        10547      48181      48281      240        500        1  Right
12  7   100        10569      48281      48381      241        600        1  Right
1   14  500        10505      47980      48481      239        2500       1  Right
4   6   100        10530      48481      48581      243        500        1  Left 
0   10  500        10484      48481      48981      244        3000       1  Right
11  0   100        10485      48981      49081      246        700        1  Right
6   0   100        10500      49081      49181      247        700        1  Left 
6   1   100        10502      49181      49281      247        400        1  Left 
14  2   100        10520      49181      49282      247        300        1  Right
1   5   500        10519      49281      49283      248        5000       1  Left 
2   14  500        10546      49282      49284      249        1500       1  Right
1   6   500        10550      49283      49784      250        2000       1  Left 
0   11  500        10526      49284      49785      251        3500       1  Right
1   8   100        10589      49784      49885      252        500        1  Left 
5   2   100        10572      49885      49886      254        1200       1  Left 
0   14  500        10562      49785      50187      253        1000       1  Right
9   5   100        10569      50187      50287      256        200        1  Right
4   6   500        10624      49886      50387      255        2500       1  Left 
7   0   100        10511      50387      50388      258        600        1  Left 
6   9   500        10565      50387      50389      258        4000       1  Right
0   7   500        10569      50388      50489      259        3000       1  Left 
6   5   500        10587      50389      50890      260        3000       1  Right
10  0   100        10530      50890      50990      262        600        1  Right
6   4   100        10593      50890      50991      262        500        1  Left 
14  0   100        10536      50990      50992      263        200        1  Right
2   5   500        10603      50991      51393      264        6000       1  Left 
8   0   500        10549      51393      51893      266        4000       1  Right
0   10  500        10576      51893      52393      267        3000       1  Right
8   15  500        10608      51893      52394      267        1500       1  Right
11  0   100        10583      52393      52395      268        700        1  Right
2   8   100        10617      52394      52396      269        700        1  Left 
0   2   100        10603      52396      52496      271        100        1  Right
10  1   100        10636      52396      52497      271        700        1  Left 
0   2   100        10606      52496      52597      272        100        1  Right
5   9   500        10595      52395      52896      270        1000       1  Right
1   10  500        10677      52497      52999      273        3500       1  Left 
0   11  500        10624      52999      53499      276        3500       1  Right
0   4   100        10626      53499      53500      277        200        1  Right
9   1   100        10640      53499      53501      277        1200       1  Left 
7   0   100        10632      53501      53601      279        600        1  Left 
5   6   100        10648      53501      53602      279        600        1  Right
9   1   100        10640      53601      53702      280        400        1  Right
11  0   100        10666      53702      53802      282        700        1  Right
8   1   500        10648      53702      54202      282        2500       1  Left 
4   6   100        10658      54202      54203      284        500        1  Left 
8   2   500        10677      54202      54204      284        4500       1  Right
6   4   500        10684      54203      54304      285        2500       1  Left 
9   2   100        10742      54204      54305      286        200        1  Right
10  1   100        10719      54304      54405      287        700        1  Left 
0   7   500        10683      54405      54905      289        3000       1  Left 
1   9   500        10686      54905      55405      290        2000       1  Right
1   9   500        10689      55405      55905      291        2000       1  Right
4   1   100        10721      55905      56005      292        100        1  Right
0   11  500        10715      55905      56405      292        3500       1  Right
6   4   500        10725      56005      56506      293        2500       1  Left 
2   9   500        10783      56405      56906      294        1000       1  Right
7   0   100        10732      56906      57006      296        1000       1  Right
1   4   500        10752      56506      57007      295        500        1  Right
11  0   100        10757      57006      57107      297        700        1  Right
4   2   100        10795      57007      57108      298        100        1  Right
9   0   100        10758      57107      57208      299        100        1  Right
14  0   100        10789      57208      57308      301        200        1  Right
1   10  500        10760      57107      57608      299        3500       1  Left 
0   7   500        10783      57608      58108      303        3000       1  Left 
0   11  500        10798      58108      58608      304        3500       1  Right
6   4   500        10807      58108      58609      304        2500       1  Left 
10  1   100        10800      58609      58709      306        700        1  Left 
0   9   500        10809      58608      59109      305        500        1  Right
2   4   500        10821      58609      59111      306        500        1  Right
1   10  500        10841      58709      59210      307        3500       1  Left 
6   4   100        10845      59210      59310      310        500        1  Left 
4   6   100        10862      59310      59410      311        500        1  Left 
0   14  500        10815      59109      59610      308        1000       1  Right
8   10  500        10922      59210      59712      310        1000       1  Right
4   6   500        10871      59410      59911      312        2500       1  Left 
4   5   100        10887      59911      59912      315        1100       1  Left 
0   14  500        10884      59610      60012      313        1000       1  Right
6   2   100        10900      59912      60013      316        600        1  Left 
0   11  500        10887      60012      60513      317        3500       1  Right
7   0   100        10836      60513      60613      319        600        1  Left 
6   5   500        10922      60513      61014      319        3000       1  Right
0   7   500        10887      60613      61114      320        3000       1  Left 
11  0   100        10844      61114      61214      322        700        1  Right
14  0   100        10858      61214      61314      323        200        1  Right
7   3   500        10853      61214      61714      323        2500       1  Right
2   0   500        10880      61314      61815      324        500        1  Right
7   12  500        10868      61714      62215      325        3000       1  Right
10  3   100        10892      62215      62315      327        100        1  Right
5   4   500        10908      61815      62316      326        2500       1  Right
10  8   100        10896      62315      62317      328        200        1  Right
3   0   100        10885      62316      62318      329        500        1  Right
3   8   100        10923      62318      62418      331        300        1  Right
8   3   100        10960      62418      62518      332        300        1  Right
6   4   500        11144      62316      62718      326        2500       1  Left 
2   0   500        10891      62318      62819      331        500        1  Right
12  0   100        10905      62819      62919      335        400        1  Right
14  0   100        10911      62919      63019      336        200        1  Right
1   10  500        10994      62718      63219      334        3500       1  Left 
0   1   100        10922      63219      63319      338        300        1  Right
3   10  100        11001      63219      63320      337        100        1  Right
11  0   100        10936      63319      63420      339        900        1  Left 
2   6   500        10936      63420      63920      341        3000       1  Left 
0   14  500        10937      63420      63921      341        1000       1  Right
10  1   100        10953      63920      64021      342        700        1  Left 
14  0   100        10963      63921      64022      343        200        1  Right
5   1   100        10965      64021      64122      344        1000       1  Left 
0   6   100        10941      64122      64222      346        700        1  Left 
5   1   100        10965      64222      64322      347        600        1  Right
0   11  500        10977      64322      64822      348        3500       1  Right
0   14  500        10989      64822      65322      349        1000       1  Right
1   5   500        11001      64822      65323      348        5000       1  Left 
0   14  500        11046      65322      65823      348        1000       1  Right
1   5   500        11004      65323      65824      349        5000       1  Left 
7   0   100        10997      65824      65924      353        600        1  Left 
9   0   100        11011      65924      66024      352        100        1  Right
11  1   100        11014      65924      66025      352        600        1  Left 
14  0   100        11020      66024      66125      353        200        1  Right
10  1   100        11038      66025      66126      354        700        1  Left 
5   2   100        11040      66125      66226      355        400        1  Right
5   0   100        11056      66226      66326      357        300        1  Right
1   11  500        11050      66126      66627      356        3000       1  Left 
2   5   500        11071      66326      66827      358        2000       1  Right
14  0   100        11072      66827      66927      360        200        1  Right
1   10  500        11079      66627      67128      359        3500       1  Left 
11  1   100        11087      67128      67129      362        600        1  Left 
3   10  100        11266      67128      67130      361        100        1  Right
5   4   500        11159      66927      67329      360        2500       1  Right
1   11  500        11123      67129      67631      362        3000       1  Left 
0   7   500        11048      67631      68131      366        3000       1  Left 
14  1   100        11130      68131      68231      366        1100       1  Left 
6   1   100        11153      68231      68331      367        400        1  Left 
11  1   100        11155      68331      68431      368        600        1  Left 
14  1   100        11173      68431      68531      369        1100       1  Left 
0   9   500        11062      68131      68631      367        500        1  Right
0   5   500        11097      68631      69131      372        1500       1  Right
4   5   100        11138      69131      69132      372        1100       1  Left 
4   1   100        11199      69132      69232      373        100        1  Right
4   1   100        11199      69232      69332      374        100        1  Right
4   2   100        11269      69332      69432      375        100        1  Right
0   14  500        11098      69131      69532      373        1000       1  Right
6   2   100        11283      69432      69533      376        600        1  Left 
7   0   100        11104      69533      69633      378        600        1  Left 
9   0   100        11142      69633      69733      379        100        1  Right
1   14  500        11151      69633      70134      379        5500       1  Left 
0   7   500        11155      70134      70634      381        3000       1  Left 
0   3   500        11178      70634      71134      382        2500       1  Right
1   11  500        11191      70634      71135      382        3000       1  Left 
7   1   100        11204      71135      71235      384        300        1  Left 
11  3   100        11240      71135      71236      384        200        1  Right
7   15  100        11320      71235      71336      385        100        1  Right
11  8   100        11244      71236      71337      386        100        1  Right
8   3   100        11255      71337      71437      388        300        1  Right
0   12  500        11193      71134      71635      383        2000       1  Right
8   11  500        11275      71437      71938      389        500        1  Right
0   9   500        11193      71635      72136      390        500        1  Right
1   14  500        11194      71938      72439      391        5500       1  Left 
1   0   500        11195      72439      72939      393        1500       1  Right
9   0   100        11263      72939      73039      394        100        1  Right
3   0   100        11267      73039      73139      395        500        1  Right
4   0   100        11288      73139      73239      396        200        1  Right
12  0   100        11294      73239      73339      397        400        1  Right
1   6   500        11205      72939      73439      394        2000       1  Left 
5   0   100        11309      73339      73440      398        300        1  Right
3   13  100        11323      73439      73539      399        700        1  Right
9   0   100        11381      73440      73541      400        100        1  Right
3   11  100        11334      73539      73640      401        200        1  Right
0   6   100        11220      73640      73740      403        900        1  Right
3   11  100        11336      73740      73840      404        200        1  Right
1   4   500        11230      73439      73940      399        500        1  Right
14  1   100        11221      73940      74040      406        500        1  Right
14  3   100        11292      74040      74140      407        300        1  Right
1   4   500        11233      74040      74540      407        500        1  Right
0   1   100        11234      74540      74640      409        300        1  Right
10  3   500        11293      74140      74641      408        500        1  Right
0   6   100        11235      74640      74642      410        700        1  Left 
14  8   100        11296      74641      74643      411        600        1  Right
2   4   500        11295      74642      75143      412        500        1  Right
1   14  500        11242      74643      75144      413        5500       1  Left 
1   7   500        11250      75144      75644      415        1500       1  Left 
0   3   500        11309      75144      75645      415        2500       1  Right
11  1   100        11311      75644      75745      416        600        1  Left 
0   9   500        11314      75645      75746      417        500        1  Right
8   14  500        11342      75745      75845      418        3000       1  Right
2   6   500        11319      75745      75846      418        3000       1  Left 
3   14  100        11370      75845      75946      420        300        1  Right
1   11  500        11347      75846      76346      421        3000       1  Left 
0   4   500        11324      75846      76347      421        1000       1  Right
13  3   500        11336      76346      76847      423        3500       1  Right
0   12  500        11330      76347      76848      424        2000       1  Right
15  7   500        11376      76847      77347      425        500        1  Right
11  3   500        11351      76847      77348      425        1000       1  Right
0   5   500        11350      76848      77350      426        1500       1  Right
15  7   500        11629      77347      77848      424        500        1  Right
3   8   500        11385      77348      77849      428        1500       1  Right
0   9   500        11432      77350      77851      429        500        1  Right
6   5   100        11386      77849      77950      431        600        1  Right
11  1   100        11394      77950      78050      433        600        1  Left 
3   0   100        11414      77950      78051      433        500        1  Right
1   11  500        11430      78050      78551      434        3000       1  Left 
0   3   500        11445      78051      78552      435        2500       1  Right
5   6   500        11407      78552      79052      437        3000       1  Right
7   6   100        11431      79052      79152      438        100        1  Right
5   0   100        11434      79052      79153      438        300        1  Right
7   15  100        11573      79152      79253      438        100        1  Right
12  0   100        11463      79153      79254      440        400        1  Right
7   15  100        11744      79253      79354      437        100        1  Right
0   5   500        11475      79254      79755      442        1500       1  Right
3   0   100        11478      79755      79855      444        500        1  Right
9   0   100        11492      79855      79955      445        100        1  Right
0   12  500        11499      79955      80455      446        2000       1  Right
0   3   500        11509      80455      80955      446        2500       1  Right
5   0   100        11517      80955      81055      447        300        1  Right
6   0   500        11520      81055      81555      448        3500       1  Left 
1   0   500        11534      81555      82055      449        1500       1  Right
6   0   500        11534      82055      82555      450        3500       1  Left 
12  0   100        11535      82555      82655      451        400        1  Right
4   0   100        11541      82655      82755      452        200        1  Right
12  3   100        11617      82655      82756      450        100        1  Right
0   9   500        11543      82755      83256      453        500        1  Right
14  3   500        11656      82756      83257      452        1500       1  Right
3   0   100        11543      83257      83357      456        500        1  Right
0   5   500        11565      83357      83857      457        1500       1  Right
0   6   100        11567      83857      83957      458        700        1  Left 
3   14  100        11638      83857      83958      456        300        1  Right
9   0   100        11594      83957      84058      459        100        1  Right
6   5   100        11637      83958      84059      458        600        1  Right
9   1   100        11692      84058      84159      459        400        1  Right
6   1   100        11698      84159      84259      461        400        1  Left 
6   1   100        11698      84259      84359      462        400        1  Left 
0   12  500        11571      84159      84659      463        2000       1  Right
6   7   500        11703      84359      84860      462        500        1  Right
3   12  500        11695      84659      85159      464        500        1  Right
0   4   500        11582      84659      85160      466        1000       1  Right
5   0   100        11606      85160      85260      467        300        1  Right
4   0   100        11638      85260      85360      468        200        1  Right
15  7   500        11800      84860      85362      464        500        1  Right
5   6   500        11658      85260      85762      468        3000       1  Right
0   9   500        11645      85360      85861      469        500        1  Right
6   2   100        11798      85762      85863      470        600        1  Left 
0   5   500        11647      85861      86362      472        1500       1  Right
0   4   500        11674      86362      86363      474        1000       1  Right
1   9   500        11738      86362      86364      473        6000       1  Left 
5   0   100        11702      86364      86464      476        300        1  Right
4   0   100        11711      86464      86564      476        200        1  Right
12  0   100        11719      86564      86664      477        400        1  Right
1   6   500        11741      86364      86865      475        2000       1  Left 
0   5   500        11743      86664      87165      478        1500       1  Right
1   6   500        11747      86865      87366      479        2000       1  Left 
9   1   100        11785      87366      87367      481        1200       1  Left 
0   4   500        11749      87165      87368      480        1000       1  Right
1   9   500        11831      87367      87669      479        6000       1  Left 
0   12  500        11755      87669      88169      484        2000       1  Right
2   6   500        11834      87669      88170      481        3000       1  Left 
5   0   100        11785      88169      88270      485        300        1  Right
12  1   100        11843      88170      88271      483        900        1  Left 
4   0   100        11802      88270      88371      487        200        1  Right
1   12  500        11874      88271      88772      485        4500       1  Left 
0   5   500        11826      88371      88872      486        1500       1  Right
1   12  500        11925      88772      89273      486        4500       1  Left 
0   4   500        11838      88872      89274      488        1000       1  Right
9   1   100        11882      89273      89275      489        1200       1  Left 
6   0   100        11825      89275      89375      491        700        1  Left 
0   6   500        11871      89375      89875      492        3500       1  Left 
0   3   100        11872      89875      89975      493        500        1  Right
6   0   500        11873      89975      90475      494        3500       1  Left 
5   1   100        11883      90475      90575      495        600        1  Right
12  1   100        11894      90575      90675      496        700        1  Right
4   0   100        11898      90675      90775      497        200        1  Right
3   1   100        11924      90675      90776      496        800        1  Left 
0   4   500        11934      90775      91276      497        1000       1  Right
1   5   500        11925      90776      91277      498        5000       1  Left 
0   2   100        11960      91276      91278      499        100        1  Right
4   0   100        11978      91278      91279      501        200        1  Right
1   9   500        11928      91277      91280      500        6000       1  Left 
0   4   500        12014      91279      91480      500        1000       1  Right
1   3   500        11937      91280      91781      503        4000       1  Left 
12  1   100        11957      91781      91881      505        700        1  Right
5   1   100        11973      91881      91981      506        600        1  Right
1   12  500        11988      91981      92481      507        3500       1  Right
1   5   500        12012      92481      92981      506        3000       1  Right
9   3   100        12014      92981      93081      507        400        1  Right
3   0   100        12017      93081      93181      508        500        1  Right
9   8   100        12018      93181      93182      509        700        1  Right
6   0   100        12078      93181      93183      509        700        1  Left 
8   9   500        12039      93182      93683      510        3500       1  Right
12  1   100        12020      93683      93783      512        700        1  Right
3   11  100        12051      93683      93784      512        200        1  Right
5   1   100        12044      93783      93884      513        600        1  Right
12  3   100        12028      93784      93885      514        100        1  Right
4   1   100        12050      93884      93985      515        100        1  Right
0   3   500        12048      93885      94386      516        2500       1  Right
3   8   100        12051      94386      94486      518        300        1  Right
11  3   100        12065      94486      94586      519        200        1  Right
8   3   100        12083      94586      94686      520        300        1  Right
1   12  500        12051      94386      94886      518        3500       1  Right
9   1   100        12065      94886      94986      522        400        1  Right
1   5   500        12080      94986      95486      523        3000       1  Right
1   4   500        12083      95486      95986      524        500        1  Right
0   6   500        12124      95486      95987      523        4500       1  Right
3   1   100        12087      95987      96087      526        800        1  Right
1   9   500        12111      96087      96587      526        2000       1  Right
8   5   500        12161      96087      96588      526        2500       1  Right
4   1   100        12123      96587      96688      527        100        1  Right
3   9   100        12124      96588      96689      528        400        1  Right
1   3   500        12113      96689      97189      530        4000       1  Right
5   3   100        12126      97189      97289      531        200        1  Right
5   8   100        12130      97289      97389      532        500        1  Right
5   3   100        12131      97389      97489      533        200        1  Right
3   0   100        12150      97489      97589      534        500        1  Right
3   7   100        12159      97589      97689      535        500        1  Right
1   4   500        12154      97189      97690      531        500        1  Right
0   3   500        12181      97689      98190      536        2500       1  Right
9   1   100        12160      98190      98290      538        400        1  Right
4   1   100        12181      98290      98390      539        100        1  Right
7   3   500        12182      98190      98691      538        2500       1  Right
1   9   500        12206      98390      98891      539        2000       1  Right
6   0   100        12186      98891      98991      542        700        1  Left 
7   0   100        12186      98991      99091      543        600        1  Left 
3   5   500        12228      98691      99192      540        1000       1  Right
2   0   500        12241      99091      99591      543        500        1  Right
1   4   500        12212      99091      99592      543        500        1  Right
0   6   500        12232      99591      100092     545        4500       1  Right
0   7   500        12246      100092     100592     547        3000       1  Left 
4   3   100        12258      100592     100692     548        700        1  Right
4   8   100        12262      100692     100792     549        600        1  Left 
0   2   100        12269      100692     100793     549        100        1  Right
4   3   100        12263      100792     100893     550        900        1  Left 
6   0   100        12280      100893     100993     552        700        1  Left 
12  3   100        12330      100893     100994     551        100        1  Right
14  3   100        12369      100994     101094     553        300        1  Right
12  3   100        12392      101094     101194     554        100        1  Right
12  8   100        12396      101194     101294     555        400        1  Right
0   6   500        12326      100993     101494     552        3500       1  Left 
3   4   500        12287      101494     101994     558        3500       1  Right
8   4   500        12300      101994     102494     559        3000       1  Left 
3   12  500        12313      101994     102495     558        500        1  Right
7   0   100        12356      102494     102595     559        600        1  Left 
3   14  100        12351      102495     102596     560        300        1  Right
6   0   100        12372      102595     102696     561        700        1  Left 
3   12  100        12400      102596     102697     562        100        1  Right
0   7   500        12407      102696     103197     563        3000       1  Left 
8   12  500        12432      102697     103198     564        2000       1  Right
0   6   500        12418      103197     103698     565        3500       1  Left 
3   4   500        12405      103698     104198     567        3500       1  Right
3   9   100        12413      104198     104298     568        400        1  Right
6   0   100        12469      104198     104299     568        700        1  Left 
3   4   100        12414      104299     104399     570        700        1  Right
4   3   500        12427      104399     104899     571        3500       1  Right
9   3   500        12439      104899     105399     572        2000       1  Right
0   6   500        12515      104899     105400     570        3500       1  Left 
8   3   100        12449      105399     105500     573        300        1  Right
12  1   100        12473      105400     105501     574        700        1  Right
3   5   100        12456      105501     105601     576        200        1  Right
7   0   100        12522      105501     105602     574        600        1  Left 
3   12  100        12492      105601     105702     577        100        1  Right
3   12  100        12495      105702     105802     579        100        1  Right
2   0   500        12546      105602     106103     576        500        1  Right
6   0   100        12561      106103     106203     579        700        1  Left 
12  3   500        12503      105802     106303     580        500        1  Right
6   1   100        12649      106203     106303     580        400        1  Left 
0   2   100        12569      106203     106304     580        100        1  Right
1   12  500        12504      106303     106804     583        4500       1  Left 
3   8   500        12532      106804     107304     583        1500       1  Right
0   7   500        12583      106804     107305     583        3000       1  Left 
3   5   100        12774      107304     107405     584        200        1  Right
0   6   500        12607      107305     107806     585        3500       1  Left 
7   0   100        12634      107806     107906     587        600        1  Left 
0   7   500        12685      107906     108406     588        3000       1  Left 
1   6   500        12690      108406     108906     589        2000       1  Left 
2   0   500        12846      108406     108907     589        500        1  Right
7   3   100        12738      108906     109007     590        500        1  Right
6   1   100        12743      109007     109107     592        400        1  Left 
5   3   500        12787      109007     109508     592        1000       1  Right
1   6   500        12787      109107     109608     593        2000       1  Left 
3   7   500        12821      109608     110108     595        2500       1  Right
6   1   100        12824      110108     110208     596        400        1  Left 
3   5   100        12947      110108     110209     595        200        1  Right
7   0   100        12860      110208     110309     597        600        1  Left 
6   3   100        12916      110209     110310     597        400        1  Right
0   1   100        12874      110309     110410     599        300        1  Right
6   3   100        12921      110310     110411     599        400        1  Right
5   3   100        12960      110411     110511     601        200        1  Right
1   6   500        12865      110411     110911     602        2000       1  Left 
0   6   100        12875      110911     111011     604        700        1  Left 
0   7   500        12911      111011     111511     604        3000       1  Left 
3   7   100        12947      111511     111611     605        500        1  Right
3   6   500        12952      111611     112111     606        2000       1  Right
1   7   500        13027      111611     112112     605        1500       1  Left 
3   6   100        13009      112111     112212     606        400        1  Right
7   3   100        12973      112212     112312     609        500        1  Right
3   6   100        13020      112312     112412     609        400        1  Right
1   0   500        13146      112112     112613     607        1500       1  Right
3   7   500        13077      112412     112913     610        2500       1  Right
7   1   100        12981      112913     113013     613        300        1  Left 
7   3   100        12982      113013     113113     614        500        1  Right
7   1   100        13156      113113     113213     614        300        1  Left 
0   7   100        13169      113213     113313     615        600        1  Left 
6   3   500        13038      113113     113613     614        2000       1  Right
1   7   500        13202      113313     113814     616        1500       1  Left 
7   1   100        13249      113814     113914     618        300        1  Left 
6   0   500        13175      113613     114114     617        4500       1  Right
1   7   500        13295      113914     114415     619        1500       1  Left 
7   1   100        13342      114415     114515     621        300        1  Left 
7   3   100        13350      114515     114615     622        500        1  Right
0   1   100        13532      114515     114616     620        300        1  Right
1   7   500        13388      114616     115116     624        1500       1  Left 
7   0   500        13481      115116     115616     625        3000       1  Left 
3   7   500        13647      115616     116116     624        2500       1  Right
1   0   500        13804      115616     116117     624        1500       1  Right
7   3   100        13679      116116     116217     625        500        1  Right
3   6   100        13715      116217     116317     627        400        1  Right
6   3   100        13733      116317     116417     628        400        1  Right
7   3   100        13741      116417     116517     629        500        1  Right
7   8   100        13745      116517     116617     630        200        1  Right
12  3   100        13785      116517     116618     630        100        1  Right
7   1   100        13792      116617     116718     631        300        1  Left 
3   7   100        13764      116718     116818     633        500        1  Right
3   12  100        13777      116818     116918     634        100        1  Right
8   7   500        13766      116818     117318     634        1000       1  Right
3   8   100        13777      117318     117418     636        300        1  Right
0   7   100        13827      117318     117419     636        600        1  Left 
8   3   100        13808      117418     117519     637        300        1  Right
0   6   100        14189      117519     117619     637        900        1  Right
8   3   100        14747      117619     117719     632        300        1  Right
1   7   500        13838      117419     117920     638        1500       1  Left 
3   7   100        13849      117920     118020     642        500        1  Right
0   1   100        14190      117920     118021     640        300        1  Right
3   7   100        14788      118020     118121     635        500        1  Right
0   1   100        14236      118021     118122     642        300        1  Right
3   8   500        14855      118121     118622     636        1500       1  Right
7   0   500        14139      118122     118623     644        3000       1  Left 
1   0   500        14213      118623     119123     646        1500       1  Right
7   3   500        14811      118623     119124     640        2500       1  Right
0   1   100        14528      119123     119224     645        300        1  Right
6   0   500        14486      119224     119724     649        3500       1  Left 
1   0   500        14508      119724     120224     650        1500       1  Right
0   1   100        14530      120224     120324     649        300        1  Right
1   0   500        14800      120324     120824     646        1500       1  Right
1   0   500        14811      120824     121324     647        1500       1  Right
0   2   100        14829      121324     121424     647        100        1  Right
2   0   500        15106      121424     121924     648        500        1  Right
0   1   100        15146      121924     122024     649        300        1  Right
0   2   100        15149      122024     122124     650        100        1  Right
1   0   500        15418      122124     122624     648        1500       1  Right
2   0   500        15426      122624     123124     649        500        1  Right
0   1   100        15437      123124     123224     650        300        1  Right
1   0   500        15458      123224     123724     651        1500       1  Right
0   1   100        15490      123724     123824     652        300        1  Right
1   0   500        15762      123824     124324     653        1500       1  Right
0   8   100        15788      124324     124424     654        800        1  Right
0   2   100        15790      124424     124524     655        100        1  Right
2   0   500        16068      124524     125024     654        500        1  Right
0   2   100        16092      125024     125124     655        100        1  Right
0   6   100        16093      125124     125224     656        700        1  Left 
8   0   500        16115      125224     125724     657        4000       1  Right
2   0   500        16369      125724     126224     656        500        1  Right
6   0   500        16392      126224     126724     657        3500       1  Left 
0   2   100        16402      126724     126824     658        100        1  Right
2   0   500        16679      126824     127324     658        500        1  Right
0   8   100        16704      127324     127424     659        800        1  Right
0   2   100        16706      127424     127524     660        100        1  Right
2   0   500        16984      127524     128024     658        500        1  Right
0   1   100        17018      128024     128124     659        300        1  Right
8   0   500        17031      128124     128624     660        4000       1  Right
0   2   100        17090      128624     128724     661        100        1  Right
1   0   500        17290      128724     129224     661        1500       1  Right
2   0   500        17367      129224     129724     661        500        1  Right
0   2   100        17398      129724     129824     662        100        1  Right
2   0   500        17675      129824     130324     662        500        1  Right
0   2   100        17702      130324     130424     663        100        1  Right
2   0   500        17979      130424     130924     662        500        1  Right
0   2   100        18010      130924     131024     663        100        1  Right
2   0   500        18287      131024     131524     664        500        1  Right
0   2   100        18320      131524     131624     664        100        1  Right
0   6   100        18322      131624     131724     665        700        1  Left 
2   0   500        18597      131724     132224     664        500        1  Right
6   0   500        18620      132224     132724     665        3500       1  Left 
0   8   100        18624      132724     132824     666        800        1  Right
0   2   100        18624      132824     132924     667        100        1  Right
2   0   500        18904      132924     133424     668        500        1  Right
0   2   100        18931      133424     133524     668        100        1  Right
8   0   500        18951      133524     134024     669        4000       1  Right
2   0   500        19208      134024     134524     666        500        1  Right
0   2   100        19230      134524     134624     666        100        1  Right
2   0   500        19507      134624     135124     665        500        1  Right
0   2   100        19821      135124     135224     660        100        1  Right
2   0   500        20098      135224     135724     661        500        1  Right
0   2   100        20121      135724     135824     662        100        1  Right
2   0   500        20398      135824     136324     659        500        1  Right
0   2   100        20425      136324     136424     660        100        1  Right
2   0   500        20702      136424     136924     661        500        1  Right
0   2   100        20729      136924     137024     659        100        1  Right
2   0   500        21006      137024     137524     656        500        1  Right
0   3   100        21028      137524     137624     657        500        1  Right
0   8   100        21030      137624     137724     657        800        1  Right
3   0   500        21320      137724     138224     657        2500       1  Right
0   3   100        21348      138224     138324     658        500        1  Right
8   0   500        21358      138324     138824     659        4000       1  Right
