
139
C:/Users/nxconrad/Desktop/REU 2.0/Benchmark Data/16-core/7/flow_freqmine100#3.txt
745
[15, 1, 12, 3, 14, 7, 2, 5, 0, 13, 11, 9, 8, 4, 10, 6]
0   8   100        9400       9402       9502       0          400        1  Right
6   3   500        9399       9401       9901       0          2000       1  Left 
2   11  500        9400       9502       10003      1          2000       1  Right
11  6   100        9430       10003      10103      2          500        1  Right
1   7   500        9401       9901       10402      1          2000       1  Right
7   2   100        9478       10402      10502      4          100        1  Right
0   13  500        9411       10003      10504      2          500        1  Right
8   6   500        9456       10103      10604      3          1500       1  Right
0   11  100        9417       10504      10604      6          200        1  Right
15  3   500        9428       10402      10903      4          1500       1  Right
4   14  500        9401       10604      11105      7          4500       1  Right
9   0   100        9424       11105      11205      9          300        1  Right
13  0   100        9457       11205      11305      10         100        1  Right
3   15  500        9432       10903      11404      8          1500       1  Right
4   8   500        9408       11105      11606      9          500        1  Right
0   13  500        9488       11305      11806      11         500        1  Right
6   12  500        9433       11404      11905      12         1500       1  Left 
5   0   100        9489       11806      11907      14         100        1  Right
1   8   100        9416       11905      12006      15         500        1  Left 
13  0   100        9519       11907      12008      15         100        1  Right
9   1   100        9426       12006      12107      17         600        1  Left 
5   0   100        9573       12008      12109      17         100        1  Right
11  6   100        9467       12107      12207      19         500        1  Right
13  0   100        9586       12109      12210      19         100        1  Right
9   4   100        9521       12207      12308      20         200        1  Right
15  12  500        9443       12107      12608      19         1000       1  Right
6   7   500        9464       12308      12809      23         5000       1  Right
1   5   500        9428       12809      13309      25         3000       1  Right
8   15  500        9458       12809      13310      25         2000       1  Left 
1   9   500        9473       13309      13810      26         5000       1  Right
3   15  100        9485       13810      13910      28         300        1  Right
0   5   100        9488       13810      13911      28         100        1  Right
12  15  100        9495       13910      14010      29         200        1  Right
6   11  500        9498       13810      14311      28         2500       1  Right
2   8   100        9491       14311      14411      32         1000       1  Left 
0   5   500        9532       13911      14413      29         500        1  Right
2   7   500        9519       14411      14911      32         500        1  Right
8   1   500        9500       14411      14912      33         2500       1  Left 
0   13  500        9550       14413      14915      33         500        1  Right
6   1   100        9517       14912      15012      35         200        1  Left 
5   7   500        9617       14911      15412      34         1000       1  Right
4   9   500        9552       14912      15414      35         1000       1  Right
1   6   500        9558       15012      15513      37         1000       1  Left 
7   6   100        9566       15513      15613      40         600        1  Left 
14  4   100        9617       15613      15614      41         700        1  Left 
14  6   100        9618       15614      15714      42         500        1  Left 
8   2   500        9537       15414      15715      39         3000       1  Right
7   5   100        9591       15715      15815      44         200        1  Right
4   14  500        9653       15714      16114      43         3500       1  Left 
10  5   100        9605       16114      16214      46         700        1  Right
6   11  500        9606       16214      16714      47         2500       1  Right
0   5   500        9614       16214      16715      47         500        1  Right
1   11  500        9655       16714      17215      48         3500       1  Left 
0   13  500        9617       16715      17216      49         500        1  Right
6   0   100        9609       17216      17316      51         700        1  Right
6   8   100        9611       17316      17416      52         300        1  Right
13  0   100        9656       17316      17417      52         100        1  Right
4   8   100        9675       17416      17516      53         100        1  Right
6   10  500        9617       17416      17917      53         500        1  Right
1   0   500        9684       17417      17919      54         3500       1  Right
6   1   100        9618       17919      18019      57         200        1  Left 
5   10  500        9626       17919      18420      57         3500       1  Right
11  1   100        9619       18420      18520      59         700        1  Left 
0   4   100        9635       18520      18620      60         500        1  Right
8   1   100        9646       18620      18720      61         500        1  Left 
8   2   100        9646       18720      18820      62         1000       1  Left 
8   4   100        9646       18820      18920      63         100        1  Right
5   1   100        9655       18820      18921      63         600        1  Right
8   15  100        9646       18920      19021      64         400        1  Left 
14  2   100        9692       18921      19022      65         200        1  Right
0   13  500        9687       18620      19121      61         500        1  Right
2   8   100        9682       19121      19221      68         600        1  Right
11  2   100        9703       19221      19321      69         400        1  Right
3   15  500        9686       19021      19322      66         1500       1  Right
6   4   500        9650       19021      19324      66         1000       1  Right
10  1   100        9668       19324      19424      72         300        1  Left 
10  1   100        9668       19424      19524      73         300        1  Left 
8   0   500        9750       19321      19622      70         2000       1  Right
2   14  500        9718       19321      19624      70         1000       1  Right
4   1   100        9683       19524      19626      74         400        1  Left 
0   14  100        9719       19624      19725      76         400        1  Right
1   8   100        9684       19626      19727      77         500        1  Left 
3   7   100        9836       19725      19826      78         200        1  Right
15  8   100        9693       19727      19828      79         400        1  Left 
13  1   100        9714       19826      19829      80         800        1  Right
6   11  500        9712       19828      20231      81         2500       1  Right
15  3   500        9792       19829      20330      82         1500       1  Right
2   11  500        9734       20231      20732      83         2000       1  Right
1   6   500        9695       20330      20831      84         1000       1  Left 
10  2   100        9766       20732      20832      85         800        1  Right
14  6   100        9741       20831      20931      86         500        1  Left 
1   5   500        9698       20931      21431      88         3000       1  Right
1   10  500        9709       21431      21931      89         1500       1  Left 
0   5   500        9796       21431      21932      89         500        1  Right
1   10  500        9716       21931      22432      90         1500       1  Left 
1   4   500        9727       22432      22932      92         2000       1  Left 
9   4   100        9773       22932      23032      93         200        1  Right
1   13  500        9740       22932      23432      93         4000       1  Right
14  6   100        9745       23432      23532      95         500        1  Left 
0   4   100        9796       23432      23533      95         500        1  Right
6   1   100        9747       23532      23633      96         200        1  Left 
0   8   100        9807       23533      23634      97         400        1  Right
2   10  500        9807       23633      24134      98         4000       1  Left 
6   0   100        9751       24134      24234      100        700        1  Right
8   6   100        9754       24234      24334      101        300        1  Right
5   0   100        9755       24234      24335      101        100        1  Right
9   6   100        9774       24334      24435      102        400        1  Right
15  12  500        9807       24134      24635      100        1000       1  Right
5   11  500        9832       24335      24837      103        1500       1  Right
10  0   100        9793       24837      24937      106        600        1  Right
4   0   100        9798       24937      25037      107        500        1  Right
6   14  500        9787       24635      25136      105        2500       1  Left 
5   0   100        9850       25037      25137      108        100        1  Right
4   9   500        9804       25037      25538      108        1000       1  Right
6   7   500        9841       25136      25638      109        3000       1  Left 
12  7   100        9846       25638      25738      112        300        1  Right
0   10  500        9839       25538      26039      111        3000       1  Right
6   14  500        9917       25738      26239      112        2500       1  Left 
3   15  100        9937       26239      26339      114        300        1  Right
0   4   500        9844       26039      26540      114        2500       1  Right
11  6   100        9781       26540      26541      117        500        1  Right
13  1   100        9797       26540      26542      117        800        1  Right
11  5   100        9806       26542      26642      119        300        1  Right
7   5   100        9842       26642      26742      120        200        1  Right
4   0   100        9886       26642      26743      120        500        1  Right
9   2   100        9848       26743      26843      122        500        1  Right
1   6   500        9788       26542      27042      119        1000       1  Left 
2   9   500        9889       26843      27344      123        2500       1  Right
9   6   100        9929       27344      27444      124        400        1  Right
1   13  500        9823       27344      27844      125        4000       1  Right
13  1   100        9849       27844      27944      127        800        1  Right
5   1   100        9852       27944      28044      128        600        1  Right
0   4   500        9922       27944      28445      127        2500       1  Right
5   7   500        9868       28044      28545      129        1000       1  Right
1   13  500        9875       28445      28946      130        4000       1  Left 
0   6   100        9950       28946      28947      131        700        1  Right
8   6   100        9956       28947      28948      132        300        1  Right
0   9   100        10022      28947      28949      131        300        1  Right
1   5   500        9889       28946      29248      132        3000       1  Right
7   1   100        9913       29248      29348      135        400        1  Right
7   1   100        9913       29348      29448      136        400        1  Right
8   13  500        10003      28949      29449      133        1500       1  Right
5   4   100        9933       29448      29548      137        1000       1  Left 
13  3   100        9911       29548      29648      139        600        1  Right
9   6   100        10060      29548      29649      138        400        1  Right
14  1   100        9945       29648      29749      140        300        1  Right
5   11  500        10083      29648      30149      139        1500       1  Right
13  8   100        9915       30149      30249      143        300        1  Right
1   14  500        9966       29749      30250      142        1500       1  Right
14  2   100        9999       30250      30350      145        200        1  Right
7   2   100        10020      30350      30450      145        100        1  Right
4   5   500        9957       30249      30750      144        3000       1  Right
15  3   500        9966       30250      30751      145        1500       1  Right
11  5   100        10057      30750      30850      147        300        1  Right
2   14  500        10025      30450      30951      146        1000       1  Right
6   8   500        9969       30750      31251      148        1500       1  Right
1   7   500        9972       30951      31452      151        2000       1  Right
4   1   100        9958       31452      31552      153        400        1  Left 
3   13  100        10010      31452      31553      152        600        1  Right
6   1   100        10021      31552      31653      153        200        1  Left 
14  2   100        10052      31553      31653      154        200        1  Right
4   0   100        10032      31553      31654      154        500        1  Right
1   7   500        9975       31653      32154      156        2000       1  Right
7   0   100        10036      32154      32254      157        300        1  Right
1   4   500        9999       32154      32654      158        2000       1  Left 
10  0   100        10046      32654      32655      159        600        1  Right
2   7   500        10063      32254      32656      158        500        1  Right
6   14  500        10049      32654      33057      159        2500       1  Left 
0   4   500        10070      32655      33156      160        2500       1  Right
2   14  500        10078      33057      33557      162        1000       1  Right
1   6   500        10062      33057      33558      162        1000       1  Left 
0   7   500        10087      33557      34058      164        1500       1  Right
6   9   500        10060      33558      34059      165        2000       1  Right
7   3   500        10138      34058      34559      165        1000       1  Right
6   9   500        10081      34059      34560      167        2000       1  Right
7   12  500        10153      34559      35060      167        1500       1  Right
0   10  500        10092      34560      35061      169        3000       1  Right
5   14  500        10170      35060      35561      169        1500       1  Right
6   11  500        10093      35061      35562      171        2500       1  Right
3   7   100        10184      35561      35662      171        200        1  Right
0   6   100        10099      35562      35663      173        700        1  Right
12  7   100        10204      35662      35763      173        300        1  Right
9   1   100        10101      35663      35764      175        600        1  Left 
14  6   100        10104      35764      35864      176        500        1  Left 
9   2   100        10205      35764      35865      176        500        1  Right
6   0   100        10116      35865      35965      178        700        1  Right
14  5   100        10129      35865      35966      178        300        1  Right
4   0   100        10117      35965      36066      179        500        1  Right
4   1   100        10119      36066      36166      181        400        1  Left 
11  1   100        10128      36166      36266      182        700        1  Left 
11  1   100        10128      36266      36366      183        700        1  Left 
11  2   100        10216      36366      36466      184        400        1  Right
1   9   500        10147      36366      36866      184        3000       1  Left 
1   4   500        10151      36866      37366      186        2000       1  Left 
10  0   100        10156      37366      37466      187        600        1  Right
0   6   500        10162      37466      37966      188        3500       1  Right
1   11  500        10164      37966      38466      189        3500       1  Left 
5   4   100        10185      38466      38467      190        1000       1  Left 
5   6   100        10186      38467      38567      191        800        1  Left 
8   0   500        10165      38466      38568      190        2000       1  Right
4   5   500        10206      38567      38769      192        5000       1  Left 
5   2   100        10230      38769      38869      194        100        1  Right
1   11  500        10167      38769      39269      194        3500       1  Left 
6   9   500        10201      39269      39769      196        2000       1  Right
0   10  500        10202      39769      40269      197        3000       1  Right
6   0   100        10211      40269      40369      198        700        1  Right
0   8   100        10222      40369      40469      199        400        1  Right
6   1   100        10315      40369      40470      199        200        1  Left 
11  0   100        10232      40469      40471      200        200        1  Right
2   9   500        10246      40470      40872      201        5500       1  Left 
10  0   100        10249      40872      40972      203        600        1  Right
15  8   100        10557      40972      41072      201        400        1  Left 
2   11  500        10249      40972      41472      204        2000       1  Right
0   6   500        10261      41472      41972      206        3500       1  Right
2   5   500        10261      41472      41973      206        500        1  Right
9   6   100        10293      41972      42072      207        400        1  Right
5   6   100        10298      42072      42172      209        800        1  Left 
9   5   100        10318      42172      42173      210        1200       1  Left 
0   11  500        10273      41972      42174      207        1000       1  Right
5   9   500        10344      42173      42474      211        6000       1  Left 
7   0   100        10289      42474      42574      213        300        1  Right
5   6   100        10352      42574      42575      214        800        1  Left 
0   10  500        10295      42574      42975      214        3000       1  Right
0   5   100        10324      42975      43075      216        100        1  Right
1   6   500        10358      42575      43076      215        1000       1  Left 
4   6   100        10444      43076      43176      217        200        1  Right
0   7   500        10340      43075      43576      217        1500       1  Right
10  0   100        10341      43576      43577      220        600        1  Right
6   5   500        10376      43576      43578      220        4000       1  Left 
0   10  500        10387      43577      43678      221        3000       1  Right
14  5   100        10380      43578      43679      222        300        1  Right
14  1   100        10481      43679      43779      223        300        1  Right
14  1   100        10481      43779      43879      224        300        1  Right
0   6   500        10448      43678      44179      222        3500       1  Right
6   14  500        10391      44179      44679      227        2500       1  Left 
0   7   500        10454      44179      44680      226        1500       1  Right
6   0   100        10401      44680      44780      228        700        1  Right
5   14  500        10421      44680      45181      228        1500       1  Right
0   10  500        10484      44780      45182      229        3000       1  Right
6   5   500        10463      45181      45583      230        4000       1  Left 
0   11  500        10526      45182      45683      229        1000       1  Right
4   2   100        10468      45583      45684      232        900        1  Left 
7   0   100        10403      45684      45784      234        300        1  Right
4   6   100        10530      45684      45784      232        200        1  Right
10  0   100        10438      45784      45884      235        600        1  Right
11  0   100        10485      45884      45984      236        200        1  Right
1   14  500        10502      45684      46185      233        1500       1  Right
2   4   500        10494      45984      46485      237        3500       1  Right
5   1   100        10483      46485      46585      239        1000       1  Left 
6   0   100        10500      46585      46685      240        700        1  Right
7   3   500        10490      46185      46686      238        1000       1  Right
6   1   100        10502      46685      46786      240        200        1  Left 
7   12  500        10505      46686      47187      240        1500       1  Right
6   9   500        10565      46786      47287      241        2000       1  Right
7   0   100        10511      47187      47287      242        300        1  Right
10  0   100        10530      47287      47387      243        600        1  Right
1   14  500        10505      47187      47688      242        1500       1  Right
1   5   500        10519      47688      48188      245        3000       1  Right
14  2   100        10520      48188      48288      246        200        1  Right
9   5   100        10569      48188      48288      246        400        1  Right
14  0   100        10536      48288      48388      247        400        1  Right
1   6   500        10550      48188      48689      246        1000       1  Left 
8   0   500        10549      48388      48888      248        2000       1  Right
2   14  500        10546      48388      48889      248        1000       1  Right
11  0   100        10583      48888      48988      250        200        1  Right
5   2   100        10572      48889      48989      251        100        1  Right
3   7   100        10547      48889      48990      251        200        1  Right
12  7   100        10569      48990      49090      254        300        1  Right
4   6   500        10624      48689      49191      248        1000       1  Right
1   8   100        10589      49191      49291      256        500        1  Left 
5   9   500        10595      48989      49491      253        2000       1  Right
8   15  500        10608      49291      49792      256        2000       1  Left 
10  1   100        10636      49792      49892      258        300        1  Left 
0   14  500        10562      49491      49992      258        2000       1  Right
9   1   100        10640      49892      49993      259        600        1  Left 
9   1   100        10640      49993      50093      261        600        1  Left 
0   7   500        10569      49992      50493      261        1500       1  Right
7   0   100        10632      50493      50593      263        300        1  Right
8   1   500        10648      50093      50594      262        2500       1  Left 
11  0   100        10666      50593      50694      264        200        1  Right
6   5   500        10587      50594      50695      266        4000       1  Left 
0   10  500        10576      50694      50795      267        3000       1  Right
6   4   100        10593      50795      50895      269        200        1  Right
2   5   500        10603      50695      51196      267        500        1  Right
0   2   100        10603      51196      51296      270        200        1  Right
1   10  500        10677      50895      51396      269        1500       1  Left 
0   2   100        10606      51296      51397      271        200        1  Right
1   9   500        10686      51396      51897      272        3000       1  Left 
0   11  500        10624      51397      51898      273        1000       1  Right
2   8   100        10617      51897      51998      274        1000       1  Left 
0   4   100        10626      51998      51999      276        500        1  Right
5   6   100        10648      51998      52000      276        800        1  Left 
4   6   100        10658      52000      52100      278        200        1  Right
8   2   500        10677      52000      52501      278        3000       1  Right
6   4   500        10684      52100      52601      279        1000       1  Right
0   7   500        10683      52501      53002      280        1500       1  Right
1   9   500        10689      52601      53102      281        3000       1  Left 
10  1   100        10719      53102      53202      283        300        1  Left 
4   1   100        10721      53202      53302      284        400        1  Left 
0   11  500        10715      53002      53503      282        1000       1  Right
7   0   100        10732      53503      53603      286        300        1  Right
9   2   100        10742      53603      53703      287        500        1  Right
6   4   500        10725      53302      53803      285        1000       1  Right
11  0   100        10757      53703      53804      288        200        1  Right
9   0   100        10758      53804      53904      290        300        1  Right
1   4   500        10752      53803      54304      289        2000       1  Left 
0   7   500        10783      53904      54405      291        1500       1  Right
1   10  500        10760      54304      54805      292        1500       1  Left 
10  1   100        10800      54805      54905      294        300        1  Left 
2   9   500        10783      54405      54906      293        2500       1  Right
14  0   100        10789      54906      55006      296        400        1  Right
6   4   500        10807      54905      55406      295        1000       1  Right
4   2   100        10795      55406      55506      298        900        1  Left 
0   11  500        10798      55006      55507      297        1000       1  Right
2   4   500        10821      55506      56007      299        4500       1  Left 
0   9   500        10809      55507      56008      300        1500       1  Right
1   10  500        10841      56007      56508      301        1500       1  Left 
0   14  500        10815      56008      56509      302        2000       1  Right
6   4   100        10845      56508      56609      303        200        1  Right
7   0   100        10836      56509      56610      304        300        1  Right
4   6   100        10862      56609      56710      305        200        1  Right
11  0   100        10844      56610      56711      306        200        1  Right
7   3   500        10853      56610      57111      306        1000       1  Right
4   6   500        10871      56710      57211      307        1000       1  Right
14  0   100        10858      57111      57212      309        400        1  Right
10  3   100        10892      57211      57312      310        500        1  Left 
10  8   100        10896      57312      57412      312        200        1  Right
2   0   500        10880      57212      57713      311        1000       1  Right
7   12  500        10868      57312      57813      312        1500       1  Right
8   10  500        10922      57412      57913      312        1000       1  Right
8   3   100        10960      57913      58013      315        700        1  Left 
0   14  500        10884      57813      58314      315        2000       1  Right
3   0   100        10885      58314      58414      318        500        1  Right
1   10  500        10994      58013      58514      316        1500       1  Left 
4   5   100        10887      58414      58515      319        600        1  Right
6   2   100        10900      58514      58615      320        700        1  Left 
0   11  500        10887      58515      59016      321        1000       1  Right
5   4   500        10908      58615      59116      321        5000       1  Left 
3   8   100        10923      59116      59216      323        700        1  Left 
3   10  100        11001      59216      59316      324        500        1  Left 
0   7   500        10887      59116      59616      324        1500       1  Right
2   0   500        10891      59616      60116      327        1000       1  Right
12  0   100        10905      60116      60216      327        600        1  Right
14  0   100        10911      60216      60316      328        400        1  Right
0   1   100        10922      60316      60416      329        700        1  Right
6   5   500        10922      60416      60916      330        4000       1  Right
11  0   100        10936      60916      61016      331        200        1  Right
2   6   500        10936      60916      61417      331        3500       1  Left 
10  1   100        10953      61417      61517      333        300        1  Left 
0   14  500        10937      61417      61917      333        2000       1  Right
14  0   100        10963      61917      62017      335        400        1  Right
6   4   500        11144      61517      62018      333        1000       1  Right
5   1   100        10965      62017      62019      336        600        1  Right
0   6   100        10941      62018      62020      337        700        1  Right
5   1   100        10965      62019      62120      338        600        1  Right
0   11  500        10977      62020      62521      339        1000       1  Right
1   5   500        11001      62120      62621      340        3000       1  Right
11  1   100        11014      62621      62721      342        700        1  Left 
10  1   100        11038      62721      62821      343        300        1  Left 
11  1   100        11087      62821      62921      344        700        1  Left 
0   14  500        10989      62621      63121      342        2000       1  Right
7   0   100        10997      63121      63221      346        300        1  Right
9   0   100        11011      63221      63321      347        300        1  Right
1   5   500        11004      63221      63721      347        3000       1  Right
14  0   100        11020      63721      63821      349        400        1  Right
5   2   100        11040      63821      63921      350        100        1  Right
1   11  500        11050      63721      64222      349        3500       1  Left 
0   14  500        11046      63921      64422      351        2000       1  Right
1   10  500        11079      64222      64723      352        1500       1  Left 
0   7   500        11048      64422      64923      353        1500       1  Right
5   0   100        11056      64923      65023      355        100        1  Right
1   11  500        11123      64723      65224      353        3500       1  Left 
3   10  100        11266      65224      65324      355        500        1  Left 
2   5   500        11071      65023      65524      356        500        1  Right
0   9   500        11062      65224      65525      357        1500       1  Right
5   4   500        11159      65524      65825      358        5000       1  Left 
14  0   100        11072      65825      65925      361        400        1  Right
14  1   100        11130      65925      66025      361        300        1  Right
6   1   100        11153      66025      66125      362        200        1  Left 
11  1   100        11155      66125      66225      363        700        1  Left 
14  1   100        11173      66225      66325      364        300        1  Right
0   5   500        11097      65925      66425      362        500        1  Right
0   14  500        11098      66425      66925      367        2000       1  Right
7   0   100        11104      66925      67025      367        300        1  Right
4   5   100        11138      67025      67125      368        600        1  Right
9   0   100        11142      67125      67225      369        300        1  Right
1   14  500        11151      66925      67426      367        1500       1  Right
0   7   500        11155      67225      67726      370        1500       1  Right
1   11  500        11191      67426      67927      371        3500       1  Left 
4   1   100        11199      67927      68027      373        400        1  Left 
4   1   100        11199      68027      68127      374        400        1  Left 
0   3   500        11178      67726      68227      372        2500       1  Right
0   12  500        11193      68227      68727      376        3000       1  Right
0   9   500        11193      68727      69227      377        1500       1  Right
1   14  500        11194      68727      69228      377        1500       1  Right
4   2   100        11269      69227      69328      377        700        1  Right
7   1   100        11204      69228      69329      378        400        1  Right
6   2   100        11283      69328      69429      379        900        1  Right
14  1   100        11221      69329      69430      380        300        1  Right
7   15  100        11320      69429      69530      380        1100       1  Left 
1   0   500        11195      69530      70030      384        3500       1  Right
11  3   100        11240      70030      70130      384        700        1  Right
11  8   100        11244      70130      70230      385        200        1  Right
8   3   100        11255      70230      70330      386        900        1  Right
9   0   100        11263      70330      70430      387        300        1  Right
14  3   100        11292      70330      70431      387        100        1  Right
1   6   500        11205      70030      70530      384        1000       1  Left 
3   0   100        11267      70431      70531      389        500        1  Right
3   13  100        11323      70531      70532      390        600        1  Right
8   11  500        11275      70430      70833      388        1000       1  Right
1   4   500        11230      70530      70933      390        2000       1  Left 
14  8   100        11296      70833      70934      393        800        1  Right
3   11  100        11334      70934      71034      394        700        1  Right
3   11  100        11336      71034      71134      395        700        1  Right
1   4   500        11233      70933      71434      394        2000       1  Left 
0   6   100        11220      71434      71534      398        700        1  Right
4   0   100        11288      71534      71634      399        500        1  Right
1   14  500        11242      71434      71935      398        1500       1  Right
2   4   500        11295      71634      72135      400        3500       1  Right
1   7   500        11250      71935      72436      401        2000       1  Right
0   1   100        11234      72436      72536      403        700        1  Right
0   6   100        11235      72536      72636      404        700        1  Right
15  7   500        11376      72536      72637      403        2500       1  Right
2   6   500        11319      72636      72638      404        4500       1  Right
15  7   500        11629      72637      73039      403        2500       1  Right
10  3   500        11293      73039      73040      408        2500       1  Left 
8   14  500        11342      73039      73041      407        4000       1  Right
12  0   100        11294      73041      73042      410        600        1  Right
11  1   100        11311      73041      73043      409        700        1  Left 
3   14  100        11370      73042      73142      410        100        1  Right
5   0   100        11309      73042      73143      410        100        1  Right
1   11  500        11347      73043      73545      411        3500       1  Left 
0   3   500        11309      73143      73644      413        2500       1  Right
1   11  500        11430      73545      73645      413        3500       1  Left 
13  3   500        11336      73644      73744      415        3000       1  Right
0   9   500        11314      73744      74244      417        1500       1  Right
3   8   500        11385      73744      74245      417        3500       1  Left 
9   0   100        11381      74244      74345      418        300        1  Right
5   6   500        11407      74245      74346      418        4000       1  Left 
0   4   500        11324      74345      74446      420        2500       1  Right
7   6   100        11431      74346      74447      420        600        1  Left 
0   12  500        11330      74447      74947      423        3000       1  Right
0   5   500        11350      74947      75447      424        500        1  Right
11  3   500        11351      74947      75448      424        4500       1  Left 
6   5   100        11386      75448      75449      426        800        1  Right
7   15  100        11573      75448      75450      425        500        1  Right
7   15  100        11744      75450      75550      426        500        1  Right
0   9   500        11432      75449      75950      426        1500       1  Right
11  1   100        11394      75950      76050      430        700        1  Left 
3   0   100        11414      75950      76051      429        500        1  Right
5   0   100        11434      76051      76151      431        100        1  Right
0   3   500        11445      76151      76651      432        2500       1  Right
12  0   100        11463      76651      76751      433        600        1  Right
0   5   500        11475      76751      77251      434        500        1  Right
3   0   100        11478      77251      77351      435        500        1  Right
9   0   100        11492      77351      77451      436        300        1  Right
0   12  500        11499      77451      77951      437        3000       1  Right
0   3   500        11509      77951      78451      438        2500       1  Right
5   0   100        11517      78451      78551      439        100        1  Right
6   0   500        11520      78551      79051      440        3500       1  Right
1   0   500        11534      79051      79551      441        3500       1  Right
6   0   500        11534      79551      80051      442        3500       1  Right
12  0   100        11535      80051      80151      443        600        1  Right
4   0   100        11541      80151      80251      444        500        1  Right
12  3   100        11617      80151      80252      443        100        1  Right
0   9   500        11543      80251      80752      445        1500       1  Right
14  3   500        11656      80252      80753      445        500        1  Right
0   5   500        11565      80752      81253      447        500        1  Right
3   0   100        11543      81253      81353      449        500        1  Right
0   6   100        11567      81353      81453      450        700        1  Right
3   14  100        11638      81353      81454      449        100        1  Right
0   12  500        11571      81453      81954      451        5000       1  Left 
6   5   100        11637      81954      81955      452        800        1  Left 
0   4   500        11582      81954      82355      453        2500       1  Right
9   0   100        11594      82355      82455      455        300        1  Right
3   12  500        11695      81955      82456      453        500        1  Right
9   1   100        11692      82455      82555      455        600        1  Left 
5   0   100        11606      82455      82556      455        100        1  Right
6   1   100        11698      82555      82656      457        200        1  Left 
4   0   100        11638      82556      82657      458        500        1  Right
5   6   500        11658      82656      83157      459        4000       1  Left 
0   9   500        11645      82657      83158      460        1500       1  Right
6   1   100        11698      83157      83258      461        200        1  Left 
0   5   500        11647      83158      83659      462        500        1  Right
6   7   500        11703      83258      83759      463        3000       1  Left 
6   2   100        11798      83759      83859      465        700        1  Left 
0   4   500        11674      83659      84160      464        2500       1  Right
5   0   100        11702      84160      84260      467        100        1  Right
15  7   500        11800      83859      84360      466        2500       1  Right
4   0   100        11711      84260      84361      468        500        1  Right
12  0   100        11719      84361      84461      470        600        1  Right
1   9   500        11738      84361      84862      470        3000       1  Left 
0   5   500        11743      84461      84962      471        500        1  Right
1   6   500        11741      84862      85363      472        1000       1  Left 
0   4   500        11749      84962      85463      473        2500       1  Right
1   6   500        11747      85363      85864      474        1000       1  Left 
0   12  500        11755      85463      85964      475        3000       1  Right
9   1   100        11785      85864      85965      476        600        1  Left 
5   0   100        11785      85964      86065      477        100        1  Right
1   9   500        11831      85965      86466      477        3000       1  Left 
0   5   500        11826      86065      86566      478        500        1  Right
4   0   100        11802      86566      86666      481        500        1  Right
2   6   500        11834      86466      86967      479        3500       1  Left 
12  1   100        11843      86967      87067      482        100        1  Right
0   4   500        11838      86666      87167      481        2500       1  Right
6   0   100        11825      87167      87267      484        700        1  Right
1   12  500        11874      87067      87568      483        500        1  Right
0   6   500        11871      87267      87768      485        3500       1  Right
0   3   100        11872      87768      87868      487        500        1  Right
1   12  500        11925      87568      88069      484        500        1  Right
6   0   500        11873      87868      88070      488        3500       1  Right
4   0   100        11898      88070      88170      490        500        1  Right
1   5   500        11925      88069      88271      487        3000       1  Right
0   4   500        11934      88170      88671      489        2500       1  Right
9   1   100        11882      88671      88771      493        600        1  Left 
0   2   100        11960      88671      88772      491        200        1  Right
1   9   500        11928      88771      89272      492        3000       1  Left 
5   1   100        11883      89272      89372      496        600        1  Right
4   0   100        11978      89272      89373      494        500        1  Right
12  1   100        11894      89372      89473      497        100        1  Right
3   1   100        11924      89473      89573      497        200        1  Right
0   4   500        12014      89373      89874      494        2500       1  Right
1   3   500        11937      89573      90074      498        1000       1  Right
12  1   100        11957      90074      90174      500        100        1  Right
3   0   100        12017      90074      90175      498        500        1  Right
3   11  100        12051      90175      90275      500        700        1  Right
8   9   500        12039      89874      90375      497        500        1  Right
9   3   100        12014      90375      90475      502        800        1  Right
9   8   100        12018      90475      90575      503        100        1  Right
3   8   100        12051      90575      90675      504        900        1  Right
1   12  500        11988      90174      90676      501        500        1  Right
6   0   100        12078      90675      90677      505        700        1  Right
5   1   100        11973      90676      90678      508        600        1  Right
1   5   500        12012      90678      91178      508        3000       1  Right
12  1   100        12020      91178      91278      509        100        1  Right
12  3   100        12028      91278      91378      510        100        1  Right
5   1   100        12044      91278      91379      510        1000       1  Left 
4   1   100        12050      91379      91479      512        400        1  Left 
0   3   500        12048      91379      91879      512        2500       1  Right
11  3   100        12065      91879      91979      514        700        1  Right
1   12  500        12051      91479      91980      513        500        1  Right
8   3   100        12083      91979      92080      515        900        1  Right
9   1   100        12065      92080      92180      517        600        1  Left 
1   5   500        12080      92180      92181      518        3000       1  Right
0   6   500        12124      92180      92182      516        3500       1  Right
3   1   100        12087      92181      92282      519        200        1  Right
8   5   500        12161      92182      92683      518        2500       1  Right
1   4   500        12083      92282      92783      521        2000       1  Left 
1   9   500        12111      92783      93283      521        3000       1  Left 
1   3   500        12113      93283      93783      522        1000       1  Right
4   1   100        12123      93783      93883      523        400        1  Left 
3   9   100        12124      93783      93884      523        800        1  Right
5   3   100        12126      93884      93984      525        400        1  Right
5   8   100        12130      93984      94084      526        500        1  Right
5   3   100        12131      94084      94184      527        400        1  Right
3   0   100        12150      94184      94284      528        500        1  Right
1   4   500        12154      93883      94384      524        2000       1  Left 
3   7   100        12159      94284      94385      529        200        1  Right
9   1   100        12160      94384      94485      530        600        1  Left 
4   1   100        12181      94485      94585      532        400        1  Left 
0   3   500        12181      94385      94886      531        2500       1  Right
1   9   500        12206      94585      95086      532        3000       1  Left 
6   0   100        12186      95086      95186      535        700        1  Right
7   3   500        12182      94886      95387      534        1000       1  Right
7   0   100        12186      95387      95487      537        300        1  Right
1   4   500        12212      95186      95687      534        2000       1  Left 
3   5   500        12228      95487      95988      536        2000       1  Right
0   6   500        12232      95687      96188      537        3500       1  Right
4   3   100        12258      96188      96288      539        600        1  Left 
4   8   100        12262      96288      96388      540        100        1  Right
4   3   100        12263      96388      96488      541        600        1  Left 
2   0   500        12241      96188      96688      539        1000       1  Right
3   4   500        12287      96488      96989      542        3000       1  Left 
0   7   500        12246      96688      97189      543        1500       1  Right
0   2   100        12269      97189      97289      545        200        1  Right
3   12  500        12313      96989      97489      543        500        1  Right
8   4   500        12300      96989      97490      544        500        1  Right
6   0   100        12280      97489      97590      547        900        1  Left 
12  3   100        12330      97590      97690      548        100        1  Right
3   14  100        12351      97690      97790      549        100        1  Right
14  3   100        12369      97790      97890      550        100        1  Right
12  3   100        12392      97890      97990      551        100        1  Right
0   6   500        12326      97590      98090      548        3500       1  Right
3   12  100        12400      97990      98091      552        100        1  Right
7   0   100        12356      98090      98191      553        300        1  Right
12  8   100        12396      98091      98192      554        600        1  Left 
0   7   500        12407      98191      98692      555        1500       1  Right
3   4   500        12405      98192      98693      556        3000       1  Left 
6   0   100        12372      98693      98793      558        700        1  Right
12  1   100        12473      98693      98794      558        100        1  Right
3   9   100        12413      98793      98795      559        800        1  Right
8   12  500        12432      98794      99196      560        3000       1  Left 
3   4   100        12414      99196      99296      562        600        1  Left 
3   5   100        12456      99296      99396      563        400        1  Right
3   12  100        12492      99396      99496      564        100        1  Right
3   12  100        12495      99496      99596      565        100        1  Right
0   6   500        12418      99296      99796      563        3500       1  Right
1   12  500        12504      99596      100097     566        500        1  Right
4   3   500        12427      99796      100297     567        5000       1  Right
9   3   500        12439      100297     100797     569        4000       1  Right
8   3   100        12449      100797     100897     570        700        1  Left 
6   0   100        12469      100897     100997     571        700        1  Right
12  3   500        12503      100897     101398     571        500        1  Right
0   6   500        12515      100997     101498     572        3500       1  Right
7   0   100        12522      101498     101598     574        300        1  Right
3   8   500        12532      101498     101999     574        3500       1  Left 
2   0   500        12546      101598     102099     575        1000       1  Right
6   0   100        12561      102099     102199     577        700        1  Right
3   5   100        12774      102099     102200     576        400        1  Right
6   1   100        12649      102199     102300     577        200        1  Left 
0   2   100        12569      102200     102301     579        200        1  Right
6   1   100        12743      102300     102401     579        200        1  Left 
6   1   100        12824      102401     102501     580        200        1  Left 
0   7   500        12583      102301     102802     581        1500       1  Right
0   6   500        12607      102802     103302     583        3500       1  Right
7   0   100        12634      103302     103402     584        300        1  Right
1   6   500        12690      103302     103803     584        1000       1  Left 
0   7   500        12685      103402     103903     585        1500       1  Right
7   3   100        12738      103903     104003     587        200        1  Right
1   6   500        12787      103803     104304     586        1000       1  Left 
2   0   500        12846      103903     104405     586        1000       1  Right
3   7   500        12821      104003     104504     587        1000       1  Right
1   6   500        12865      104304     104805     588        1000       1  Left 
0   1   100        12874      104805     104806     591        900        1  Left 
5   3   500        12787      104504     104906     591        2000       1  Right
0   6   100        12875      104806     104907     592        700        1  Right
3   5   100        12947      104906     105007     593        400        1  Right
7   0   100        12860      105007     105107     595        300        1  Right
6   3   100        12916      105007     105108     595        400        1  Left 
6   3   100        12921      105108     105208     597        400        1  Left 
0   7   500        12911      105107     105608     596        1500       1  Right
3   7   100        12947      105608     105708     599        200        1  Right
3   6   500        12952      105708     106208     600        2000       1  Left 
5   3   100        12960      106208     106308     601        400        1  Right
7   3   100        12973      106308     106408     602        200        1  Right
7   1   100        12981      106408     106508     603        400        1  Right
7   3   100        12982      106508     106608     604        200        1  Right
3   6   100        13009      106608     106708     605        400        1  Left 
3   6   100        13020      106708     106808     606        400        1  Left 
1   7   500        13027      106808     107308     607        2000       1  Right
6   3   500        13038      107308     107808     608        2000       1  Left 
3   7   500        13077      107808     108308     609        1000       1  Right
1   0   500        13146      107808     108309     609        4500       1  Left 
7   1   100        13156      108309     108409     611        400        1  Right
7   1   100        13249      108409     108509     612        400        1  Right
7   1   100        13342      108509     108609     611        400        1  Right
7   3   100        13350      108609     108709     612        200        1  Right
6   0   500        13175      108309     108810     611        3500       1  Right
0   7   100        13169      108810     108910     616        300        1  Right
1   7   500        13202      108910     109410     617        2000       1  Right
1   7   500        13295      109410     109910     618        2000       1  Right
1   7   500        13388      109910     110410     617        2000       1  Right
7   0   500        13481      110410     110910     618        1500       1  Right
0   1   100        13532      110910     111010     619        700        1  Right
3   7   500        13647      111010     111510     620        1000       1  Right
1   0   500        13804      111010     111511     620        4500       1  Left 
7   3   100        13679      111510     111611     621        200        1  Right
3   6   100        13715      111611     111711     623        400        1  Left 
6   3   100        13733      111711     111811     624        400        1  Left 
7   3   100        13741      111811     111911     625        200        1  Right
7   8   100        13745      111911     112011     626        700        1  Right
12  3   100        13785      111911     112012     626        100        1  Right
7   1   100        13792      112011     112112     627        1200       1  Left 
3   7   100        13764      112112     112212     629        200        1  Right
3   12  100        13777      112212     112312     630        100        1  Right
8   7   500        13766      112212     112712     630        3500       1  Right
3   8   100        13777      112712     112812     632        700        1  Left 
0   7   100        13827      112712     112813     631        300        1  Right
8   3   100        13808      112812     112913     633        700        1  Left 
8   3   100        14747      112913     113013     628        700        1  Left 
7   0   500        14139      112813     113314     630        1500       1  Right
0   6   100        14189      113314     113414     633        700        1  Right
1   7   500        13838      113314     113814     636        2000       1  Right
3   7   100        13849      113814     113914     638        200        1  Right
0   1   100        14190      113814     113915     635        900        1  Left 
3   7   100        14788      113914     114015     633        200        1  Right
1   0   500        14213      113915     114416     637        4500       1  Left 
7   3   500        14811      114015     114516     635        1000       1  Right
0   1   100        14236      114416     114517     639        900        1  Left 
6   0   500        14486      114517     115017     638        3500       1  Right
1   0   500        14508      115017     115517     639        3500       1  Right
0   1   100        14528      115517     115617     640        700        1  Right
0   1   100        14530      115617     115717     641        700        1  Right
1   0   500        14800      115717     116217     642        3500       1  Right
1   0   500        14811      116217     116717     643        3500       1  Right
0   2   100        14829      116717     116817     644        200        1  Right
3   8   500        14855      116717     117218     644        3500       1  Left 
2   0   500        15106      116817     117318     641        1000       1  Right
0   1   100        15146      117318     117418     643        700        1  Right
0   2   100        15149      117418     117518     644        200        1  Right
1   0   500        15418      117518     118018     643        3500       1  Right
2   0   500        15426      118018     118518     644        1000       1  Right
0   1   100        15437      118518     118618     645        700        1  Right
1   0   500        15458      118618     119118     646        3500       1  Right
0   1   100        15490      119118     119218     647        700        1  Right
1   0   500        15762      119218     119718     643        3500       1  Right
0   8   100        15788      119718     119818     644        400        1  Right
0   2   100        15790      119818     119918     645        200        1  Right
2   0   500        16068      119918     120418     645        1000       1  Right
0   2   100        16092      120418     120518     646        200        1  Right
0   6   100        16093      120518     120618     647        700        1  Right
8   0   500        16115      120618     121118     647        2000       1  Right
2   0   500        16369      121118     121618     647        1000       1  Right
6   0   500        16392      121618     122118     648        3500       1  Right
0   2   100        16402      122118     122218     649        200        1  Right
2   0   500        16679      122218     122718     650        1000       1  Right
0   8   100        16704      122718     122818     651        400        1  Right
0   2   100        16706      122818     122918     652        200        1  Right
2   0   500        16984      122918     123418     651        1000       1  Right
0   1   100        17018      123418     123518     652        700        1  Right
8   0   500        17031      123518     124018     653        2000       1  Right
0   2   100        17090      124018     124118     654        200        1  Right
1   0   500        17290      124118     124618     653        3500       1  Right
2   0   500        17367      124618     125118     653        1000       1  Right
0   2   100        17398      125118     125218     654        200        1  Right
2   0   500        17675      125218     125718     652        1000       1  Right
0   2   100        17702      125718     125818     653        200        1  Right
2   0   500        17979      125818     126318     652        1000       1  Right
0   2   100        18010      126318     126418     653        200        1  Right
2   0   500        18287      126418     126918     653        1000       1  Right
0   2   100        18320      126918     127018     654        200        1  Right
0   6   100        18322      127018     127118     655        700        1  Right
2   0   500        18597      127118     127618     654        1000       1  Right
6   0   500        18620      127618     128118     654        3500       1  Right
0   8   100        18624      128118     128218     655        400        1  Right
0   2   100        18624      128218     128318     656        200        1  Right
2   0   500        18904      128318     128818     655        1000       1  Right
0   2   100        18931      128818     128918     654        200        1  Right
8   0   500        18951      128918     129418     655        2000       1  Right
2   0   500        19208      129418     129918     653        1000       1  Right
0   2   100        19230      129918     130018     653        200        1  Right
2   0   500        19507      130018     130518     650        1000       1  Right
0   2   100        19821      130518     130618     645        200        1  Right
2   0   500        20098      130618     131118     643        1000       1  Right
0   2   100        20121      131118     131218     644        200        1  Right
2   0   500        20398      131218     131718     643        1000       1  Right
0   2   100        20425      131718     131818     644        200        1  Right
2   0   500        20702      131818     132318     645        1000       1  Right
0   2   100        20729      132318     132418     646        200        1  Right
2   0   500        21006      132418     132918     643        1000       1  Right
0   3   100        21028      132918     133018     644        500        1  Right
0   8   100        21030      133018     133118     645        400        1  Right
3   0   500        21320      133118     133618     646        2500       1  Right
0   3   100        21348      133618     133718     647        500        1  Right
8   0   500        21358      133718     134218     648        2000       1  Right
