
16
C:/Users/nxconrad/Desktop/REU 2.0/Benchmark Data/16-core/7/flow_freqmine100#3.txt
745
[14, 2, 6, 4, 5, 8, 11, 12, 3, 15, 9, 13, 10, 0, 1, 7]
6   3   500        9399       9401       9901       0          3000       1  Right
0   8   100        9400       9901       9902       1          800        1  Right
4   14  500        9401       9901       10302      0          1500       1  Right
1   7   500        9401       9901       10303      0          500        1  Right
15  3   500        9428       9902       10402      1          500        1  Right
0   13  500        9411       9902       10404      1          1000       1  Right
9   0   100        9424       10404      10504      5          300        1  Right
9   1   100        9426       10504      10604      6          400        1  Right
13  0   100        9457       10604      10704      7          200        1  Right
2   11  500        9400       10302      10804      2          2500       1  Right
3   15  500        9432       10402      10903      4          500        1  Right
7   2   100        9478       10804      10904      9          200        1  Left 
0   11  100        9417       10903      11004      10         700        1  Right
11  6   100        9430       11004      11005      12         1200       1  Left 
4   8   500        9408       10804      11006      9          1000       1  Right
6   12  500        9433       11005      11306      13         5500       1  Left 
1   8   100        9416       11306      11406      15         700        1  Left 
0   13  500        9488       11306      11806      15         1000       1  Right
15  12  500        9443       11306      11807      15         1000       1  Right
1   5   500        9428       11406      11908      16         3000       1  Left 
8   6   500        9456       11908      12408      19         1500       1  Right
1   9   500        9473       11908      12409      19         2000       1  Right
6   7   500        9464       12408      12908      20         1500       1  Left 
8   15  500        9458       12408      12909      20         2000       1  Right
0   5   100        9488       12908      13009      22         700        1  Left 
3   15  100        9485       12909      13010      23         100        1  Right
11  6   100        9467       13009      13110      24         400        1  Right
12  15  100        9495       13010      13111      25         200        1  Right
5   0   100        9489       13110      13211      26         700        1  Left 
2   8   100        9491       13211      13311      28         400        1  Right
13  0   100        9519       13211      13312      28         200        1  Right
2   7   500        9519       13311      13811      29         1000       1  Left 
6   11  500        9498       13311      13812      29         2000       1  Right
8   1   500        9500       13812      14312      32         3500       1  Left 
6   1   100        9517       14312      14412      33         400        1  Left 
9   4   100        9521       14312      14413      33         700        1  Right
1   6   500        9558       14412      14414      34         2000       1  Left 
0   5   500        9532       14413      14415      35         4500       1  Right
7   6   100        9566       14414      14416      36         300        1  Left 
4   9   500        9552       14415      14816      37         3500       1  Right
0   13  500        9550       14415      14817      37         1000       1  Right
8   2   500        9537       14816      15317      39         2000       1  Right
5   0   100        9573       15317      15417      41         700        1  Left 
13  0   100        9586       15417      15517      42         200        1  Right
7   5   100        9591       15417      15518      42         500        1  Left 
10  5   100        9605       15518      15618      44         800        1  Right
14  4   100        9617       15518      15619      44         300        1  Right
14  6   100        9618       15619      15719      46         200        1  Right
0   5   500        9614       15618      16119      45         4500       1  Right
4   14  500        9653       15719      16220      47         1500       1  Right
0   13  500        9617       16119      16620      48         1000       1  Right
6   11  500        9606       16220      16721      49         2000       1  Right
6   0   100        9609       16721      16821      51         500        1  Left 
6   8   100        9611       16821      16921      52         300        1  Right
1   11  500        9655       16821      16922      52         4000       1  Right
5   7   500        9617       16921      17022      53         2500       1  Left 
13  0   100        9656       16922      17023      54         200        1  Right
4   8   100        9675       17022      17123      55         200        1  Right
6   10  500        9617       17023      17524      56         3000       1  Left 
6   1   100        9618       17524      17624      58         400        1  Left 
0   4   100        9635       17624      17625      59         600        1  Left 
5   10  500        9626       17524      17926      58         4000       1  Right
2   8   100        9682       17926      18026      61         400        1  Right
1   0   500        9684       17625      18126      60         500        1  Right
11  1   100        9619       18126      18226      63         800        1  Right
8   1   100        9646       18226      18326      64         900        1  Right
5   1   100        9655       18326      18426      65         1000       1  Right
10  1   100        9668       18426      18526      66         200        1  Right
2   14  500        9718       18026      18527      62         500        1  Right
10  1   100        9668       18526      18627      67         200        1  Right
8   2   100        9646       18527      18628      68         400        1  Right
8   4   100        9646       18628      18728      70         200        1  Right
14  2   100        9692       18628      18729      70         100        1  Right
8   15  100        9646       18728      18829      71         400        1  Right
0   13  500        9687       18627      19128      69         1000       1  Right
0   14  100        9719       19128      19228      74         300        1  Left 
6   4   500        9650       18728      19230      71         500        1  Right
3   15  500        9686       18829      19330      73         500        1  Right
4   1   100        9683       19230      19331      76         500        1  Left 
8   0   500        9750       19330      19831      77         4000       1  Right
1   8   100        9684       19831      19931      79         700        1  Left 
15  8   100        9693       19931      20031      80         400        1  Right
1   6   500        9695       19931      20432      80         2000       1  Left 
15  3   500        9792       20031      20532      81         500        1  Right
1   5   500        9698       20432      20933      82         3000       1  Left 
15  12  500        9807       20532      21033      83         1000       1  Right
11  2   100        9703       20933      21034      84         500        1  Right
1   10  500        9709       20933      21434      84         1000       1  Right
13  1   100        9714       21434      21534      87         300        1  Right
6   11  500        9712       21034      21535      86         2000       1  Right
1   10  500        9716       21534      22035      88         1000       1  Right
2   11  500        9734       21535      22036      89         2500       1  Right
3   7   100        9836       22035      22136      90         700        1  Right
14  6   100        9741       22036      22137      91         200        1  Right
14  6   100        9745       22137      22138      93         200        1  Right
1   4   500        9727       22136      22538      92         5500       1  Right
8   6   100        9754       22538      22638      95         300        1  Right
3   15  100        9937       22538      22639      93         100        1  Right
9   4   100        9773       22639      22739      97         700        1  Right
9   6   100        9774       22739      22839      98         800        1  Right
11  6   100        9781       22839      22939      99         400        1  Right
1   13  500        9740       22538      23038      95         1500       1  Right
6   1   100        9747       23038      23039      101        400        1  Left 
0   5   500        9796       23038      23040      101        4500       1  Right
1   6   500        9788       23039      23041      102        2000       1  Left 
0   4   100        9796       23040      23042      103        1000       1  Right
6   0   100        9751       23042      23142      105        500        1  Left 
11  5   100        9806       23042      23143      105        200        1  Right
10  2   100        9766       23142      23243      106        500        1  Left 
5   0   100        9755       23243      23343      108        700        1  Left 
10  0   100        9793       23343      23443      109        100        1  Right
13  1   100        9797       23443      23543      110        300        1  Right
6   14  500        9787       23343      23843      109        1000       1  Right
5   11  500        9832       23343      23845      109        1000       1  Right
1   13  500        9823       23543      24044      111        1500       1  Right
4   0   100        9798       24044      24045      114        1000       1  Right
13  1   100        9849       24045      24046      115        300        1  Right
6   7   500        9841       23843      24047      112        1500       1  Left 
4   9   500        9804       24045      24048      115        3500       1  Right
1   13  500        9875       24046      24148      116        1500       1  Right
6   14  500        9917       24047      24248      115        1000       1  Right
0   8   100        9807       24148      24249      119        800        1  Right
7   5   100        9842       24248      24349      120        500        1  Left 
13  3   100        9911       24249      24350      119        300        1  Right
13  8   100        9915       24350      24450      121        600        1  Right
2   10  500        9807       24349      24850      122        2500       1  Left 
6   8   500        9969       24450      24950      122        1500       1  Right
15  3   500        9966       24450      24951      122        500        1  Right
12  7   100        9846       24950      25050      126        800        1  Left 
9   2   100        9848       25050      25150      128        900        1  Right
0   10  500        9839       24850      25352      125        500        1  Right
1   5   500        9889       25150      25651      129        3000       1  Left 
0   4   500        9844       25651      26151      131        3000       1  Left 
5   0   100        9850       26151      26251      132        700        1  Left 
5   1   100        9852       26251      26351      133        600        1  Left 
5   7   500        9868       26351      26851      134        2500       1  Left 
4   0   100        9886       26851      26951      135        600        1  Left 
2   9   500        9889       26951      27451      136        3500       1  Left 
4   5   500        9957       26951      27452      134        500        1  Right
7   1   100        9913       27451      27552      135        100        1  Right
7   1   100        9913       27552      27652      137        100        1  Right
14  1   100        9945       27652      27752      138        200        1  Left 
0   4   500        9922       27452      27953      136        5000       1  Right
9   6   100        9929       27953      28053      140        800        1  Right
5   4   100        9933       28053      28153      141        100        1  Right
1   14  500        9966       27752      28154      139        1000       1  Left 
0   6   100        9950       28153      28155      142        1100       1  Right
14  2   100        9999       28154      28254      143        100        1  Right
0   9   100        10022      28155      28255      144        300        1  Right
8   6   100        9956       28155      28256      144        300        1  Right
1   7   500        9972       28154      28655      143        500        1  Right
8   13  500        10003      28256      28756      147        3000       1  Right
2   14  500        10025      28254      28757      145        500        1  Right
3   13  100        10010      28756      28856      149        300        1  Right
11  5   100        10057      28756      28857      149        200        1  Right
9   6   100        10060      28857      28957      152        800        1  Right
1   7   500        9975       28655      29157      148        500        1  Right
4   1   100        9958       29157      29257      154        500        1  Left 
5   11  500        10083      28957      29458      153        1000       1  Right
1   4   500        9999       29257      29758      155        2500       1  Left 
7   2   100        10020      29758      29759      157        200        1  Left 
6   1   100        10021      29758      29760      157        1200       1  Right
14  2   100        10052      29759      29860      158        100        1  Right
4   0   100        10032      29760      29861      159        1000       1  Right
7   0   100        10036      29861      29961      161        200        1  Right
10  0   100        10046      29961      30061      162        100        1  Right
6   14  500        10049      29860      30361      160        1000       1  Right
0   4   500        10070      30061      30362      163        5000       1  Right
1   6   500        10062      30361      30662      164        2000       1  Left 
6   9   500        10060      30662      31162      166        4000       1  Right
2   7   500        10063      30662      31163      166        1000       1  Left 
6   9   500        10081      31162      31663      167        4000       1  Right
0   7   500        10087      31163      31663      168        1000       1  Right
2   14  500        10078      31163      31664      168        500        1  Right
6   11  500        10093      31663      32163      169        2000       1  Right
0   10  500        10092      31663      32164      169        500        1  Right
9   1   100        10101      32163      32264      171        1200       1  Left 
0   6   100        10099      32264      32364      173        500        1  Left 
14  6   100        10104      32364      32464      174        200        1  Right
14  5   100        10129      32464      32564      175        400        1  Right
7   3   500        10138      32364      32865      174        3500       1  Right
5   14  500        10170      32564      33065      176        2000       1  Right
1   9   500        10147      32865      33366      177        2000       1  Right
7   12  500        10153      33065      33566      178        4000       1  Left 
6   0   100        10116      33566      33666      180        500        1  Left 
4   0   100        10117      33666      33766      181        600        1  Left 
4   1   100        10119      33766      33866      182        500        1  Left 
10  0   100        10156      33766      33867      182        100        1  Right
11  1   100        10128      33866      33967      183        800        1  Left 
11  1   100        10128      33967      34067      185        800        1  Right
4   5   500        10206      33967      34468      185        500        1  Right
0   6   500        10162      34067      34568      186        2500       1  Left 
1   4   500        10151      34568      34569      188        2500       1  Left 
8   0   500        10165      34568      34570      188        4000       1  Right
5   4   100        10185      34569      34670      189        100        1  Right
5   6   100        10186      34670      34770      191        200        1  Right
1   11  500        10164      34570      35071      190        4000       1  Right
1   11  500        10167      35071      35571      193        4000       1  Right
3   7   100        10184      35571      35671      194        700        1  Right
6   9   500        10201      35671      36171      195        4000       1  Right
0   10  500        10202      35671      36172      195        500        1  Right
12  7   100        10204      36171      36272      196        800        1  Left 
9   2   100        10205      36272      36372      198        700        1  Left 
6   0   100        10211      36372      36472      199        500        1  Left 
11  2   100        10216      36472      36572      200        500        1  Right
0   8   100        10222      36572      36672      201        800        1  Right
5   2   100        10230      36572      36673      201        300        1  Right
11  0   100        10232      36672      36773      202        700        1  Right
6   1   100        10315      36673      36774      201        400        1  Left 
15  8   100        10557      36773      36873      199        400        1  Right
10  0   100        10249      36773      36874      204        100        1  Right
7   0   100        10289      36874      36974      207        200        1  Right
10  0   100        10341      36974      37074      206        100        1  Right
2   9   500        10246      36873      37374      206        4500       1  Right
2   11  500        10249      37374      37874      210        2500       1  Right
0   6   500        10261      37874      38374      211        2500       1  Left 
2   5   500        10261      38374      38874      212        1500       1  Right
0   11  500        10273      38374      38875      212        3500       1  Right
2   4   500        10494      38874      39375      209        1000       1  Right
0   10  500        10295      38875      39376      214        500        1  Right
9   6   100        10293      39375      39476      215        800        1  Right
5   6   100        10298      39476      39576      217        200        1  Right
9   5   100        10318      39576      39676      216        600        1  Right
0   5   100        10324      39676      39776      217        700        1  Left 
0   7   500        10340      39776      40276      218        1000       1  Right
5   9   500        10344      39776      40277      218        3000       1  Right
5   6   100        10352      40277      40377      220        200        1  Right
0   10  500        10387      40276      40777      219        500        1  Right
1   6   500        10358      40377      40878      221        2000       1  Left 
6   5   500        10376      40878      41378      223        1000       1  Right
14  5   100        10380      41378      41478      224        400        1  Right
6   14  500        10391      41478      41978      225        1000       1  Right
6   0   100        10401      41978      42078      225        500        1  Left 
7   0   100        10403      42078      42178      225        200        1  Right
10  0   100        10438      42178      42278      226        100        1  Right
11  0   100        10485      42278      42378      227        700        1  Right
5   14  500        10421      42078      42579      225        2000       1  Right
4   6   100        10444      42579      42679      229        100        1  Right
7   3   500        10490      42378      42879      228        3500       1  Right
14  1   100        10481      42879      42979      231        200        1  Left 
14  1   100        10481      42979      43079      232        200        1  Left 
6   5   500        10463      42679      43180      230        1000       1  Right
1   14  500        10502      43079      43181      233        1000       1  Left 
0   6   500        10448      43180      43182      234        5500       1  Right
4   2   100        10468      43182      43282      236        200        1  Right
6   0   100        10500      43282      43283      237        1100       1  Right
4   6   100        10530      43283      43383      237        100        1  Right
1   14  500        10505      43181      43483      234        1000       1  Left 
14  2   100        10520      43483      43583      239        100        1  Right
0   7   500        10454      43483      43983      240        1000       1  Right
5   1   100        10483      43983      44083      242        1000       1  Right
2   14  500        10546      43583      44084      240        500        1  Right
6   1   100        10502      44084      44184      244        400        1  Left 
0   10  500        10484      44083      44584      243        500        1  Right
7   12  500        10505      44184      44685      244        4000       1  Left 
7   0   100        10511      44685      44785      246        200        1  Right
10  0   100        10530      44785      44885      247        100        1  Right
14  0   100        10536      44885      44985      248        300        1  Left 
10  1   100        10636      44985      45085      248        200        1  Right
6   9   500        10565      44685      45186      246        4000       1  Right
1   5   500        10519      45186      45187      251        3000       1  Left 
0   11  500        10526      45186      45188      251        3500       1  Right
1   6   500        10550      45187      45688      252        2000       1  Left 
8   0   500        10549      45188      45689      253        4000       1  Right
5   2   100        10572      45688      45789      254        300        1  Right
3   7   100        10547      45689      45790      255        700        1  Right
9   5   100        10569      45790      45890      257        600        1  Right
4   6   500        10624      45789      46290      255        500        1  Right
0   14  500        10562      45790      46291      257        1500       1  Left 
5   9   500        10595      45890      46391      258        3000       1  Right
12  7   100        10569      46391      46491      261        800        1  Right
6   5   500        10587      46391      46892      261        1000       1  Right
8   15  500        10608      46491      46991      261        2000       1  Right
0   7   500        10569      46491      46992      262        1000       1  Right
6   4   100        10593      46892      46994      263        100        1  Right
1   8   100        10589      46994      47094      266        700        1  Left 
0   10  500        10576      46992      47493      265        500        1  Right
11  0   100        10583      47493      47593      268        700        1  Right
2   5   500        10603      47094      47595      266        1500       1  Right
7   0   100        10632      47593      47694      268        200        1  Right
2   8   100        10617      47595      47696      269        400        1  Right
9   1   100        10640      47694      47795      270        400        1  Right
5   6   100        10648      47696      47797      271        200        1  Right
0   2   100        10603      47795      47896      272        400        1  Left 
4   6   100        10658      47797      47898      273        100        1  Right
0   2   100        10606      47896      47997      274        400        1  Left 
0   11  500        10624      47997      48497      276        3500       1  Right
0   4   100        10626      48497      48597      277        600        1  Left 
9   1   100        10640      48597      48697      278        400        1  Right
6   4   500        10684      48597      49098      278        500        1  Right
8   1   500        10648      48697      49198      279        4500       1  Right
11  0   100        10666      49198      49298      281        700        1  Right
6   4   500        10725      49098      49599      279        500        1  Right
1   10  500        10677      49298      49799      282        1000       1  Right
8   2   500        10677      49599      50100      283        2000       1  Right
9   2   100        10742      50100      50200      284        900        1  Right
0   7   500        10683      49799      50300      284        1000       1  Right
1   9   500        10686      50300      50800      287        2000       1  Right
1   9   500        10689      50800      51300      288        2000       1  Right
0   11  500        10715      51300      51800      288        3500       1  Right
1   4   500        10752      51300      51801      288        2500       1  Left 
10  1   100        10719      51801      51901      290        200        1  Right
7   0   100        10732      51901      52001      291        200        1  Right
2   9   500        10783      51801      52302      290        4500       1  Right
1   10  500        10760      52001      52502      292        1000       1  Right
11  0   100        10757      52502      52602      294        700        1  Right
9   0   100        10758      52602      52702      295        300        1  Right
6   4   500        10807      52302      52803      292        500        1  Right
0   7   500        10783      52702      53203      296        1000       1  Right
14  0   100        10789      53203      53303      298        300        1  Left 
2   4   500        10821      52803      53304      296        1000       1  Right
4   1   100        10721      53304      53404      300        500        1  Left 
4   2   100        10795      53404      53504      301        200        1  Right
6   4   100        10845      53504      53604      301        100        1  Right
4   6   100        10862      53604      53704      302        100        1  Right
0   11  500        10798      53303      53804      299        3500       1  Right
10  1   100        10800      53804      53904      305        200        1  Right
4   6   500        10871      53704      54205      303        500        1  Right
4   5   100        10887      54205      54305      306        100        1  Right
6   2   100        10900      54205      54306      306        100        1  Right
0   9   500        10809      53904      54405      305        1500       1  Right
5   4   500        10908      54305      54807      305        500        1  Right
0   14  500        10815      54405      54906      309        1500       1  Left 
7   0   100        10836      54906      55006      311        200        1  Right
6   5   500        10922      54807      55308      308        1000       1  Right
1   10  500        10841      55006      55507      312        1000       1  Right
7   3   500        10853      55308      55809      313        4500       1  Left 
11  0   100        10844      55809      55909      315        700        1  Right
14  0   100        10858      55909      56009      316        300        1  Left 
10  3   100        10892      55909      56010      316        400        1  Right
10  8   100        10896      56010      56011      318        700        1  Right
6   4   500        11144      55809      56012      310        500        1  Right
2   0   500        10880      56009      56213      317        2000       1  Left 
8   10  500        10922      56011      56313      317        3500       1  Right
8   3   100        10960      56313      56413      320        300        1  Right
0   14  500        10884      56213      56714      321        1500       1  Left 
7   12  500        10868      56714      57214      324        4000       1  Right
3   0   100        10885      57214      57314      325        500        1  Right
0   11  500        10887      57314      57814      326        3500       1  Right
3   8   100        10923      57814      57914      325        300        1  Right
0   7   500        10887      57814      58314      327        1000       1  Right
2   0   500        10891      58314      58814      329        2000       1  Left 
12  0   100        10905      58814      58914      328        600        1  Right
14  0   100        10911      58914      59014      329        300        1  Left 
0   1   100        10922      59014      59114      330        100        1  Right
11  0   100        10936      59114      59214      331        700        1  Right
2   6   500        10936      58814      59315      328        500        1  Right
0   14  500        10937      59214      59715      332        1500       1  Left 
0   6   100        10941      59715      59815      334        500        1  Left 
10  1   100        10953      59815      59915      335        200        1  Right
14  0   100        10963      59915      60015      336        300        1  Left 
5   1   100        10965      60015      60016      337        600        1  Left 
5   1   100        10965      60016      60017      338        600        1  Left 
5   2   100        11040      60017      60117      336        300        1  Right
0   11  500        10977      60015      60318      337        3500       1  Right
0   14  500        10989      60318      60818      341        1500       1  Left 
1   10  500        10994      60818      61318      342        1000       1  Right
7   0   100        10997      61318      61418      343        200        1  Right
3   10  100        11001      61318      61419      343        400        1  Right
9   0   100        11011      61419      61519      342        300        1  Right
1   5   500        11001      61418      61919      344        3000       1  Left 
1   5   500        11004      61919      62419      345        3000       1  Left 
11  1   100        11014      62419      62519      345        800        1  Right
14  0   100        11020      62519      62619      346        300        1  Left 
10  1   100        11038      62619      62719      347        200        1  Right
2   5   500        11071      62419      62920      345        1500       1  Right
0   14  500        11046      62719      63220      348        1500       1  Left 
0   7   500        11048      63220      63720      350        1000       1  Right
1   11  500        11050      63720      64220      351        4000       1  Right
5   0   100        11056      64220      64320      352        700        1  Left 
11  1   100        11087      64320      64420      353        800        1  Left 
0   9   500        11062      64320      64820      353        1500       1  Right
14  0   100        11072      64820      64920      355        300        1  Left 
5   4   500        11159      64420      64921      354        500        1  Right
1   10  500        11079      64920      65421      356        1000       1  Right
3   10  100        11266      65421      65521      358        400        1  Right
0   5   500        11097      65421      65921      358        3500       1  Left 
4   5   100        11138      65921      66021      360        100        1  Right
0   14  500        11098      65921      66421      360        1500       1  Left 
7   0   100        11104      66421      66521      362        200        1  Right
1   11  500        11123      66521      67021      363        4000       1  Right
14  1   100        11130      67021      67121      364        200        1  Left 
9   0   100        11142      67021      67122      364        300        1  Right
1   14  500        11151      67121      67622      365        1000       1  Left 
6   1   100        11153      67622      67722      367        400        1  Left 
11  1   100        11155      67722      67822      368        800        1  Right
0   7   500        11155      67822      68322      369        1000       1  Right
14  1   100        11173      68322      68422      370        200        1  Left 
0   3   500        11178      68322      68423      370        2500       1  Right
1   11  500        11191      68422      68424      371        4000       1  Left 
0   12  500        11193      68423      68825      372        3000       1  Right
1   14  500        11194      68424      68925      373        1000       1  Left 
11  3   100        11240      68825      68925      374        200        1  Right
4   1   100        11199      68925      69025      375        500        1  Left 
11  8   100        11244      68925      69026      375        100        1  Right
4   1   100        11199      69025      69126      376        500        1  Left 
8   3   100        11255      69026      69127      377        300        1  Right
4   2   100        11269      69126      69226      378        200        1  Right
7   1   100        11204      69126      69227      378        100        1  Right
0   9   500        11193      68825      69326      374        1500       1  Right
6   2   100        11283      69226      69326      380        100        1  Right
14  1   100        11221      69227      69328      381        200        1  Left 
8   11  500        11275      69127      69630      379        500        1  Right
14  3   100        11292      69630      69730      384        800        1  Right
1   0   500        11195      69328      69829      383        500        1  Right
14  8   100        11296      69730      69830      385        500        1  Right
10  3   500        11293      69730      70231      385        2000       1  Right
1   6   500        11205      69830      70331      387        2000       1  Left 
9   0   100        11263      70231      70332      388        300        1  Right
3   0   100        11267      70332      70432      390        500        1  Right
3   13  100        11323      70432      70532      390        300        1  Right
3   11  100        11334      70532      70632      391        200        1  Right
3   11  100        11336      70632      70732      392        200        1  Right
1   4   500        11230      70331      70832      389        2500       1  Left 
0   6   100        11220      70832      70932      395        500        1  Left 
1   4   500        11233      70932      71432      396        2500       1  Left 
0   1   100        11234      71432      71532      397        100        1  Right
2   4   500        11295      71432      71933      397        1000       1  Right
1   14  500        11242      71532      71934      398        1000       1  Left 
0   6   100        11235      71933      71935      399        1100       1  Right
4   0   100        11288      71935      71936      401        1000       1  Right
12  0   100        11294      71936      72036      402        600        1  Right
5   0   100        11309      72036      72136      402        900        1  Right
1   7   500        11250      71934      72336      400        500        1  Right
2   6   500        11319      71935      72338      400        500        1  Right
11  1   100        11311      72338      72339      405        800        1  Left 
0   3   500        11309      72136      72538      403        2500       1  Right
8   14  500        11342      72339      72840      406        2500       1  Right
7   15  100        11320      72840      72841      408        1000       1  Left 
0   9   500        11314      72538      72940      407        1500       1  Right
1   11  500        11347      72841      73342      409        4000       1  Left 
13  3   500        11336      72940      73441      410        1500       1  Right
0   4   500        11324      73342      73843      411        3000       1  Left 
11  3   500        11351      73441      73942      412        1000       1  Right
5   6   500        11407      73843      74343      412        1000       1  Right
15  7   500        11376      73843      74344      413        3000       1  Right
3   14  100        11370      74343      74444      415        800        1  Right
9   0   100        11381      74344      74445      416        300        1  Right
7   6   100        11431      74444      74544      416        300        1  Left 
7   15  100        11573      74544      74644      418        600        1  Right
3   8   500        11385      74444      74945      417        1500       1  Right
15  7   500        11629      74644      75145      419        3000       1  Right
11  1   100        11394      75145      75146      422        800        1  Left 
0   12  500        11330      75145      75147      422        3000       1  Right
3   0   100        11414      75147      75148      423        500        1  Right
1   11  500        11430      75146      75149      422        4000       1  Left 
0   5   500        11350      75149      75649      426        3500       1  Left 
6   5   100        11386      75649      75749      427        200        1  Right
7   15  100        11744      75749      75750      427        1000       1  Left 
0   9   500        11432      75649      76051      426        1500       1  Right
5   0   100        11434      76051      76151      429        700        1  Left 
0   3   500        11445      76151      76651      430        2500       1  Right
12  0   100        11463      76651      76751      431        600        1  Right
0   5   500        11475      76751      77251      432        3500       1  Left 
3   0   100        11478      77251      77351      433        500        1  Right
9   0   100        11492      77351      77451      434        300        1  Right
0   12  500        11499      77451      77951      435        3000       1  Right
0   3   500        11509      77951      78451      436        2500       1  Right
5   0   100        11517      78451      78551      437        700        1  Left 
6   0   500        11520      78551      79051      438        2500       1  Left 
1   0   500        11534      79051      79551      439        500        1  Right
6   0   500        11534      79551      80051      440        2500       1  Left 
12  0   100        11535      80051      80151      441        600        1  Right
4   0   100        11541      80151      80251      442        600        1  Left 
12  3   100        11617      80151      80252      442        100        1  Right
0   9   500        11543      80251      80752      443        1500       1  Right
14  3   500        11656      80252      80753      444        4000       1  Right
3   0   100        11543      80753      80853      446        500        1  Right
0   5   500        11565      80853      81353      447        3500       1  Left 
0   6   100        11567      81353      81453      448        500        1  Left 
6   5   100        11637      81453      81553      449        200        1  Right
0   12  500        11571      81453      81953      449        3000       1  Right
0   4   500        11582      81953      82453      451        3000       1  Left 
9   0   100        11594      82453      82553      452        300        1  Right
3   14  100        11638      82453      82554      452        800        1  Right
0   9   500        11645      82553      83054      453        1500       1  Right
3   12  500        11695      82554      83055      454        500        1  Right
5   0   100        11606      83054      83155      455        700        1  Left 
4   0   100        11638      83155      83255      457        600        1  Left 
0   5   500        11647      83255      83755      458        3500       1  Left 
9   1   100        11692      83755      83855      459        400        1  Right
5   6   500        11658      83755      84255      459        1000       1  Right
1   9   500        11738      83855      84356      460        2000       1  Right
0   4   500        11674      84356      84856      462        3000       1  Left 
6   1   100        11698      84856      84857      463        400        1  Left 
5   0   100        11702      84856      84858      463        900        1  Right
6   1   100        11698      84857      84859      464        400        1  Left 
4   0   100        11711      84858      84860      465        1000       1  Right
12  0   100        11719      84860      84960      467        600        1  Right
6   7   500        11703      84859      85360      466        1500       1  Left 
0   5   500        11743      84960      85361      468        4500       1  Right
1   6   500        11741      85360      85362      469        2000       1  Left 
0   4   500        11749      85361      85363      470        5000       1  Right
1   6   500        11747      85362      85763      471        2000       1  Left 
6   2   100        11798      85763      85863      473        100        1  Right
0   12  500        11755      85363      85864      472        3000       1  Right
5   0   100        11785      85864      85964      475        900        1  Right
9   1   100        11785      85964      86064      476        400        1  Right
2   6   500        11834      85863      86364      472        500        1  Right
15  7   500        11800      86064      86565      477        3000       1  Right
4   0   100        11802      86565      86665      479        600        1  Left 
6   0   100        11825      86665      86765      478        500        1  Left 
0   5   500        11826      86765      87265      479        3500       1  Left 
1   9   500        11831      87265      87765      480        2000       1  Right
0   4   500        11838      87765      88265      481        3000       1  Left 
12  1   100        11843      88265      88365      482        700        1  Right
0   6   500        11871      88365      88865      483        2500       1  Left 
0   3   100        11872      88865      88866      484        500        1  Right
1   12  500        11874      88865      89267      484        4500       1  Left 
6   0   500        11873      89267      89767      486        2500       1  Left 
9   1   100        11882      89767      89867      487        400        1  Right
5   1   100        11883      89867      89967      488        600        1  Left 
12  1   100        11894      89967      90067      489        700        1  Right
4   0   100        11898      90067      90167      490        600        1  Left 
3   1   100        11924      90167      90267      490        600        1  Right
1   12  500        11925      90267      90767      491        3500       1  Right
1   5   500        11925      90767      91267      492        3000       1  Left 
1   9   500        11928      91267      91767      493        2000       1  Right
0   4   500        11934      91767      92267      494        3000       1  Left 
8   9   500        12039      91767      92268      494        2500       1  Right
0   2   100        11960      92267      92368      495        400        1  Left 
1   3   500        11937      92368      92868      497        3000       1  Right
12  1   100        11957      92868      92968      498        700        1  Right
5   1   100        11973      92968      93068      499        600        1  Left 
9   3   100        12014      92968      93069      499        200        1  Right
4   0   100        11978      93068      93169      500        600        1  Left 
9   8   100        12018      93069      93170      501        500        1  Right
0   4   500        12014      93169      93670      502        3000       1  Left 
1   12  500        11988      93670      94170      504        3500       1  Right
3   0   100        12017      94170      94270      505        500        1  Right
3   11  100        12051      94270      94370      506        200        1  Right
3   8   100        12051      94370      94470      507        300        1  Right
1   5   500        12012      94170      94670      505        3000       1  Left 
12  1   100        12020      94670      94770      509        700        1  Right
12  3   100        12028      94770      94870      510        100        1  Right
5   1   100        12044      94770      94871      510        600        1  Left 
4   1   100        12050      94871      94971      512        500        1  Left 
0   3   500        12048      94870      94972      511        2500       1  Right
1   12  500        12051      94971      95073      513        4500       1  Left 
9   1   100        12065      95073      95173      515        400        1  Right
11  3   100        12065      95073      95174      515        200        1  Right
6   0   100        12078      95173      95274      516        500        1  Left 
8   3   100        12083      95174      95275      517        300        1  Right
1   5   500        12080      95274      95775      518        3000       1  Left 
1   4   500        12083      95775      96275      520        2500       1  Left 
8   5   500        12161      95775      96276      520        500        1  Right
3   1   100        12087      96275      96376      521        600        1  Right
1   9   500        12111      96376      96876      523        2000       1  Right
1   3   500        12113      96876      97376      524        3000       1  Right
4   1   100        12123      97376      97476      525        500        1  Left 
3   9   100        12124      97376      97477      525        200        1  Right
5   3   100        12126      97477      97577      527        400        1  Right
5   8   100        12130      97577      97677      528        100        1  Right
5   3   100        12131      97677      97777      529        400        1  Right
0   6   500        12124      97476      97977      526        2500       1  Left 
3   0   100        12150      97977      98077      531        500        1  Right
1   4   500        12154      97977      98478      531        2500       1  Left 
0   3   500        12181      98077      98578      532        2500       1  Right
3   7   100        12159      98578      98678      534        700        1  Right
9   1   100        12160      98678      98679      535        400        1  Right
7   3   500        12182      98678      98680      535        4500       1  Left 
1   9   500        12206      98679      98780      536        2000       1  Right
4   1   100        12181      98780      98880      538        500        1  Left 
6   0   100        12186      98880      98980      539        500        1  Left 
7   0   100        12186      98980      99080      540        200        1  Right
3   5   500        12228      98680      99181      537        2000       1  Right
1   4   500        12212      99080      99581      541        2500       1  Left 
4   3   100        12258      99581      99681      543        500        1  Right
4   8   100        12262      99681      99781      544        200        1  Right
4   3   100        12263      99781      99881      545        500        1  Right
0   6   500        12232      99581      100081     543        2500       1  Left 
3   4   500        12287      99881      100382     546        2500       1  Right
2   0   500        12241      100081     100582     547        2000       1  Left 
3   12  500        12313      100382     100882     548        500        1  Right
8   4   500        12300      100382     100883     548        1000       1  Right
12  3   100        12330      100882     100982     550        100        1  Right
3   14  100        12351      100982     101082     552        800        1  Right
0   7   500        12246      100582     101084     549        1000       1  Right
14  3   100        12369      101082     101183     553        800        1  Right
0   2   100        12269      101183     101283     555        400        1  Left 
12  3   100        12392      101183     101284     555        100        1  Right
6   0   100        12280      101283     101384     556        500        1  Left 
12  8   100        12396      101284     101385     557        200        1  Right
3   12  100        12400      101385     101485     559        100        1  Right
0   6   500        12326      101384     101885     558        2500       1  Left 
7   0   100        12356      101885     101985     561        200        1  Right
3   4   500        12405      101485     101986     560        2500       1  Right
6   0   100        12372      101985     102086     562        500        1  Left 
3   9   100        12413      101986     102087     561        200        1  Right
8   12  500        12432      101986     102487     561        1000       1  Right
0   7   500        12407      102086     102587     563        1000       1  Right
3   4   100        12414      102487     102588     564        500        1  Right
0   6   500        12418      102587     103088     565        2500       1  Left 
4   3   500        12427      102588     103089     566        2500       1  Right
6   0   100        12469      103088     103189     567        500        1  Left 
12  1   100        12473      103189     103289     569        900        1  Left 
9   3   500        12439      103089     103590     568        1000       1  Right
8   3   100        12449      103590     103690     571        300        1  Right
0   6   500        12515      103289     103790     570        2500       1  Left 
3   5   100        12456      103690     103791     572        400        1  Right
7   0   100        12522      103790     103891     573        200        1  Right
3   12  100        12492      103791     103892     574        100        1  Right
3   12  100        12495      103892     103992     576        100        1  Right
2   0   500        12546      103891     104392     575        2000       1  Left 
6   0   100        12561      104392     104492     578        500        1  Left 
12  3   500        12503      103992     104493     577        500        1  Right
0   2   100        12569      104492     104593     579        400        1  Left 
3   8   500        12532      104493     104994     580        1500       1  Right
0   7   500        12583      104593     105094     581        1000       1  Right
3   5   100        12774      104994     105095     582        400        1  Right
0   6   500        12607      105094     105595     583        2500       1  Left 
1   12  500        12504      105595     106095     585        3500       1  Right
7   0   100        12634      106095     106195     586        200        1  Right
6   1   100        12649      106195     106295     587        400        1  Left 
0   7   500        12685      106295     106795     588        1000       1  Right
1   6   500        12690      106795     107295     589        2000       1  Left 
7   3   100        12738      107295     107395     590        700        1  Right
6   1   100        12743      107395     107495     591        400        1  Left 
5   3   500        12787      107395     107896     591        2000       1  Right
1   6   500        12787      107495     107996     592        2000       1  Left 
3   7   500        12821      107996     108496     594        3500       1  Right
6   1   100        12824      108496     108596     595        400        1  Left 
3   5   100        12947      108496     108597     593        400        1  Right
6   3   100        12916      108597     108697     595        600        1  Right
6   3   100        12921      108697     108797     596        600        1  Right
5   3   100        12960      108797     108897     597        400        1  Right
2   0   500        12846      108596     109097     596        2000       1  Left 
7   0   100        12860      109097     109197     601        200        1  Right
1   6   500        12865      109197     109697     602        2000       1  Left 
0   1   100        12874      109697     109797     603        100        1  Right
7   3   100        12973      109697     109798     601        900        1  Left 
0   6   100        12875      109798     109898     605        500        1  Left 
0   7   500        12911      109898     110398     604        1000       1  Right
3   7   100        12947      110398     110498     605        700        1  Right
7   1   100        12981      110498     110598     606        100        1  Right
3   6   500        12952      110498     110998     606        3000       1  Right
3   6   100        13009      110998     111098     606        600        1  Right
1   7   500        13027      110598     111099     605        500        1  Right
3   6   100        13020      111098     111199     607        600        1  Right
7   3   100        12982      111199     111299     611        900        1  Left 
1   0   500        13146      111099     111600     606        500        1  Right
7   1   100        13156      111600     111700     609        100        1  Right
6   3   500        13038      111299     111800     610        3000       1  Right
7   1   100        13249      111700     111801     609        100        1  Right
7   1   100        13342      111801     111901     609        100        1  Right
6   0   500        13175      111800     112301     611        5500       1  Right
3   7   500        13077      112301     112801     616        3500       1  Right
0   7   100        13169      112801     112901     615        200        1  Right
1   7   500        13202      112901     113401     616        500        1  Right
1   7   500        13295      113401     113901     616        500        1  Right
7   3   100        13350      113901     114001     615        700        1  Right
1   7   500        13388      114001     114501     616        500        1  Right
7   0   500        13481      114501     115001     617        1000       1  Right
0   1   100        13532      115001     115101     618        100        1  Right
3   7   500        13647      115001     115502     618        4500       1  Left 
1   0   500        13804      115101     115602     619        500        1  Right
7   3   100        13679      115502     115603     620        900        1  Left 
3   6   100        13715      115603     115703     622        600        1  Right
6   3   100        13733      115703     115803     623        600        1  Right
7   3   100        13741      115803     115903     624        700        1  Right
7   8   100        13745      115903     116003     625        600        1  Left 
12  3   100        13785      115903     116004     625        100        1  Right
7   1   100        13792      116003     116104     626        100        1  Right
3   7   100        13764      116104     116204     628        700        1  Right
3   12  100        13777      116204     116304     629        100        1  Right
8   7   500        13766      116204     116704     629        3000       1  Left 
3   8   100        13777      116704     116804     631        300        1  Right
0   7   100        13827      116704     116805     629        200        1  Right
8   3   100        13808      116804     116905     632        300        1  Right
0   6   100        14189      116905     117005     632        1100       1  Right
8   3   100        14747      117005     117105     627        300        1  Right
1   7   500        13838      116805     117306     631        500        1  Right
3   7   100        13849      117306     117406     635        700        1  Right
7   0   500        14139      117406     117906     636        1000       1  Right
0   1   100        14190      117906     118006     637        100        1  Right
3   7   100        14788      117906     118007     631        900        1  Left 
1   0   500        14213      118006     118507     638        500        1  Right
7   3   500        14811      118007     118508     633        4500       1  Left 
0   1   100        14236      118507     118608     640        100        1  Right
3   8   500        14855      118508     119009     633        1500       1  Right
6   0   500        14486      118608     119109     636        2500       1  Left 
1   0   500        14508      119109     119609     638        500        1  Right
0   1   100        14528      119609     119709     639        100        1  Right
0   1   100        14530      119709     119809     640        100        1  Right
1   0   500        14800      119809     120309     641        500        1  Right
1   0   500        14811      120309     120809     642        500        1  Right
0   2   100        14829      120809     120909     641        400        1  Left 
2   0   500        15106      120909     121409     642        2000       1  Left 
0   1   100        15146      121409     121509     643        100        1  Right
0   2   100        15149      121509     121609     644        400        1  Left 
1   0   500        15418      121609     122109     643        500        1  Right
2   0   500        15426      122109     122609     644        2000       1  Left 
0   1   100        15437      122609     122709     645        100        1  Right
1   0   500        15458      122709     123209     646        500        1  Right
0   1   100        15490      123209     123309     647        100        1  Right
1   0   500        15762      123309     123809     643        500        1  Right
0   8   100        15788      123809     123909     644        800        1  Right
0   2   100        15790      123909     124009     645        400        1  Left 
2   0   500        16068      124009     124509     646        2000       1  Left 
0   2   100        16092      124509     124609     647        400        1  Left 
0   6   100        16093      124609     124709     648        500        1  Left 
8   0   500        16115      124709     125209     649        4000       1  Right
2   0   500        16369      125209     125709     648        2000       1  Left 
6   0   500        16392      125709     126209     649        2500       1  Left 
0   2   100        16402      126209     126309     650        400        1  Left 
2   0   500        16679      126309     126809     650        2000       1  Left 
0   8   100        16704      126809     126909     651        800        1  Right
0   2   100        16706      126909     127009     652        400        1  Left 
2   0   500        16984      127009     127509     649        2000       1  Left 
0   1   100        17018      127509     127609     650        100        1  Right
8   0   500        17031      127609     128109     649        4000       1  Right
0   2   100        17090      128109     128209     650        400        1  Left 
1   0   500        17290      128209     128709     650        500        1  Right
2   0   500        17367      128709     129209     651        2000       1  Left 
0   2   100        17398      129209     129309     652        400        1  Left 
2   0   500        17675      129309     129809     650        2000       1  Left 
0   2   100        17702      129809     129909     651        400        1  Left 
2   0   500        17979      129909     130409     651        2000       1  Left 
0   2   100        18010      130409     130509     652        400        1  Left 
2   0   500        18287      130509     131009     650        2000       1  Left 
0   2   100        18320      131009     131109     651        400        1  Left 
0   6   100        18322      131109     131209     652        500        1  Left 
2   0   500        18597      131209     131709     649        2000       1  Left 
6   0   500        18620      131709     132209     650        2500       1  Left 
0   8   100        18624      132209     132309     651        800        1  Right
0   2   100        18624      132309     132409     652        400        1  Left 
2   0   500        18904      132409     132909     648        2000       1  Left 
0   2   100        18931      132909     133009     649        400        1  Left 
8   0   500        18951      133009     133509     650        4000       1  Right
2   0   500        19208      133509     134009     650        2000       1  Left 
0   2   100        19230      134009     134109     649        400        1  Left 
2   0   500        19507      134109     134609     648        2000       1  Left 
0   2   100        19821      134609     134709     649        400        1  Left 
2   0   500        20098      134709     135209     647        2000       1  Left 
0   2   100        20121      135209     135309     648        400        1  Left 
2   0   500        20398      135309     135809     649        2000       1  Left 
0   2   100        20425      135809     135909     650        400        1  Left 
2   0   500        20702      135909     136409     649        2000       1  Left 
0   2   100        20729      136409     136509     650        400        1  Left 
2   0   500        21006      136509     137009     650        2000       1  Left 
0   3   100        21028      137009     137109     651        500        1  Right
0   8   100        21030      137109     137209     652        800        1  Right
3   0   500        21320      137209     137709     651        2500       1  Right
0   3   100        21348      137709     137809     652        500        1  Right
8   0   500        21358      137809     138309     653        4000       1  Right
