
179
C:/Users/nxconrad/Desktop/REU 2.0/Benchmark Data/16-core/7/flow_freqmine100#3.txt
745
[3, 1, 0, 4, 7, 12, 9, 15, 8, 2, 6, 11, 10, 14, 5, 13]
0   8   100        9400       9402       9502       0          600        1  Right
6   3   500        9399       9401       9901       0          3000       1  Left 
1   7   500        9401       9502       10003      0          1500       1  Right
2   11  500        9400       9901       10402      2          1000       1  Right
11  6   100        9430       10402      10403      3          100        1  Right
7   2   100        9478       10402      10404      3          500        1  Right
4   14  500        9401       10003      10405      2          3000       1  Left 
6   12  500        9433       10404      10905      5          2500       1  Right
0   13  500        9411       10405      10906      6          1500       1  Left 
0   11  100        9417       10906      11006      8          700        1  Left 
4   8   500        9408       10905      11406      7          2500       1  Right
0   13  500        9488       11006      11507      9          1500       1  Left 
9   0   100        9424       11507      11607      11         400        1  Right
9   1   100        9426       11607      11707      12         500        1  Right
8   6   500        9456       11406      11907      10         1000       1  Right
11  6   100        9467       11907      12007      14         100        1  Right
15  3   500        9428       11707      12208      13         3500       1  Right
1   8   100        9416       12208      12308      16         700        1  Right
2   8   100        9491       12308      12408      17         100        1  Right
1   5   500        9428       12308      12808      17         1500       1  Left 
15  12  500        9443       12308      12809      17         1000       1  Right
13  0   100        9457       12808      12909      19         300        1  Left 
0   5   100        9488       12909      13009      21         400        1  Left 
5   0   100        9489       13009      13109      22         400        1  Left 
13  0   100        9519       13109      13209      22         300        1  Left 
6   7   500        9464       12809      13310      20         3000       1  Right
0   5   500        9532       13209      13710      23         2000       1  Left 
2   7   500        9519       13310      13810      24         2500       1  Right
6   11  500        9498       13310      13811      25         500        1  Right
9   4   100        9521       13810      13910      26         300        1  Right
14  4   100        9617       13910      13911      28         1000       1  Right
0   13  500        9550       13710      14113      25         1500       1  Left 
3   15  500        9432       14113      14613      31         3500       1  Right
8   15  500        9458       14613      15113      32         500        1  Right
1   9   500        9473       14613      15114      32         2500       1  Right
3   15  100        9485       15113      15214      33         900        1  Left 
4   9   500        9552       15114      15615      33         1500       1  Right
8   1   500        9500       15214      15715      35         4500       1  Left 
12  15  100        9495       15615      15716      36         200        1  Right
6   1   100        9517       15715      15816      36         700        1  Left 
8   2   500        9537       15715      16216      36         500        1  Right
1   6   500        9558       15816      16317      38         3500       1  Left 
7   6   100        9566       16317      16417      40         600        1  Right
5   0   100        9573       16317      16418      40         400        1  Left 
13  0   100        9586       16418      16518      42         300        1  Left 
7   5   100        9591       16518      16618      43         600        1  Left 
10  5   100        9605       16618      16718      44         200        1  Right
6   11  500        9606       16417      16918      41         500        1  Right
14  6   100        9618       16918      17018      46         300        1  Right
0   5   500        9614       16718      17019      45         2000       1  Left 
4   14  500        9653       17018      17020      47         5000       1  Right
0   13  500        9617       17019      17021      48         1500       1  Left 
0   4   100        9635       17021      17121      50         100        1  Right
5   7   500        9617       17020      17122      49         5000       1  Right
0   13  500        9687       17121      17423      51         1500       1  Left 
6   0   100        9609       17423      17424      53         800        1  Right
6   8   100        9611       17424      17524      54         200        1  Right
4   8   100        9675       17524      17624      55         500        1  Right
2   8   100        9682       17624      17724      56         100        1  Right
1   11  500        9655       17423      17825      53         3000       1  Left 
13  0   100        9656       17825      17925      58         300        1  Left 
6   10  500        9617       17825      18325      58         1000       1  Right
1   0   500        9684       17925      18426      59         500        1  Right
6   1   100        9618       18426      18526      61         900        1  Right
11  1   100        9619       18526      18626      62         1000       1  Right
8   1   100        9646       18626      18726      63         700        1  Right
5   10  500        9626       18325      18826      60         1000       1  Right
8   2   100        9646       18726      18827      64         100        1  Right
5   1   100        9655       18826      18828      65         300        1  Left 
14  2   100        9692       18827      18828      66         400        1  Right
8   4   100        9646       18827      18829      66         500        1  Right
11  2   100        9703       18828      18928      67         200        1  Right
10  1   100        9668       18828      18929      67         500        1  Left 
8   15  100        9646       18829      18931      68         100        1  Right
6   4   500        9650       18929      19430      70         4500       1  Left 
10  1   100        9668       19430      19431      72         500        1  Left 
8   0   500        9750       19430      19831      72         3000       1  Right
6   11  500        9712       19430      19832      72         500        1  Right
4   1   100        9683       19831      19932      74         200        1  Right
3   15  500        9686       19832      20333      75         4500       1  Left 
1   8   100        9684       20333      20433      77         700        1  Right
15  8   100        9693       20433      20533      78         100        1  Right
13  1   100        9714       20433      20534      78         200        1  Left 
2   14  500        9718       20333      20834      77         2000       1  Right
15  3   500        9792       20534      21035      80         3500       1  Right
0   14  100        9719       21035      21135      82         500        1  Left 
3   7   100        9836       21135      21235      83         400        1  Right
2   11  500        9734       20834      21335      81         1000       1  Right
15  12  500        9807       21035      21537      82         1000       1  Right
1   6   500        9695       21335      21836      85         3500       1  Left 
14  6   100        9741       21836      21936      87         300        1  Right
14  6   100        9745       21936      22036      88         300        1  Right
8   6   100        9754       22036      22136      89         200        1  Right
10  2   100        9766       22136      22236      90         300        1  Right
1   5   500        9698       21836      22336      87         1500       1  Left 
1   10  500        9709       22336      22836      92         2500       1  Left 
1   10  500        9716       22836      23336      93         2500       1  Left 
1   4   500        9727       23336      23836      94         1000       1  Right
2   10  500        9807       23336      23837      94         1500       1  Right
9   4   100        9773       23836      23936      95         300        1  Right
9   6   100        9774       23936      24036      97         400        1  Right
11  6   100        9781       24036      24136      98         100        1  Right
9   2   100        9848       24036      24137      98         300        1  Right
1   13  500        9740       23836      24138      95         1000       1  Left 
0   5   500        9796       24137      24439      100        6000       1  Right
6   1   100        9747       24439      24539      102        700        1  Left 
0   4   100        9796       24439      24540      102        100        1  Right
0   8   100        9807       24540      24541      104        600        1  Right
1   6   500        9788       24539      24941      103        3500       1  Left 
6   0   100        9751       24941      24942      106        800        1  Right
11  5   100        9806       24941      24942      106        300        1  Right
13  1   100        9797       24941      24943      106        200        1  Left 
5   0   100        9755       24942      24944      107        1200       1  Right
1   13  500        9823       24943      25345      108        1000       1  Left 
6   14  500        9787       24944      25445      109        1500       1  Right
7   5   100        9842       25345      25446      110        600        1  Left 
9   6   100        9929       25445      25546      110        400        1  Right
10  0   100        9793       25446      25547      112        600        1  Left 
4   0   100        9798       25547      25548      114        100        1  Right
13  1   100        9849       25547      25548      114        200        1  Left 
6   7   500        9841       25546      25948      113        3000       1  Right
5   11  500        9832       25547      25950      114        1500       1  Right
1   13  500        9875       25548      26049      115        1000       1  Left 
5   0   100        9850       26049      26149      118        400        1  Left 
5   1   100        9852       26149      26249      119        300        1  Left 
4   9   500        9804       25948      26449      116        1500       1  Right
6   14  500        9917       25950      26450      116        1500       1  Right
12  7   100        9846       26449      26548      121        100        1  Right
4   0   100        9886       26449      26549      121        100        1  Right
1   5   500        9889       26249      26749      120        1500       1  Left 
2   9   500        9889       26449      26950      121        1500       1  Right
0   10  500        9839       26749      27250      125        3000       1  Left 
13  3   100        9911       27250      27251      126        100        1  Left 
0   4   500        9844       27250      27651      127        500        1  Right
5   7   500        9868       27250      27652      127        5000       1  Right
7   1   100        9913       27652      27653      129        1300       1  Left 
7   1   100        9913       27653      27654      130        1300       1  Left 
13  8   100        9915       27654      27754      131        700        1  Right
3   15  100        9937       27754      27854      132        900        1  Left 
0   4   500        9922       27651      27954      128        500        1  Right
14  1   100        9945       27854      27955      133        400        1  Left 
5   4   100        9933       27955      28055      135        500        1  Left 
6   8   500        9969       27854      28355      133        1000       1  Right
14  2   100        9999       28355      28455      137        400        1  Right
7   2   100        10020      28455      28555      137        500        1  Right
4   5   500        9957       28055      28556      136        2500       1  Left 
14  2   100        10052      28555      28656      138        400        1  Right
4   1   100        9958       28556      28657      140        200        1  Right
4   0   100        10032      28657      28757      141        100        1  Right
7   0   100        10036      28757      28857      142        200        1  Right
15  3   500        9966       28656      29157      141        4500       1  Left 
0   6   100        9950       29157      29257      145        800        1  Right
8   6   100        9956       29257      29357      146        200        1  Right
0   9   100        10022      29257      29358      145        400        1  Right
10  0   100        10046      29358      29359      147        1000       1  Right
9   6   100        10060      29359      29459      148        400        1  Right
1   14  500        9966       29157      29559      145        2000       1  Left 
1   7   500        9972       29559      30059      151        1500       1  Right
8   13  500        10003      29559      30060      150        3500       1  Right
3   13  100        10010      30060      30160      152        100        1  Left 
1   7   500        9975       30059      30560      152        1500       1  Right
2   14  500        10025      30060      30562      152        2000       1  Right
11  5   100        10057      30562      30662      155        300        1  Right
1   4   500        9999       30560      31061      155        1000       1  Right
2   7   500        10063      30562      31064      155        2500       1  Right
5   11  500        10083      30662      31163      156        1500       1  Right
6   1   100        10021      31163      31263      159        700        1  Left 
0   4   500        10070      31061      31562      157        500        1  Right
6   14  500        10049      31263      31764      160        1500       1  Right
0   7   500        10087      31562      32063      161        1000       1  Right
6   9   500        10060      31764      32265      162        2000       1  Right
0   10  500        10092      32063      32564      163        3000       1  Left 
6   9   500        10081      32265      32766      164        2000       1  Right
7   3   500        10138      32564      33065      165        2000       1  Right
9   1   100        10101      33065      33165      167        500        1  Right
2   14  500        10078      32766      33267      166        2000       1  Right
9   2   100        10205      33267      33367      169        300        1  Right
7   12  500        10153      33165      33666      168        500        1  Right
1   6   500        10062      33267      33768      169        3500       1  Left 
6   11  500        10093      33768      34268      172        500        1  Right
5   14  500        10170      33768      34268      172        500        1  Right
1   9   500        10147      33768      34269      172        2500       1  Right
0   6   100        10099      34269      34369      174        800        1  Right
14  6   100        10104      34369      34469      175        300        1  Right
14  5   100        10129      34469      34569      176        100        1  Right
3   7   100        10184      34569      34570      177        1200       1  Left 
12  7   100        10204      34570      34670      178        100        1  Right
1   4   500        10151      34369      34771      175        1000       1  Right
6   0   100        10116      34771      34772      180        800        1  Right
4   0   100        10117      34772      34872      181        100        1  Right
1   11  500        10164      34771      35173      180        3000       1  Left 
4   1   100        10119      35173      35273      183        200        1  Right
6   9   500        10201      34772      35274      181        2000       1  Right
11  1   100        10128      35273      35275      184        600        1  Left 
11  1   100        10128      35275      35276      186        600        1  Left 
0   6   500        10162      35274      35277      185        4000       1  Right
1   11  500        10167      35276      35477      187        3000       1  Left 
10  0   100        10156      35477      35577      189        600        1  Left 
5   4   100        10185      35577      35677      190        500        1  Left 
5   6   100        10186      35677      35777      191        400        1  Right
2   9   500        10246      35277      35778      188        1500       1  Right
11  2   100        10216      35778      35878      193        200        1  Right
0   10  500        10202      35777      36278      192        3000       1  Left 
2   11  500        10249      35878      36379      194        1000       1  Right
5   2   100        10230      36379      36479      196        500        1  Right
8   0   500        10165      36278      36779      195        3000       1  Right
4   5   500        10206      36779      37279      198        2500       1  Left 
6   0   100        10211      37279      37379      199        800        1  Right
0   8   100        10222      37379      37479      200        600        1  Right
15  8   100        10557      37479      37579      197        100        1  Right
2   5   500        10261      37379      37880      200        2500       1  Right
11  0   100        10232      37880      37881      203        700        1  Left 
10  0   100        10249      37881      37981      204        600        1  Left 
2   4   500        10494      37880      37982      199        3000       1  Right
0   6   500        10261      37981      38182      205        4000       1  Left 
9   6   100        10293      38182      38282      207        400        1  Right
0   11  500        10273      38182      38682      207        3500       1  Left 
7   0   100        10289      38682      38782      209        200        1  Right
5   6   100        10298      38682      38783      209        400        1  Right
0   10  500        10295      38783      39283      211        3000       1  Left 
6   1   100        10315      39283      39383      212        700        1  Left 
9   5   100        10318      39383      39483      213        800        1  Right
0   5   100        10324      39483      39583      214        400        1  Left 
0   7   500        10340      39583      40083      215        1000       1  Right
5   9   500        10344      39583      40084      215        4000       1  Right
10  0   100        10341      40084      40184      217        600        1  Left 
5   6   100        10352      40184      40284      218        400        1  Right
1   6   500        10358      40284      40784      219        3500       1  Left 
6   5   500        10376      40784      41284      220        2000       1  Right
14  5   100        10380      41284      41384      221        100        1  Right
14  1   100        10481      41384      41385      218        400        1  Left 
14  1   100        10481      41385      41386      219        400        1  Left 
0   10  500        10387      41284      41587      221        5000       1  Right
6   14  500        10391      41587      42087      225        1500       1  Right
6   0   100        10401      42087      42187      225        800        1  Right
7   0   100        10403      42187      42287      224        200        1  Right
10  0   100        10438      42287      42387      224        1000       1  Right
4   6   100        10444      42387      42487      225        700        1  Right
5   14  500        10421      42087      42588      222        500        1  Right
5   1   100        10483      42588      42688      227        300        1  Left 
0   6   500        10448      42487      42988      226        4000       1  Right
1   14  500        10502      42688      43189      228        2000       1  Left 
0   7   500        10454      42988      43489      229        1000       1  Right
4   2   100        10468      43489      43589      231        600        1  Right
6   5   500        10463      43189      43690      230        2000       1  Right
14  2   100        10520      43690      43790      233        400        1  Right
5   2   100        10572      43790      43890      234        500        1  Right
7   3   500        10490      43589      44090      232        2000       1  Right
0   10  500        10484      44090      44590      236        3000       1  Left 
7   12  500        10505      44090      44591      236        500        1  Right
11  0   100        10485      44590      44592      237        700        1  Left 
4   6   100        10530      44591      44593      238        700        1  Right
6   0   100        10500      44593      44693      240        800        1  Right
7   0   100        10511      44693      44793      241        200        1  Right
1   14  500        10505      44592      44794      239        2000       1  Left 
0   11  500        10526      44793      44995      242        4500       1  Right
10  0   100        10530      44995      44996      244        1000       1  Right
14  0   100        10536      44996      44997      245        1100       1  Right
1   5   500        10519      44794      44998      243        1500       1  Left 
8   0   500        10549      44997      45398      246        3000       1  Right
2   14  500        10546      44997      45399      246        2000       1  Right
3   7   100        10547      45398      45499      248        400        1  Right
6   1   100        10502      45499      45599      250        700        1  Left 
12  7   100        10569      45499      45600      250        100        1  Right
8   15  500        10608      45398      45899      248        500        1  Right
1   6   500        10550      45599      46101      251        3500       1  Left 
0   14  500        10562      46101      46601      254        2500       1  Left 
6   9   500        10565      46101      46602      254        2000       1  Right
10  1   100        10636      46601      46701      255        500        1  Left 
9   5   100        10569      46701      46801      257        800        1  Right
0   7   500        10569      46601      47102      255        1000       1  Right
1   8   100        10589      47102      47202      259        700        1  Right
6   5   500        10587      46801      47302      258        2000       1  Right
9   1   100        10640      47202      47303      260        500        1  Right
9   1   100        10640      47303      47403      262        500        1  Right
2   5   500        10603      47302      47803      261        2500       1  Right
8   1   500        10648      47403      47904      263        3500       1  Right
6   4   100        10593      47904      47905      265        700        1  Right
2   8   100        10617      47905      48005      266        100        1  Right
0   10  500        10576      47904      48006      265        3000       1  Left 
11  0   100        10583      48006      48007      268        700        1  Left 
4   6   500        10624      48005      48108      267        3500       1  Right
0   2   100        10603      48108      48208      270        700        1  Right
0   2   100        10606      48208      48308      271        700        1  Right
1   10  500        10677      48007      48309      269        2500       1  Left 
10  1   100        10719      48309      48310      273        500        1  Left 
0   11  500        10624      48308      48511      272        4500       1  Right
0   4   100        10626      48511      48611      275        100        1  Right
7   0   100        10632      48611      48711      276        200        1  Right
5   9   500        10595      48511      49011      275        4000       1  Right
5   6   100        10648      49011      49111      278        400        1  Right
0   7   500        10683      48711      49212      277        1000       1  Right
4   6   100        10658      49212      49312      280        900        1  Left 
11  0   100        10666      49312      49412      281        700        1  Left 
8   2   500        10677      49011      49513      278        500        1  Right
9   2   100        10742      49513      49613      283        300        1  Right
6   4   500        10684      49412      49913      282        4500       1  Left 
1   9   500        10686      49913      50413      285        2500       1  Right
1   9   500        10689      50413      50913      286        2500       1  Right
0   11  500        10715      50913      50914      287        3500       1  Left 
6   4   500        10725      50913      50915      287        3500       1  Right
4   1   100        10721      50915      51015      289        200        1  Right
7   0   100        10732      51015      51115      290        200        1  Right
10  1   100        10800      51015      51116      290        500        1  Left 
2   9   500        10783      50915      51416      289        1500       1  Right
0   7   500        10783      51115      51617      291        1000       1  Right
1   4   500        10752      51617      52117      294        1000       1  Right
11  0   100        10757      52117      52118      295        700        1  Left 
4   2   100        10795      52117      52119      295        600        1  Right
9   0   100        10758      52119      52219      297        400        1  Right
1   10  500        10760      52118      52220      296        2500       1  Left 
0   11  500        10798      52219      52221      298        4500       1  Right
1   10  500        10841      52220      52621      299        2500       1  Left 
14  0   100        10789      52621      52721      301        500        1  Left 
6   4   500        10807      52221      52722      300        3500       1  Right
0   9   500        10809      52722      53222      303        2000       1  Right
8   10  500        10922      52722      53223      301        2000       1  Right
0   14  500        10815      53222      53723      304        2500       1  Left 
2   4   500        10821      53223      53724      305        3000       1  Right
6   4   100        10845      53724      53824      307        700        1  Right
4   6   100        10862      53824      53924      308        700        1  Right
0   14  500        10884      53723      54224      306        2500       1  Left 
4   6   500        10871      53924      54225      309        3500       1  Right
6   2   100        10900      54225      54325      311        100        1  Right
0   11  500        10887      54224      54525      310        3500       1  Left 
7   0   100        10836      54525      54625      313        200        1  Right
11  0   100        10844      54625      54626      314        900        1  Right
1   10  500        10994      54525      54927      311        2500       1  Left 
0   7   500        10887      54626      55127      315        1000       1  Right
7   3   500        10853      55127      55627      317        2000       1  Right
14  0   100        10858      55627      55727      318        500        1  Left 
7   12  500        10868      55627      56128      318        500        1  Right
2   0   500        10880      55727      56228      319        4500       1  Left 
3   0   100        10885      56228      56229      321        200        1  Right
4   5   100        10887      56228      56230      321        1100       1  Right
0   1   100        10922      56229      56330      320        100        1  Right
10  3   100        10892      56230      56331      323        400        1  Left 
2   0   500        10891      56330      56831      324        3500       1  Right
6   5   500        10922      56331      56832      323        2000       1  Right
12  0   100        10905      56831      56932      324        300        1  Right
10  8   100        10896      56832      56933      327        400        1  Right
14  0   100        10911      56933      56934      327        1100       1  Right
11  0   100        10936      56934      57034      328        900        1  Right
1   5   500        11001      56832      57234      325        1500       1  Left 
2   6   500        10936      57034      57535      329        500        1  Right
5   4   500        10908      57234      57735      330        2500       1  Left 
3   8   100        10923      57735      57835      332        800        1  Right
0   14  500        10937      57835      58335      333        2500       1  Left 
6   4   500        11144      57835      58336      332        3500       1  Right
10  1   100        10953      58335      58337      334        500        1  Left 
0   6   100        10941      58336      58338      335        800        1  Right
5   1   100        10965      58337      58339      336        300        1  Left 
14  0   100        10963      58338      58340      337        1100       1  Right
5   1   100        10965      58339      58440      338        300        1  Left 
3   10  100        11001      58440      58441      340        400        1  Left 
0   11  500        10977      58340      58742      339        4500       1  Right
1   5   500        11004      58441      58743      341        1500       1  Left 
0   14  500        10989      58742      59044      342        5500       1  Right
8   3   100        10960      59044      59045      344        800        1  Right
5   2   100        11040      59044      59046      343        500        1  Right
7   0   100        10997      59045      59146      345        200        1  Right
11  1   100        11014      59046      59147      345        600        1  Left 
9   0   100        11011      59146      59247      346        400        1  Right
10  1   100        11038      59147      59248      347        500        1  Left 
14  0   100        11020      59248      59348      349        500        1  Left 
0   14  500        11046      59348      59848      350        2500       1  Left 
0   7   500        11048      59848      60348      351        1000       1  Right
1   11  500        11050      59848      60349      351        3000       1  Left 
0   9   500        11062      60348      60849      352        2000       1  Right
2   5   500        11071      60349      60850      353        2500       1  Right
5   0   100        11056      60850      60950      355        400        1  Left 
14  0   100        11072      60950      61050      356        500        1  Left 
7   0   100        11104      61050      61150      357        200        1  Right
9   0   100        11142      61150      61250      358        400        1  Right
1   10  500        11079      61050      61550      357        2500       1  Left 
11  1   100        11087      61550      61650      360        600        1  Left 
0   5   500        11097      61650      62150      361        2000       1  Left 
0   14  500        11098      62150      62650      362        2500       1  Left 
1   11  500        11123      62650      63150      363        3000       1  Left 
0   7   500        11155      62650      63151      363        1000       1  Right
14  1   100        11130      63150      63251      364        400        1  Left 
4   5   100        11138      63251      63351      366        500        1  Left 
1   14  500        11151      63351      63851      367        2000       1  Left 
6   1   100        11153      63851      63951      368        700        1  Left 
11  1   100        11155      63951      64051      369        600        1  Left 
5   4   500        11159      64051      64551      370        2500       1  Left 
14  1   100        11173      64551      64651      371        400        1  Left 
0   3   500        11178      64651      65151      372        1000       1  Right
1   11  500        11191      65151      65651      373        3000       1  Left 
0   12  500        11193      65151      65652      373        1500       1  Right
1   14  500        11194      65651      66152      374        2000       1  Left 
0   9   500        11193      65652      66153      375        2000       1  Right
11  3   100        11240      66152      66253      376        500        1  Left 
11  8   100        11244      66253      66353      378        300        1  Right
3   10  100        11266      66253      66354      378        400        1  Left 
8   3   100        11255      66354      66454      380        800        1  Left 
1   0   500        11195      66153      66654      377        500        1  Right
4   1   100        11199      66654      66754      382        200        1  Right
4   1   100        11199      66754      66854      383        200        1  Right
7   1   100        11204      66854      66954      384        300        1  Right
8   11  500        11275      66454      66955      381        1500       1  Right
9   0   100        11263      66954      67054      385        400        1  Right
14  1   100        11221      66954      67055      385        400        1  Left 
4   2   100        11269      67054      67056      387        600        1  Right
7   15  100        11320      67056      67156      389        300        1  Right
1   6   500        11205      67055      67457      388        3500       1  Left 
0   6   100        11220      67457      67557      391        800        1  Right
14  3   100        11292      67457      67558      391        300        1  Left 
6   2   100        11283      67557      67657      392        100        1  Right
1   4   500        11230      67557      68058      392        1000       1  Right
10  3   500        11293      67558      68060      393        2000       1  Left 
14  8   100        11296      68060      68160      396        500        1  Right
1   4   500        11233      68058      68559      395        1000       1  Right
0   1   100        11234      68559      68659      398        100        1  Right
0   6   100        11235      68659      68660      399        800        1  Left 
2   4   500        11295      68559      68961      398        3000       1  Right
1   14  500        11242      68660      69161      400        2000       1  Left 
2   6   500        11319      68961      69462      401        500        1  Right
1   7   500        11250      69161      69662      402        1500       1  Right
3   0   100        11267      69662      69762      404        200        1  Right
4   0   100        11288      69762      69862      405        100        1  Right
3   13  100        11323      69762      69863      405        100        1  Left 
8   14  500        11342      69462      69963      403        2500       1  Right
15  7   500        11376      69662      70164      404        1500       1  Right
0   3   500        11309      69863      70364      407        1000       1  Right
11  1   100        11311      70364      70464      410        600        1  Left 
3   11  100        11334      70464      70564      411        500        1  Left 
3   11  100        11336      70564      70664      412        500        1  Left 
15  7   500        11629      70164      70665      406        1500       1  Right
12  0   100        11294      70665      70765      414        300        1  Right
5   0   100        11309      70765      70766      415        1200       1  Right
13  3   500        11336      70664      71066      413        500        1  Left 
5   6   500        11407      70766      71266      415        2000       1  Right
0   9   500        11314      70766      71267      416        2000       1  Right
7   6   100        11431      71267      71268      418        600        1  Right
7   15  100        11573      71268      71368      418        300        1  Right
7   15  100        11744      71368      71468      417        300        1  Right
1   11  500        11347      71266      71668      418        3000       1  Left 
0   4   500        11324      71267      71669      419        500        1  Right
11  3   500        11351      71668      72169      423        2500       1  Left 
0   12  500        11330      71669      72170      424        1500       1  Right
3   14  100        11370      72169      72270      425        300        1  Left 
9   0   100        11381      72170      72271      426        400        1  Right
3   8   500        11385      72270      72771      427        4000       1  Left 
0   5   500        11350      72771      73271      429        2000       1  Left 
6   5   100        11386      73271      73371      430        400        1  Right
3   0   100        11414      73271      73372      429        200        1  Right
11  1   100        11394      73372      73472      432        600        1  Left 
0   9   500        11432      73372      73873      431        2000       1  Right
1   11  500        11430      73472      73973      432        3000       1  Left 
5   0   100        11434      73973      74073      434        400        1  Left 
0   3   500        11445      74073      74573      435        1000       1  Right
12  0   100        11463      74573      74673      436        300        1  Right
0   5   500        11475      74673      75173      437        2000       1  Left 
3   0   100        11478      75173      75273      438        200        1  Right
9   0   100        11492      75273      75373      439        400        1  Right
0   12  500        11499      75373      75873      440        1500       1  Right
0   3   500        11509      75873      76373      440        1000       1  Right
5   0   100        11517      76373      76473      441        400        1  Left 
6   0   500        11520      76473      76973      442        4000       1  Right
1   0   500        11534      76973      77473      443        500        1  Right
6   0   500        11534      77473      77973      444        4000       1  Right
12  0   100        11535      77973      78073      445        300        1  Right
4   0   100        11541      78073      78173      446        100        1  Right
12  3   100        11617      78073      78174      445        1100       1  Left 
3   0   100        11543      78174      78274      448        200        1  Right
3   14  100        11638      78274      78374      448        300        1  Left 
0   9   500        11543      78274      78774      449        2000       1  Right
9   0   100        11594      78774      78874      451        400        1  Right
14  3   500        11656      78374      78875      449        1500       1  Left 
9   1   100        11692      78874      78975      451        500        1  Right
0   5   500        11565      78975      79475      454        2000       1  Left 
0   6   100        11567      79475      79575      455        800        1  Right
6   5   100        11637      79575      79675      455        400        1  Right
6   1   100        11698      79675      79775      456        700        1  Left 
6   1   100        11698      79775      79875      457        700        1  Left 
9   1   100        11785      79875      79876      457        1100       1  Left 
0   12  500        11571      79575      79976      456        1500       1  Right
0   4   500        11582      79976      80476      461        500        1  Right
3   12  500        11695      79976      80477      460        5500       1  Left 
5   0   100        11606      80477      80577      462        400        1  Left 
4   0   100        11638      80577      80677      463        100        1  Right
6   7   500        11703      80477      80978      462        3000       1  Right
0   9   500        11645      80978      81478      465        2000       1  Right
5   6   500        11658      80978      81479      465        2000       1  Right
6   2   100        11798      81479      81579      466        100        1  Right
1   9   500        11738      81478      81979      465        2500       1  Right
0   5   500        11647      81979      82479      469        2000       1  Left 
15  7   500        11800      81979      82480      468        1500       1  Right
1   6   500        11741      82479      82979      469        3500       1  Left 
0   4   500        11674      82479      82980      470        500        1  Right
1   6   500        11747      82979      83480      471        3500       1  Left 
5   0   100        11702      83480      83580      474        400        1  Left 
4   0   100        11711      83580      83680      474        100        1  Right
12  0   100        11719      83680      83780      475        300        1  Right
2   6   500        11834      83480      83981      473        500        1  Right
0   5   500        11743      83780      84281      476        2000       1  Left 
0   4   500        11749      84281      84781      478        500        1  Right
1   9   500        11831      84281      84782      478        5500       1  Left 
0   12  500        11755      84781      85282      479        1500       1  Right
5   0   100        11785      85282      85382      481        400        1  Left 
4   0   100        11802      85382      85383      482        100        1  Right
12  1   100        11843      85382      85384      482        1200       1  Left 
6   0   100        11825      85384      85484      484        800        1  Right
0   5   500        11826      85484      85984      485        2000       1  Left 
0   4   500        11838      85984      85985      486        500        1  Right
1   12  500        11874      85984      85986      486        6000       1  Left 
0   6   500        11871      85986      86486      488        4000       1  Right
0   3   100        11872      86486      86586      489        200        1  Right
6   0   500        11873      86586      87086      490        4000       1  Right
9   1   100        11882      87086      87186      491        500        1  Right
5   1   100        11883      87186      87286      492        300        1  Left 
4   0   100        11898      87186      87287      492        100        1  Right
12  1   100        11894      87286      87288      493        1200       1  Left 
3   1   100        11924      87288      87388      494        100        1  Right
0   4   500        11934      87287      87389      493        500        1  Right
4   0   100        11978      87389      87390      496        100        1  Right
1   12  500        11925      87388      87490      495        6000       1  Left 
0   2   100        11960      87490      87590      498        700        1  Right
1   5   500        11925      87490      87990      498        1500       1  Left 
0   4   500        12014      87590      88091      498        500        1  Right
1   9   500        11928      87990      88491      500        5500       1  Left 
1   3   500        11937      88491      88991      502        500        1  Right
8   9   500        12039      88491      88992      501        1000       1  Right
12  1   100        11957      88991      88993      503        400        1  Right
9   3   100        12014      88992      88994      503        1000       1  Left 
9   8   100        12018      88994      89094      505        200        1  Right
1   12  500        11988      88993      89494      505        2000       1  Right
5   1   100        11973      89494      89594      508        300        1  Left 
1   5   500        12012      89594      90094      508        1500       1  Left 
3   0   100        12017      90094      90194      509        200        1  Right
12  1   100        12020      90194      90294      510        400        1  Right
3   11  100        12051      90194      90295      510        500        1  Left 
3   8   100        12051      90295      90395      512        800        1  Left 
1   12  500        12051      90294      90795      511        2000       1  Right
12  3   100        12028      90795      90895      514        500        1  Right
5   1   100        12044      90895      90995      515        300        1  Left 
6   0   100        12078      90895      90996      515        800        1  Right
1   5   500        12080      90995      91496      516        1500       1  Left 
0   3   500        12048      91496      91996      518        1000       1  Right
4   1   100        12050      91996      92096      519        200        1  Right
11  3   100        12065      91996      92097      519        500        1  Left 
9   1   100        12065      92096      92098      520        500        1  Right
8   3   100        12083      92097      92099      521        800        1  Left 
1   4   500        12083      92098      92599      522        1000       1  Right
8   5   500        12161      92099      92600      523        3000       1  Right
3   1   100        12087      92599      92700      524        100        1  Right
0   6   500        12124      92600      93101      525        4000       1  Right
1   9   500        12111      93101      93601      527        2500       1  Right
1   3   500        12113      93601      94101      528        500        1  Right
4   1   100        12123      94101      94201      529        200        1  Right
3   9   100        12124      94101      94202      529        1000       1  Left 
5   3   100        12126      94202      94302      531        200        1  Left 
5   8   100        12130      94302      94402      532        600        1  Right
5   3   100        12131      94402      94502      533        200        1  Left 
1   4   500        12154      94201      94702      530        1000       1  Right
3   0   100        12150      94702      94802      535        200        1  Right
3   7   100        12159      94802      94902      536        400        1  Right
9   1   100        12160      94902      95002      537        500        1  Right
4   1   100        12181      95002      95102      538        200        1  Right
6   0   100        12186      95102      95202      539        800        1  Right
3   5   500        12228      94902      95403      536        1000       1  Left 
1   9   500        12206      95202      95703      540        2500       1  Right
0   3   500        12181      95703      96203      542        1000       1  Right
7   3   500        12182      96203      96703      543        2000       1  Right
7   0   100        12186      96703      96803      544        200        1  Right
1   4   500        12212      96803      97303      544        1000       1  Right
0   6   500        12232      97303      97803      545        4000       1  Right
2   0   500        12241      97803      98303      546        3500       1  Right
0   7   500        12246      98303      98803      547        1000       1  Right
4   3   100        12258      98803      98903      548        300        1  Right
4   8   100        12262      98903      98904      549        500        1  Right
0   2   100        12269      98903      98905      549        900        1  Left 
4   3   100        12263      98905      99005      551        300        1  Right
6   0   100        12280      99005      99105      552        800        1  Right
3   4   500        12287      99105      99605      553        1500       1  Right
8   4   500        12300      99605      99606      554        2500       1  Right
0   6   500        12326      99605      99607      553        4000       1  Left 
3   12  500        12313      99607      100107     555        2500       1  Right
12  3   100        12330      100107     100207     556        500        1  Right
3   14  100        12351      100207     100307     557        300        1  Left 
7   0   100        12356      100207     100308     557        200        1  Right
14  3   100        12369      100307     100408     558        300        1  Left 
6   0   100        12372      100308     100409     559        800        1  Right
12  3   100        12392      100409     100509     561        500        1  Right
12  8   100        12396      100509     100609     562        300        1  Right
3   12  100        12400      100609     100610     563        1100       1  Left 
0   7   500        12407      100509     100911     561        1000       1  Right
8   12  500        12432      100610     101111     563        1500       1  Right
3   4   500        12405      100911     101412     565        1500       1  Right
3   9   100        12413      101412     101512     566        600        1  Right
3   4   100        12414      101512     101612     567        300        1  Right
3   5   100        12456      101612     101712     568        200        1  Left 
0   6   500        12418      101612     102112     568        4000       1  Right
4   3   500        12427      102112     102612     570        1500       1  Right
9   3   500        12439      102612     103112     571        3000       1  Right
8   3   100        12449      103112     103212     572        800        1  Right
6   0   100        12469      103212     103312     573        800        1  Right
12  1   100        12473      103312     103412     574        400        1  Right
3   12  100        12492      103412     103512     575        500        1  Right
3   12  100        12495      103512     103612     576        500        1  Right
12  3   500        12503      103612     104112     577        2500       1  Right
1   12  500        12504      104112     104612     578        2000       1  Right
3   8   500        12532      104112     104613     578        4000       1  Left 
7   0   100        12522      104612     104713     579        200        1  Right
3   5   100        12774      104613     104714     580        200        1  Left 
0   6   500        12515      104713     105214     581        4000       1  Right
2   0   500        12546      105214     105714     583        3500       1  Right
6   0   100        12561      105714     105814     584        800        1  Right
0   2   100        12569      105814     105815     585        700        1  Right
6   1   100        12649      105814     105816     585        700        1  Left 
6   1   100        12743      105816     105916     587        700        1  Left 
6   1   100        12824      105916     106016     586        700        1  Left 
0   7   500        12583      105815     106316     586        1000       1  Right
0   6   500        12607      106316     106816     590        4000       1  Right
7   0   100        12634      106816     106916     591        200        1  Right
1   6   500        12690      106816     107317     591        3500       1  Left 
0   7   500        12685      106916     107417     592        1000       1  Right
1   6   500        12787      107317     107418     593        3500       1  Left 
2   0   500        12846      107417     107419     592        3500       1  Right
1   6   500        12865      107418     107820     593        3500       1  Left 
7   3   100        12738      107820     107920     597        400        1  Right
7   0   100        12860      107920     108020     596        200        1  Right
0   1   100        12874      108020     108120     597        100        1  Right
0   6   100        12875      108120     108220     598        800        1  Right
5   3   500        12787      107920     108420     598        1000       1  Left 
3   7   500        12821      108420     108920     600        2000       1  Right
6   3   100        12916      108920     109020     600        600        1  Left 
6   3   100        12921      109020     109120     601        600        1  Left 
3   5   100        12947      109120     109220     602        200        1  Left 
5   3   100        12960      109220     109320     603        200        1  Left 
0   7   500        12911      108920     109420     600        1000       1  Right
3   7   100        12947      109420     109520     605        400        1  Right
3   6   500        12952      109520     110020     606        3000       1  Left 
1   7   500        13027      109520     110021     605        1500       1  Right
3   6   100        13009      110020     110121     606        600        1  Left 
7   3   100        12973      110121     110122     609        1200       1  Left 
3   6   100        13020      110122     110222     609        600        1  Left 
1   0   500        13146      110021     110223     606        500        1  Right
3   7   500        13077      110222     110523     610        6000       1  Left 
7   1   100        12981      110523     110623     613        300        1  Right
7   3   100        12982      110623     110723     614        400        1  Right
7   1   100        13156      110723     110823     613        300        1  Right
0   7   100        13169      110823     110923     614        200        1  Right
6   3   500        13038      110723     111223     614        3000       1  Left 
1   7   500        13202      110923     111424     615        1500       1  Right
6   0   500        13175      111424     111924     617        4000       1  Right
7   1   100        13249      111924     112024     617        300        1  Right
1   7   500        13295      112024     112524     618        1500       1  Right
7   1   100        13342      112524     112624     618        300        1  Right
7   3   100        13350      112624     112724     619        400        1  Right
1   7   500        13388      112724     113224     620        1500       1  Right
7   0   500        13481      113224     113724     621        1000       1  Right
0   1   100        13532      113724     113725     622        100        1  Right
3   7   500        13647      113724     113726     622        6000       1  Left 
1   0   500        13804      113725     113727     622        500        1  Right
7   3   100        13679      113726     113728     624        1200       1  Left 
3   6   100        13715      113728     113828     625        600        1  Left 
6   3   100        13733      113828     113928     626        600        1  Left 
7   3   100        13741      113928     114028     627        400        1  Right
7   8   100        13745      114028     114128     628        400        1  Right
3   7   100        13764      114128     114228     629        400        1  Right
8   7   500        13766      114228     114728     630        2000       1  Right
3   12  100        13777      114728     114828     631        500        1  Right
3   8   100        13777      114828     114928     632        800        1  Right
12  3   100        13785      114928     115028     633        500        1  Right
7   1   100        13792      115028     115128     634        300        1  Right
8   3   100        13808      115028     115129     634        800        1  Left 
0   7   100        13827      115128     115229     633        200        1  Right
8   3   100        14747      115129     115230     630        800        1  Left 
1   7   500        13838      115229     115730     635        1500       1  Right
3   7   100        13849      115730     115830     637        400        1  Right
7   0   500        14139      115830     116330     635        1000       1  Right
0   6   100        14189      116330     116430     636        800        1  Right
0   1   100        14190      116430     116431     637        100        1  Right
3   7   100        14788      116430     116432     636        1200       1  Left 
1   0   500        14213      116431     116433     638        500        1  Right
7   3   500        14811      116432     116434     638        6000       1  Left 
0   1   100        14236      116433     116534     640        100        1  Right
0   1   100        14528      116534     116634     642        100        1  Right
0   1   100        14530      116634     116734     643        100        1  Right
3   8   500        14855      116434     116935     640        4000       1  Left 
6   0   500        14486      116935     117435     645        4000       1  Right
1   0   500        14508      117435     117935     646        500        1  Right
1   0   500        14800      117935     118435     646        500        1  Right
1   0   500        14811      118435     118935     647        500        1  Right
0   2   100        14829      118935     119035     648        700        1  Right
2   0   500        15106      119035     119535     649        3500       1  Right
0   1   100        15146      119535     119635     648        100        1  Right
0   2   100        15149      119635     119735     649        700        1  Right
1   0   500        15418      119735     120235     649        500        1  Right
2   0   500        15426      120235     120735     650        3500       1  Right
0   1   100        15437      120735     120835     651        100        1  Right
1   0   500        15458      120835     121335     652        500        1  Right
0   1   100        15490      121335     121435     653        100        1  Right
1   0   500        15762      121435     121935     651        500        1  Right
0   8   100        15788      121935     122035     652        600        1  Right
0   2   100        15790      122035     122135     653        700        1  Right
2   0   500        16068      122135     122635     653        3500       1  Right
0   2   100        16092      122635     122735     654        700        1  Right
0   6   100        16093      122735     122835     655        800        1  Right
8   0   500        16115      122835     123335     656        3000       1  Right
2   0   500        16369      123335     123835     655        3500       1  Right
6   0   500        16392      123835     124335     656        4000       1  Right
0   2   100        16402      124335     124435     657        700        1  Right
2   0   500        16679      124435     124935     654        3500       1  Right
0   8   100        16704      124935     125035     655        600        1  Right
0   2   100        16706      125035     125135     656        700        1  Right
2   0   500        16984      125135     125635     655        3500       1  Right
0   1   100        17018      125635     125735     654        100        1  Right
8   0   500        17031      125735     126235     653        3000       1  Right
0   2   100        17090      126235     126335     654        700        1  Right
1   0   500        17290      126335     126835     653        500        1  Right
2   0   500        17367      126835     127335     654        3500       1  Right
0   2   100        17398      127335     127435     655        700        1  Right
2   0   500        17675      127435     127935     652        3500       1  Right
0   2   100        17702      127935     128035     653        700        1  Right
2   0   500        17979      128035     128535     651        3500       1  Right
0   2   100        18010      128535     128635     652        700        1  Right
2   0   500        18287      128635     129135     653        3500       1  Right
0   2   100        18320      129135     129235     654        700        1  Right
0   6   100        18322      129235     129335     655        800        1  Right
2   0   500        18597      129335     129835     653        3500       1  Right
6   0   500        18620      129835     130335     654        4000       1  Right
0   8   100        18624      130335     130435     655        600        1  Right
0   2   100        18624      130435     130535     656        700        1  Right
2   0   500        18904      130535     131035     651        3500       1  Right
0   2   100        18931      131035     131135     649        700        1  Right
8   0   500        18951      131135     131635     650        3000       1  Right
2   0   500        19208      131635     132135     651        3500       1  Right
0   2   100        19230      132135     132235     652        700        1  Right
2   0   500        19507      132235     132735     651        3500       1  Right
0   2   100        19821      132735     132835     652        700        1  Right
2   0   500        20098      132835     133335     650        3500       1  Right
0   2   100        20121      133335     133435     651        700        1  Right
2   0   500        20398      133435     133935     651        3500       1  Right
0   2   100        20425      133935     134035     652        700        1  Right
2   0   500        20702      134035     134535     650        3500       1  Right
0   2   100        20729      134535     134635     651        700        1  Right
2   0   500        21006      134635     135135     651        3500       1  Right
0   3   100        21028      135135     135235     652        200        1  Right
0   8   100        21030      135235     135335     653        600        1  Right
3   0   500        21320      135335     135835     651        1000       1  Right
0   3   100        21348      135835     135935     651        200        1  Right
8   0   500        21358      135935     136435     652        3000       1  Right
