
183
C:/Users/nxconrad/Desktop/REU 2.0/Benchmark Data/16-core/7/flow_freqmine100#3.txt
745
[3, 12, 10, 15, 13, 6, 4, 5, 7, 8, 2, 11, 14, 9, 0, 1]
0   8   100        9400       9402       9502       0          500        1  Right
9   0   100        9424       9502       9602       0          100        1  Right
9   1   100        9426       9602       9702       1          200        1  Right
6   3   500        9399       9401       9901       0          2500       1  Right
2   11  500        9400       9502       10003      1          500        1  Right
1   7   500        9401       9901       10402      3          4500       1  Left 
4   14  500        9401       10402      10902      5          3000       1  Right
0   13  500        9411       10402      10903      5          3000       1  Left 
0   11  100        9417       10903      11003      7          300        1  Right
4   8   500        9408       10902      11403      6          1500       1  Right
15  3   500        9428       10903      11405      7          1500       1  Right
1   8   100        9416       11403      11504      9          600        1  Right
3   15  500        9432       11405      11906      10         1500       1  Right
1   5   500        9428       11504      12005      11         4000       1  Right
7   2   100        9478       12005      12105      13         200        1  Right
2   8   100        9491       12105      12205      14         100        1  Right
6   12  500        9433       11906      12407      12         2000       1  Right
1   9   500        9473       12005      12506      13         1000       1  Right
11  6   100        9430       12407      12508      16         600        1  Right
15  12  500        9443       12407      12908      16         1000       1  Right
13  0   100        9457       12908      13008      19         600        1  Left 
8   6   500        9456       12508      13009      18         2000       1  Right
0   13  500        9488       13008      13509      20         3000       1  Left 
6   7   500        9464       13009      13510      21         1500       1  Right
8   15  500        9458       13509      14010      22         5000       1  Left 
11  6   100        9467       14010      14110      24         600        1  Right
3   15  100        9485       14010      14111      24         300        1  Right
0   5   100        9488       14110      14211      25         700        1  Right
12  15  100        9495       14111      14212      26         200        1  Right
5   0   100        9489       14211      14213      27         700        1  Right
1   6   500        9558       14212      14614      27         3000       1  Left 
2   7   500        9519       14213      14714      28         1000       1  Right
6   11  500        9498       14614      15115      30         5000       1  Left 
7   6   100        9566       15115      15215      31         300        1  Right
8   1   500        9500       15115      15615      32         3000       1  Right
6   1   100        9517       15615      15616      33         600        1  Left 
9   4   100        9521       15615      15617      33         700        1  Right
13  0   100        9519       15616      15717      34         600        1  Left 
8   2   500        9537       15617      16118      35         500        1  Right
0   5   500        9532       15717      16218      36         4500       1  Left 
0   13  500        9550       16218      16219      38         3000       1  Left 
4   9   500        9552       16218      16220      38         3500       1  Right
5   0   100        9573       16220      16320      40         700        1  Right
13  0   100        9586       16320      16420      41         600        1  Left 
7   5   100        9591       16320      16421      41         100        1  Right
6   11  500        9606       16420      16921      41         5000       1  Left 
5   7   500        9617       16421      16922      42         500        1  Right
6   0   100        9609       16921      16923      43         700        1  Left 
14  4   100        9617       16922      16924      44         600        1  Right
13  0   100        9656       16923      17024      45         600        1  Left 
6   8   100        9611       16924      17025      46         400        1  Right
10  5   100        9605       17025      17125      48         500        1  Right
1   11  500        9655       17024      17525      47         2000       1  Right
6   10  500        9617       17125      17626      49         1500       1  Right
6   1   100        9618       17626      17627      51         600        1  Left 
0   5   500        9614       17525      17927      50         3500       1  Right
14  6   100        9618       17927      17928      53         700        1  Right
0   13  500        9617       17927      18328      53         3000       1  Left 
4   14  500        9653       17928      18429      54         3000       1  Right
1   0   500        9684       18328      18829      55         500        1  Right
11  1   100        9619       18829      18929      57         400        1  Right
5   10  500        9626       18429      18930      56         2500       1  Right
8   1   100        9646       18929      19030      58         600        1  Right
0   4   100        9635       19030      19130      60         800        1  Right
8   2   100        9646       19130      19230      61         100        1  Right
5   1   100        9655       19130      19231      61         800        1  Left 
14  2   100        9692       19230      19331      62         200        1  Right
10  1   100        9668       19231      19331      63         300        1  Left 
8   4   100        9646       19231      19332      63         300        1  Right
11  2   100        9703       19331      19431      63         100        1  Right
10  1   100        9668       19331      19432      64         300        1  Left 
8   15  100        9646       19332      19433      65         600        1  Right
10  2   100        9766       19432      19532      66         800        1  Left 
6   4   500        9650       19433      19934      68         500        1  Right
8   0   500        9750       19532      20032      68         2500       1  Right
3   15  500        9686       19532      20033      69         1500       1  Right
4   8   100        9675       20032      20133      71         300        1  Right
2   8   100        9682       20133      20233      73         100        1  Right
0   13  500        9687       20033      20534      72         3000       1  Left 
6   11  500        9712       20233      20734      73         3000       1  Right
4   1   100        9683       20734      20834      76         700        1  Left 
1   8   100        9684       20834      20934      77         1000       1  Left 
15  8   100        9693       20934      21034      78         600        1  Right
2   14  500        9718       20734      21235      75         1000       1  Right
0   14  100        9719       21235      21335      79         200        1  Right
1   6   500        9695       21034      21535      79         3000       1  Left 
2   11  500        9734       21235      21737      79         500        1  Right
1   5   500        9698       21535      22036      82         4000       1  Left 
14  6   100        9741       22036      22136      83         700        1  Right
14  6   100        9745       22136      22236      84         700        1  Right
8   6   100        9754       22236      22336      85         400        1  Right
1   10  500        9709       22036      22536      83         1500       1  Left 
13  1   100        9714       22536      22636      87         500        1  Left 
0   5   500        9796       22336      22837      86         3500       1  Right
1   10  500        9716       22636      23137      88         1500       1  Left 
1   4   500        9727       23137      23637      90         3500       1  Left 
9   4   100        9773       23637      23737      91         700        1  Right
9   6   100        9774       23737      23738      92         800        1  Right
11  6   100        9781       23738      23838      93         600        1  Right
0   4   100        9796       23838      23839      94         800        1  Right
1   13  500        9740       23637      23939      91         2500       1  Left 
11  5   100        9806       23839      23940      95         400        1  Right
6   1   100        9747       23939      23941      96         600        1  Left 
7   5   100        9842       23940      23941      97         100        1  Right
0   8   100        9807       23940      23942      97         500        1  Right
9   2   100        9848       23942      24042      99         300        1  Right
1   6   500        9788       23941      24442      98         3000       1  Left 
6   0   100        9751       24442      24542      101        700        1  Left 
5   0   100        9755       24542      24642      102        700        1  Right
15  3   500        9792       24542      25043      102        1500       1  Right
6   14  500        9787       24642      25143      103        3500       1  Right
10  0   100        9793       25043      25144      104        400        1  Left 
13  1   100        9797       25144      25244      106        500        1  Left 
4   0   100        9798       25244      25344      107        800        1  Left 
5   11  500        9832       25143      25345      105        2000       1  Right
4   9   500        9804       25344      25546      108        4500       1  Left 
2   10  500        9807       25546      26046      110        4000       1  Right
15  12  500        9807       26046      26047      111        1000       1  Right
1   13  500        9823       26046      26048      111        5500       1  Right
3   7   100        9836       26048      26148      113        800        1  Right
2   9   500        9889       26048      26549      113        1500       1  Right
6   7   500        9841       26148      26648      114        1500       1  Right
0   10  500        9839       26148      26649      114        2000       1  Left 
13  1   100        9849       26649      26749      117        500        1  Left 
6   14  500        9917       26648      27149      115        3500       1  Right
1   13  500        9875       26749      27150      118        2500       1  Left 
13  3   100        9911       27150      27250      119        400        1  Right
3   15  100        9937       27250      27350      120        300        1  Right
0   4   500        9844       27149      27550      119        4000       1  Right
5   0   100        9850       27550      27650      123        700        1  Right
5   1   100        9852       27650      27750      124        800        1  Right
4   0   100        9886       27750      27850      125        800        1  Right
15  3   500        9966       27350      27851      121        1500       1  Right
1   5   500        9889       27850      28351      126        4000       1  Right
12  7   100        9846       28351      28451      128        700        1  Right
1   14  500        9966       28351      28852      127        1500       1  Right
5   7   500        9868       28451      28952      129        500        1  Right
13  8   100        9915       28852      28953      129        1100       1  Left 
7   1   100        9913       28953      29053      131        700        1  Right
7   1   100        9913       29053      29153      132        700        1  Right
9   6   100        9929       29153      29253      133        800        1  Left 
4   5   500        9957       28952      29453      130        500        1  Right
2   14  500        10025      29153      29655      132        1000       1  Right
11  5   100        10057      29655      29755      135        400        1  Right
0   4   500        9922       29453      29954      135        4000       1  Left 
5   4   100        9933       29954      30054      138        100        1  Right
14  1   100        9945       29954      30055      138        300        1  Right
14  2   100        9999       30055      30155      140        200        1  Right
6   8   500        9969       30054      30555      139        2000       1  Right
0   6   100        9950       30555      30655      142        700        1  Left 
7   2   100        10020      30555      30656      141        200        1  Right
0   9   100        10022      30655      30755      142        100        1  Right
4   1   100        9958       30655      30756      143        700        1  Left 
14  2   100        10052      30656      30758      143        200        1  Right
8   6   100        9956       30756      30857      146        400        1  Right
1   7   500        9972       30857      31357      148        3500       1  Right
1   7   500        9975       31357      31857      149        3500       1  Right
1   4   500        9999       31857      32357      150        3500       1  Left 
2   7   500        10063      31857      32358      149        1000       1  Right
6   1   100        10021      32357      32359      150        600        1  Left 
4   0   100        10032      32358      32360      151        800        1  Right
8   13  500        10003      32360      32860      153        2500       1  Right
3   13  100        10010      32860      32960      154        400        1  Right
7   0   100        10036      32860      32961      154        600        1  Right
10  0   100        10046      32961      33061      156        400        1  Left 
6   14  500        10049      32961      33462      156        3500       1  Right
9   6   100        10060      33462      33562      158        800        1  Right
6   9   500        10060      33562      34062      159        4000       1  Right
1   6   500        10062      34062      34063      160        3000       1  Left 
0   4   500        10070      34062      34064      160        4000       1  Right
2   14  500        10078      34064      34564      162        1000       1  Right
6   9   500        10081      34064      34565      162        4000       1  Left 
9   1   100        10101      34565      34665      164        200        1  Right
5   11  500        10083      34564      35065      163        2000       1  Right
1   9   500        10147      34665      35166      165        1000       1  Right
6   11  500        10093      35065      35566      166        3000       1  Right
0   7   500        10087      35566      35567      168        3000       1  Right
1   4   500        10151      35566      35568      168        3500       1  Left 
5   14  500        10170      35567      36068      169        2500       1  Right
0   10  500        10092      35568      36069      170        2000       1  Left 
9   2   100        10205      36068      36168      171        300        1  Right
5   4   100        10185      36068      36169      171        100        1  Right
0   6   100        10099      36069      36171      172        700        1  Left 
14  6   100        10104      36171      36271      175        700        1  Right
6   0   100        10116      36271      36371      176        700        1  Left 
14  5   100        10129      36271      36372      176        500        1  Right
4   0   100        10117      36371      36472      177        800        1  Left 
4   1   100        10119      36472      36572      179        700        1  Left 
11  1   100        10128      36572      36672      180        400        1  Right
11  1   100        10128      36672      36772      181        400        1  Right
7   3   500        10138      36572      37073      180        4000       1  Right
1   11  500        10164      36772      37273      182        2000       1  Right
7   12  500        10153      37073      37574      183        3500       1  Right
3   7   100        10184      37574      37674      185        800        1  Right
1   11  500        10167      37273      37774      184        2000       1  Right
12  7   100        10204      37674      37775      186        700        1  Right
11  2   100        10216      37774      37875      187        100        1  Right
10  0   100        10156      37775      37876      188        400        1  Left 
4   5   500        10206      37775      38276      188        500        1  Right
0   6   500        10162      37876      38377      190        3500       1  Left 
5   6   100        10186      38377      38477      192        200        1  Right
8   0   500        10165      38377      38877      192        2500       1  Right
6   9   500        10201      38877      39377      194        4000       1  Right
0   10  500        10202      38877      39378      194        2000       1  Left 
5   2   100        10230      39377      39478      195        300        1  Right
6   0   100        10211      39378      39479      196        700        1  Left 
0   8   100        10222      39479      39480      198        1100       1  Left 
2   9   500        10246      39478      39880      197        1500       1  Right
0   6   500        10261      39480      39981      199        3500       1  Left 
9   6   100        10293      39981      40081      201        800        1  Left 
5   6   100        10298      40081      40181      202        200        1  Right
6   1   100        10315      40181      40281      203        600        1  Left 
2   11  500        10249      39880      40381      200        500        1  Right
5   9   500        10344      40281      40782      204        5000       1  Left 
11  0   100        10232      40782      40882      206        300        1  Right
10  0   100        10249      40882      40982      207        400        1  Left 
2   5   500        10261      40782      41283      206        1500       1  Right
5   6   100        10352      41283      41383      209        200        1  Right
0   11  500        10273      40982      41384      208        1500       1  Right
2   4   500        10494      41383      41784      209        2000       1  Right
1   6   500        10358      41383      41785      210        3000       1  Left 
7   0   100        10289      41784      41885      212        600        1  Right
4   6   100        10444      41785      41886      212        100        1  Right
9   5   100        10318      41885      41985      214        600        1  Right
4   2   100        10468      41985      42085      215        400        1  Right
15  8   100        10557      42085      42185      216        600        1  Right
0   10  500        10295      41885      42386      214        2000       1  Left 
0   5   100        10324      42386      42486      219        700        1  Right
0   7   500        10340      42486      42986      220        3000       1  Right
6   5   500        10376      42486      42987      220        1000       1  Right
10  0   100        10341      42986      43087      221        400        1  Left 
14  5   100        10380      42987      43088      222        500        1  Right
0   10  500        10387      43087      43588      223        2000       1  Left 
6   14  500        10391      43088      43589      224        3500       1  Right
6   0   100        10401      43589      43689      225        700        1  Left 
5   14  500        10421      43589      44090      225        2500       1  Right
0   6   500        10448      43689      44190      226        3500       1  Left 
7   0   100        10403      44190      44290      228        600        1  Right
10  0   100        10438      44290      44390      229        400        1  Left 
6   5   500        10463      44190      44691      228        1000       1  Right
4   6   100        10530      44691      44791      231        100        1  Right
0   7   500        10454      44390      44891      230        3000       1  Right
14  1   100        10481      44891      44991      233        300        1  Right
14  1   100        10481      44991      45091      234        300        1  Right
11  0   100        10485      45091      45191      235        300        1  Right
7   3   500        10490      44891      45392      233        4000       1  Right
1   14  500        10502      45191      45692      236        1500       1  Right
7   12  500        10505      45392      45893      237        3500       1  Right
3   7   100        10547      45893      45993      239        800        1  Right
12  7   100        10569      45993      46093      240        700        1  Right
1   14  500        10505      45692      46193      238        1500       1  Right
5   1   100        10483      46193      46293      242        800        1  Right
14  2   100        10520      46293      46393      243        200        1  Right
0   10  500        10484      46293      46793      243        2000       1  Left 
6   0   100        10500      46793      46893      245        700        1  Left 
2   14  500        10546      46393      46894      244        1000       1  Right
6   1   100        10502      46893      46994      246        600        1  Left 
7   0   100        10511      46894      46995      247        600        1  Right
1   5   500        10519      46994      47495      248        4000       1  Left 
0   11  500        10526      46995      47496      249        1500       1  Right
5   2   100        10572      47495      47595      250        300        1  Right
1   6   500        10550      47495      47996      250        3000       1  Left 
0   14  500        10562      47496      47998      251        1000       1  Right
1   8   100        10589      47996      48097      253        1000       1  Left 
10  0   100        10530      48097      48197      255        400        1  Left 
10  1   100        10636      48197      48297      256        300        1  Left 
6   9   500        10565      48097      48598      255        4000       1  Right
14  0   100        10536      48598      48698      258        200        1  Right
4   6   500        10624      48598      49099      258        500        1  Right
8   0   500        10549      48698      49199      259        2500       1  Right
9   5   100        10569      49199      49299      261        600        1  Right
0   7   500        10569      49299      49799      262        3000       1  Right
6   5   500        10587      49299      49800      262        1000       1  Right
6   4   100        10593      49800      49900      264        100        1  Right
0   10  500        10576      49799      50300      263        2000       1  Left 
5   9   500        10595      49800      50302      264        3000       1  Right
11  0   100        10583      50302      50402      267        300        1  Right
1   10  500        10677      50300      50801      266        1500       1  Left 
2   5   500        10603      50302      50804      267        1500       1  Right
9   1   100        10640      50801      50902      269        200        1  Right
0   2   100        10603      50902      51002      271        400        1  Right
0   2   100        10606      51002      51102      272        400        1  Right
8   15  500        10608      50804      51305      270        3000       1  Right
2   8   100        10617      51305      51405      274        100        1  Right
5   6   100        10648      51305      51406      274        200        1  Right
4   6   100        10658      51406      51506      276        100        1  Right
0   11  500        10624      51102      51603      273        1500       1  Right
0   4   100        10626      51603      51703      278        800        1  Right
7   0   100        10632      51703      51803      279        600        1  Right
9   1   100        10640      51803      51903      280        200        1  Right
6   4   500        10684      51703      52204      279        500        1  Right
8   1   500        10648      51903      52404      281        3000       1  Right
11  0   100        10666      52404      52504      283        300        1  Right
10  1   100        10719      52404      52504      283        300        1  Left 
6   4   500        10725      52204      52705      282        500        1  Right
8   2   500        10677      52404      52906      283        500        1  Right
1   9   500        10686      52504      53005      284        1000       1  Right
4   1   100        10721      53005      53006      287        700        1  Left 
10  1   100        10800      53006      53106      288        300        1  Left 
0   7   500        10683      53005      53406      287        3000       1  Right
1   9   500        10689      53406      53906      290        1000       1  Right
0   11  500        10715      53906      54406      291        1500       1  Right
1   4   500        10752      53906      54407      291        3500       1  Left 
7   0   100        10732      54406      54507      292        600        1  Right
9   2   100        10742      54507      54607      294        300        1  Right
11  0   100        10757      54607      54707      295        300        1  Right
9   0   100        10758      54707      54807      296        100        1  Right
6   4   500        10807      54407      54907      293        500        1  Right
1   10  500        10760      54407      54908      293        1500       1  Left 
0   7   500        10783      54807      55309      297        3000       1  Right
1   10  500        10841      54908      55409      299        1500       1  Left 
2   9   500        10783      55309      55810      300        1500       1  Right
8   10  500        10922      55409      55910      299        3500       1  Right
14  0   100        10789      55810      55911      302        200        1  Right
4   2   100        10795      55910      56011      303        400        1  Right
1   10  500        10994      55910      56411      301        1500       1  Left 
0   11  500        10798      55911      56412      304        1500       1  Right
2   4   500        10821      56011      56512      305        2000       1  Right
6   4   100        10845      56512      56612      308        100        1  Right
4   6   100        10862      56612      56712      309        100        1  Right
0   9   500        10809      56412      56913      307        500        1  Right
4   6   500        10871      56712      57213      310        500        1  Right
4   5   100        10887      57213      57313      312        100        1  Right
6   2   100        10900      57313      57413      313        500        1  Right
0   14  500        10815      56913      57414      311        1000       1  Right
7   0   100        10836      57414      57514      315        600        1  Right
11  0   100        10844      57514      57614      316        300        1  Right
5   4   500        10908      57413      57914      312        500        1  Right
7   3   500        10853      57614      58115      317        4000       1  Left 
14  0   100        10858      58115      58215      319        200        1  Right
10  3   100        10892      58115      58216      319        200        1  Right
6   5   500        10922      57914      58415      316        1000       1  Right
2   0   500        10880      58215      58717      320        2000       1  Right
7   12  500        10868      58415      58916      322        3500       1  Right
10  8   100        10896      58916      59016      324        700        1  Right
8   3   100        10960      59016      59116      323        900        1  Right
0   14  500        10884      58717      59218      323        1000       1  Right
1   5   500        11001      59116      59617      324        4000       1  Left 
0   11  500        10887      59218      59719      327        1500       1  Right
1   5   500        11004      59617      59720      325        4000       1  Left 
0   7   500        10887      59719      59822      329        3000       1  Right
3   0   100        10885      59822      59922      331        200        1  Left 
6   4   500        11144      59720      60221      327        500        1  Right
3   8   100        10923      60221      60222      331        900        1  Right
3   10  100        11001      60222      60322      332        200        1  Right
2   0   500        10891      59922      60324      332        2000       1  Right
12  0   100        10905      60324      60424      334        300        1  Left 
14  0   100        10911      60424      60524      335        200        1  Right
0   1   100        10922      60524      60624      336        100        1  Right
11  0   100        10936      60624      60724      337        300        1  Right
10  1   100        10953      60624      60725      337        300        1  Left 
2   6   500        10936      60324      60825      334        2500       1  Right
5   1   100        10965      60825      60925      340        800        1  Left 
5   1   100        10965      60925      61025      341        800        1  Left 
11  1   100        11014      61025      61026      341        1200       1  Left 
10  1   100        11038      61026      61126      342        300        1  Left 
0   14  500        10937      60724      61127      338        1000       1  Right
5   2   100        11040      61026      61128      342        300        1  Right
0   6   100        10941      61127      61228      345        700        1  Left 
14  0   100        10963      61228      61328      347        200        1  Right
2   5   500        11071      61128      61629      345        1500       1  Right
0   11  500        10977      61328      61829      348        1500       1  Right
0   14  500        10989      61829      61830      350        1000       1  Right
1   11  500        11050      61829      61831      349        6000       1  Left 
0   14  500        11046      61830      62331      350        1000       1  Right
1   10  500        11079      61831      62332      351        1500       1  Left 
7   0   100        10997      62331      62432      353        600        1  Right
3   10  100        11266      62332      62433      353        200        1  Right
9   0   100        11011      62432      62434      354        100        1  Right
11  1   100        11087      62433      62435      355        1200       1  Left 
14  0   100        11020      62434      62436      356        200        1  Right
1   11  500        11123      62435      62837      357        6000       1  Left 
0   7   500        11048      62837      63337      359        3000       1  Right
5   0   100        11056      63337      63437      360        700        1  Right
0   9   500        11062      63437      63937      361        500        1  Right
5   4   500        11159      63437      63938      361        500        1  Right
14  0   100        11072      63937      64038      362        200        1  Right
0   5   500        11097      64038      64538      364        3500       1  Right
4   5   100        11138      64538      64638      365        100        1  Right
0   14  500        11098      64538      65038      365        1000       1  Right
7   0   100        11104      65038      65138      367        600        1  Right
14  1   100        11130      65138      65238      368        300        1  Right
9   0   100        11142      65238      65239      369        100        1  Right
1   14  500        11151      65238      65640      369        6500       1  Left 
6   1   100        11153      65640      65740      371        600        1  Left 
0   7   500        11155      65640      66141      371        3000       1  Right
11  1   100        11155      66141      66241      373        400        1  Right
14  1   100        11173      66241      66341      374        300        1  Right
0   3   500        11178      66341      66841      375        1000       1  Left 
1   11  500        11191      66841      67341      376        2000       1  Right
0   12  500        11193      67341      67841      377        1500       1  Left 
0   9   500        11193      67841      67842      378        500        1  Right
1   14  500        11194      67841      67843      378        6500       1  Left 
11  3   100        11240      67843      67943      380        1100       1  Right
11  8   100        11244      67943      68043      381        200        1  Right
8   3   100        11255      68043      68143      382        900        1  Right
1   0   500        11195      67843      68343      380        500        1  Right
4   1   100        11199      68343      68443      384        700        1  Left 
9   0   100        11263      68343      68444      384        100        1  Right
4   1   100        11199      68443      68544      385        700        1  Left 
8   11  500        11275      68143      68644      383        1000       1  Right
7   1   100        11204      68544      68645      387        900        1  Left 
4   2   100        11269      68645      68745      389        400        1  Right
1   6   500        11205      68645      69145      389        3000       1  Left 
0   6   100        11220      69145      69245      391        700        1  Left 
14  1   100        11221      69245      69345      392        300        1  Right
6   2   100        11283      69245      69346      392        500        1  Right
0   1   100        11234      69345      69347      393        100        1  Right
14  3   100        11292      69346      69348      394        1200       1  Right
14  8   100        11296      69348      69448      396        300        1  Right
1   4   500        11230      69348      69848      396        3500       1  Left 
1   4   500        11233      69848      70348      398        3500       1  Left 
0   6   100        11235      70348      70448      399        700        1  Left 
2   4   500        11295      70348      70849      399        2000       1  Right
10  3   500        11293      70448      70948      400        1000       1  Right
1   14  500        11242      70448      70949      400        1500       1  Right
3   0   100        11267      70949      71049      403        200        1  Left 
2   6   500        11319      70849      71351      401        2500       1  Right
7   15  100        11320      71351      71451      405        500        1  Right
0   3   500        11309      71049      71550      404        1000       1  Left 
8   14  500        11342      71351      71551      405        1500       1  Right
0   9   500        11314      71550      71748      407        500        1  Right
1   7   500        11250      71550      71749      407        4500       1  Left 
4   0   100        11288      71749      71849      410        800        1  Right
3   13  100        11323      71749      71850      410        400        1  Right
11  1   100        11311      71849      71950      411        400        1  Right
13  3   500        11336      71850      72351      412        2000       1  Right
0   4   500        11324      71950      72451      413        4000       1  Right
12  0   100        11294      72451      72551      415        300        1  Left 
15  7   500        11376      72451      72952      415        2500       1  Right
0   12  500        11330      72551      73052      416        1500       1  Left 
3   11  100        11334      73052      73152      418        500        1  Left 
3   11  100        11336      73152      73252      419        500        1  Left 
15  7   500        11629      72952      73453      414        2500       1  Right
1   11  500        11347      73252      73753      420        2000       1  Right
5   0   100        11309      73753      73853      422        700        1  Right
0   5   500        11350      73853      74353      423        3500       1  Right
6   5   100        11386      74353      74453      424        200        1  Right
11  3   500        11351      74353      74853      424        2500       1  Left 
3   14  100        11370      74853      74953      426        400        1  Left 
5   6   500        11407      74453      74954      423        1000       1  Right
9   0   100        11381      74953      75054      427        100        1  Right
11  1   100        11394      75054      75055      429        400        1  Right
3   8   500        11385      74954      75056      428        4500       1  Right
7   6   100        11431      75056      75156      429        300        1  Right
1   11  500        11430      75055      75256      428        2000       1  Right
7   15  100        11573      75156      75257      429        500        1  Right
3   0   100        11414      75256      75357      431        200        1  Left 
7   15  100        11744      75257      75358      431        500        1  Right
0   9   500        11432      75357      75858      433        500        1  Right
5   0   100        11434      75858      75958      435        700        1  Right
0   3   500        11445      75958      76458      436        1000       1  Left 
12  0   100        11463      76458      76558      437        300        1  Left 
0   5   500        11475      76558      77058      438        3500       1  Right
3   0   100        11478      77058      77158      439        200        1  Left 
9   0   100        11492      77158      77258      440        100        1  Right
0   12  500        11499      77258      77758      441        1500       1  Left 
0   3   500        11509      77758      78258      441        1000       1  Left 
5   0   100        11517      78258      78358      442        700        1  Right
6   0   500        11520      78358      78858      443        3500       1  Left 
1   0   500        11534      78858      79358      444        500        1  Right
6   0   500        11534      79358      79858      445        3500       1  Left 
12  0   100        11535      79858      79958      446        300        1  Left 
4   0   100        11541      79958      80058      447        800        1  Right
12  3   100        11617      79958      80059      447        100        1  Right
0   9   500        11543      80058      80060      448        500        1  Right
14  3   500        11656      80059      80061      449        6000       1  Right
3   0   100        11543      80061      80161      451        200        1  Left 
0   5   500        11565      80161      80661      452        3500       1  Right
0   6   100        11567      80661      80761      453        700        1  Left 
6   5   100        11637      80761      80861      454        200        1  Right
0   12  500        11571      80761      81261      454        1500       1  Left 
0   4   500        11582      81261      81761      456        4000       1  Right
9   0   100        11594      81761      81762      457        100        1  Right
3   14  100        11638      81761      81763      457        1200       1  Right
0   9   500        11645      81762      82263      458        500        1  Right
3   12  500        11695      81763      82264      459        500        1  Right
5   0   100        11606      82263      82364      460        700        1  Right
4   0   100        11638      82364      82464      462        800        1  Right
0   5   500        11647      82464      82964      463        3500       1  Right
9   1   100        11692      82964      83064      464        200        1  Right
5   6   500        11658      82964      83464      464        1000       1  Right
1   9   500        11738      83064      83565      465        1000       1  Right
6   1   100        11698      83565      83566      467        600        1  Left 
6   1   100        11698      83566      83567      468        600        1  Left 
0   4   500        11674      83565      83568      467        4000       1  Right
5   0   100        11702      83568      83569      470        700        1  Right
4   0   100        11711      83569      83570      471        800        1  Right
1   6   500        11741      83567      83571      469        3000       1  Left 
0   5   500        11743      83570      83572      472        3500       1  Right
1   6   500        11747      83571      83573      473        3000       1  Left 
0   4   500        11749      83572      84073      474        4000       1  Right
12  0   100        11719      84073      84173      476        300        1  Left 
6   7   500        11703      84073      84573      476        1500       1  Right
6   2   100        11798      84573      84673      478        500        1  Right
0   12  500        11755      84173      84674      477        1500       1  Left 
9   1   100        11785      84674      84774      480        200        1  Right
15  7   500        11800      84673      85174      479        2500       1  Right
1   9   500        11831      84774      85275      481        1000       1  Right
12  1   100        11843      85275      85375      483        200        1  Left 
2   6   500        11834      85174      85675      482        2500       1  Right
5   0   100        11785      85675      85775      485        700        1  Right
4   0   100        11802      85775      85875      486        800        1  Right
1   12  500        11874      85375      85876      484        1000       1  Left 
6   0   100        11825      85875      85976      487        900        1  Right
1   12  500        11925      85876      86377      487        1000       1  Left 
0   5   500        11826      85976      86477      489        3500       1  Right
0   4   500        11838      86477      86977      491        4000       1  Right
0   6   500        11871      86977      87477      492        3500       1  Left 
0   3   100        11872      87477      87577      493        200        1  Left 
6   0   500        11873      87577      88077      494        3500       1  Left 
9   1   100        11882      88077      88177      495        200        1  Right
5   1   100        11883      88177      88277      496        800        1  Right
12  1   100        11894      88277      88377      497        200        1  Left 
4   0   100        11898      88277      88378      497        800        1  Right
3   1   100        11924      88377      88478      497        100        1  Left 
12  1   100        11957      88478      88578      499        200        1  Left 
0   4   500        11934      88378      88879      498        4000       1  Right
1   5   500        11925      88879      89379      501        4000       1  Right
1   9   500        11928      89379      89879      502        1000       1  Right
0   2   100        11960      89879      89979      503        400        1  Right
4   0   100        11978      89979      90079      504        800        1  Right
1   3   500        11937      89879      90379      503        500        1  Left 
0   4   500        12014      90079      90580      504        4000       1  Right
1   12  500        11988      90379      90880      506        1000       1  Left 
5   1   100        11973      90880      90980      508        800        1  Left 
8   9   500        12039      90580      91081      506        2000       1  Right
1   5   500        12012      90980      91481      508        4000       1  Left 
9   3   100        12014      91481      91581      510        300        1  Left 
3   0   100        12017      91581      91681      511        200        1  Left 
9   8   100        12018      91581      91682      511        400        1  Right
12  1   100        12020      91681      91782      512        200        1  Left 
6   0   100        12078      91682      91783      513        900        1  Right
12  3   100        12028      91782      91883      514        100        1  Right
5   1   100        12044      91783      91884      515        800        1  Right
0   3   500        12048      91884      92384      517        1000       1  Left 
4   1   100        12050      92384      92484      518        700        1  Left 
1   12  500        12051      92484      92984      519        1000       1  Left 
0   6   500        12124      92484      92985      518        4500       1  Right
3   11  100        12051      92985      93085      521        500        1  Left 
3   8   100        12051      93085      93185      522        700        1  Left 
9   1   100        12065      93185      93186      523        200        1  Right
11  3   100        12065      93185      93187      523        1100       1  Right
1   5   500        12080      93187      93687      525        4000       1  Right
1   4   500        12083      93687      94187      526        3500       1  Left 
8   3   100        12083      94187      94287      527        700        1  Left 
3   1   100        12087      94287      94387      528        100        1  Left 
8   5   500        12161      94287      94788      527        1000       1  Right
1   9   500        12111      94387      94888      528        1000       1  Right
1   3   500        12113      94888      95388      530        500        1  Left 
4   1   100        12123      95388      95488      531        700        1  Left 
3   9   100        12124      95488      95588      532        300        1  Left 
5   3   100        12126      95588      95688      533        700        1  Right
9   1   100        12160      95588      95689      533        200        1  Right
5   8   100        12130      95688      95789      534        200        1  Right
3   0   100        12150      95689      95790      535        200        1  Left 
5   3   100        12131      95790      95890      537        700        1  Right
1   4   500        12154      95890      96390      538        3500       1  Left 
3   7   100        12159      96390      96490      539        800        1  Right
1   9   500        12206      96390      96891      538        1000       1  Right
3   5   500        12228      96490      96991      539        3500       1  Right
4   1   100        12181      96991      97091      542        700        1  Left 
0   3   500        12181      97091      97591      543        1000       1  Left 
7   3   500        12182      97591      98091      544        4000       1  Right
6   0   100        12186      98091      98191      545        700        1  Left 
7   0   100        12186      98191      98192      546        600        1  Right
1   4   500        12212      98191      98593      545        3500       1  Left 
2   0   500        12241      98192      98693      546        2000       1  Right
4   3   100        12258      98593      98694      547        600        1  Right
4   8   100        12262      98694      98794      549        300        1  Right
0   6   500        12232      98694      99194      549        3500       1  Left 
4   3   100        12263      99194      99294      551        600        1  Right
0   7   500        12246      99194      99694      551        3000       1  Right
0   2   100        12269      99694      99794      553        400        1  Right
3   4   500        12287      99294      99795      552        3000       1  Right
6   0   100        12280      99795      99895      555        700        1  Left 
8   4   500        12300      99795      100296     555        1500       1  Right
3   12  500        12313      99895      100396     556        500        1  Right
12  3   100        12330      100396     100496     558        100        1  Right
0   6   500        12326      100296     100797     557        4500       1  Right
3   14  100        12351      100797     100897     560        400        1  Left 
7   0   100        12356      100897     100997     561        600        1  Right
3   12  100        12400      100897     100998     561        100        1  Right
6   0   100        12372      100997     101098     562        900        1  Right
14  3   100        12369      101098     101198     564        400        1  Left 
8   12  500        12432      101098     101599     563        4000       1  Right
12  3   100        12392      101599     101699     566        100        1  Right
0   7   500        12407      101599     102100     565        3000       1  Right
3   4   500        12405      101699     102200     567        3000       1  Right
12  8   100        12396      102200     102300     569        800        1  Right
3   9   100        12413      102200     102301     568        300        1  Left 
3   4   100        12414      102301     102401     570        600        1  Right
0   6   500        12418      102401     102901     571        3500       1  Left 
4   3   500        12427      102901     103401     572        3000       1  Right
9   3   500        12439      103401     103901     573        1500       1  Left 
8   3   100        12449      103901     104001     574        700        1  Left 
3   5   100        12456      104001     104101     575        700        1  Right
6   0   100        12469      104101     104201     576        700        1  Left 
12  1   100        12473      104201     104301     577        200        1  Left 
3   12  100        12492      104301     104401     578        100        1  Right
3   12  100        12495      104401     104501     579        100        1  Right
0   6   500        12515      104201     104702     575        4500       1  Right
7   0   100        12522      104702     104802     579        600        1  Right
12  3   500        12503      104501     105002     580        500        1  Right
2   0   500        12546      104802     105303     580        2000       1  Right
6   0   100        12561      105303     105403     582        900        1  Right
1   12  500        12504      105002     105503     583        1000       1  Left 
0   2   100        12569      105403     105504     583        400        1  Right
3   8   500        12532      105503     106004     584        4500       1  Right
6   1   100        12649      106004     106104     586        600        1  Left 
6   1   100        12743      106104     106204     587        600        1  Left 
3   5   100        12774      106204     106205     588        700        1  Right
6   1   100        12824      106205     106305     589        600        1  Left 
0   7   500        12583      106004     106405     586        3000       1  Right
0   6   500        12607      106405     106905     591        3500       1  Left 
7   0   100        12634      106905     107005     592        600        1  Right
1   6   500        12690      106905     107406     592        3000       1  Left 
0   7   500        12685      107005     107506     593        3000       1  Right
1   6   500        12787      107406     107907     594        3000       1  Left 
2   0   500        12846      107506     108007     595        2000       1  Right
7   3   100        12738      107907     108008     596        800        1  Right
0   1   100        12874      108007     108108     597        100        1  Right
7   0   100        12860      108108     108109     599        600        1  Right
5   3   500        12787      108008     108410     598        3500       1  Right
3   7   500        12821      108410     108910     601        4000       1  Right
1   6   500        12865      108910     109410     602        3000       1  Left 
0   6   100        12875      109410     109510     603        700        1  Left 
6   3   100        12916      109510     109610     603        500        1  Right
6   3   100        12921      109610     109710     604        500        1  Right
3   5   100        12947      109710     109711     605        700        1  Right
5   3   100        12960      109711     109712     606        700        1  Right
0   7   500        12911      109510     109812     603        3000       1  Right
3   7   100        12947      109812     109912     608        800        1  Right
3   6   500        12952      109912     110412     609        2500       1  Right
1   7   500        13027      109912     110413     607        3500       1  Right
3   6   100        13009      110412     110513     608        500        1  Right
7   3   100        12973      110513     110613     612        800        1  Right
3   6   100        13020      110613     110713     611        500        1  Right
1   0   500        13146      110413     110914     609        500        1  Right
3   7   500        13077      110713     111214     612        4000       1  Right
7   1   100        12981      111214     111314     616        700        1  Right
7   3   100        12982      111314     111414     617        800        1  Right
7   1   100        13156      111414     111514     616        700        1  Right
0   7   100        13169      111514     111614     617        600        1  Right
6   3   500        13038      111414     111914     616        2500       1  Right
1   7   500        13202      111614     112115     618        3500       1  Right
6   0   500        13175      112115     112615     620        3500       1  Left 
7   1   100        13249      112615     112715     621        700        1  Right
1   7   500        13295      112715     113215     622        3500       1  Right
7   1   100        13342      113215     113315     623        700        1  Right
7   3   100        13350      113315     113415     624        800        1  Right
0   1   100        13532      113315     113416     622        100        1  Right
1   7   500        13388      113416     113916     626        3500       1  Right
7   0   500        13481      113916     114416     627        3000       1  Right
3   7   500        13647      114416     114916     626        4000       1  Right
1   0   500        13804      114416     114917     626        500        1  Right
7   3   100        13679      114916     115017     627        800        1  Right
3   6   100        13715      115017     115117     629        500        1  Right
6   3   100        13733      115117     115217     630        500        1  Right
7   3   100        13741      115217     115317     631        800        1  Right
7   8   100        13745      115317     115417     632        100        1  Right
12  3   100        13785      115317     115418     632        100        1  Right
7   1   100        13792      115417     115518     633        700        1  Right
3   7   100        13764      115518     115618     635        800        1  Right
3   12  100        13777      115618     115718     636        100        1  Right
8   7   500        13766      115618     116118     636        500        1  Right
3   8   100        13777      116118     116218     638        700        1  Left 
8   3   100        13808      116218     116318     639        700        1  Left 
0   7   100        13827      116318     116418     640        600        1  Right
1   7   500        13838      116418     116918     641        3500       1  Right
3   7   100        13849      116918     117018     642        800        1  Right
7   0   500        14139      117018     117518     640        3000       1  Right
0   6   100        14189      117518     117618     641        700        1  Left 
0   1   100        14190      117618     117718     642        100        1  Right
8   3   100        14747      117618     117719     637        900        1  Right
3   7   100        14788      117719     117819     639        800        1  Right
1   0   500        14213      117718     118219     640        500        1  Right
0   1   100        14236      118219     118319     643        100        1  Right
7   3   500        14811      117819     118320     640        4000       1  Right
0   1   100        14528      118319     118420     644        100        1  Right
0   1   100        14530      118420     118520     646        100        1  Right
0   2   100        14829      118520     118521     645        400        1  Right
0   1   100        15146      118521     118621     645        100        1  Right
0   2   100        15149      118621     118622     646        400        1  Right
3   8   500        14855      118320     118623     643        4500       1  Right
0   1   100        15437      118622     118723     646        100        1  Right
6   0   500        14486      118723     119223     652        3500       1  Left 
1   0   500        14508      119223     119723     653        500        1  Right
1   0   500        14800      119723     120223     652        500        1  Right
1   0   500        14811      120223     120723     653        500        1  Right
2   0   500        15106      120723     121223     654        2000       1  Right
1   0   500        15418      121223     121723     653        500        1  Right
2   0   500        15426      121723     122223     654        2000       1  Right
1   0   500        15458      122223     122723     655        500        1  Right
0   1   100        15490      122723     122823     656        100        1  Right
1   0   500        15762      122823     123323     653        500        1  Right
0   8   100        15788      123323     123423     654        500        1  Right
0   2   100        15790      123423     123523     655        400        1  Right
2   0   500        16068      123523     124023     656        2000       1  Right
0   2   100        16092      124023     124123     657        400        1  Right
0   6   100        16093      124123     124223     658        700        1  Left 
8   0   500        16115      124223     124723     659        2500       1  Right
2   0   500        16369      124723     125223     655        2000       1  Right
6   0   500        16392      125223     125723     656        3500       1  Left 
0   2   100        16402      125723     125823     657        400        1  Right
2   0   500        16679      125823     126323     656        2000       1  Right
0   8   100        16704      126323     126423     657        500        1  Right
0   2   100        16706      126423     126523     658        400        1  Right
2   0   500        16984      126523     127023     655        2000       1  Right
0   1   100        17018      127023     127123     656        100        1  Right
8   0   500        17031      127123     127623     655        2500       1  Right
0   2   100        17090      127623     127723     656        400        1  Right
1   0   500        17290      127723     128223     656        500        1  Right
2   0   500        17367      128223     128723     657        2000       1  Right
0   2   100        17398      128723     128823     658        400        1  Right
2   0   500        17675      128823     129323     656        2000       1  Right
0   2   100        17702      129323     129423     657        400        1  Right
2   0   500        17979      129423     129923     656        2000       1  Right
0   2   100        18010      129923     130023     657        400        1  Right
2   0   500        18287      130023     130523     658        2000       1  Right
0   2   100        18320      130523     130623     659        400        1  Right
0   6   100        18322      130623     130723     660        700        1  Left 
2   0   500        18597      130723     131223     659        2000       1  Right
6   0   500        18620      131223     131723     660        3500       1  Left 
0   8   100        18624      131723     131823     661        500        1  Right
0   2   100        18624      131823     131923     662        400        1  Right
2   0   500        18904      131923     132423     662        2000       1  Right
0   2   100        18931      132423     132523     661        400        1  Right
8   0   500        18951      132523     133023     662        2500       1  Right
2   0   500        19208      133023     133523     661        2000       1  Right
0   2   100        19230      133523     133623     660        400        1  Right
2   0   500        19507      133623     134123     656        2000       1  Right
0   2   100        19821      134123     134223     656        400        1  Right
2   0   500        20098      134223     134723     654        2000       1  Right
0   2   100        20121      134723     134823     655        400        1  Right
2   0   500        20398      134823     135323     654        2000       1  Right
0   2   100        20425      135323     135423     655        400        1  Right
2   0   500        20702      135423     135923     655        2000       1  Right
0   2   100        20729      135923     136023     656        400        1  Right
2   0   500        21006      136023     136523     654        2000       1  Right
0   3   100        21028      136523     136623     655        200        1  Left 
0   8   100        21030      136623     136723     656        500        1  Right
3   0   500        21320      136723     137223     655        1000       1  Left 
0   3   100        21348      137223     137323     655        200        1  Left 
8   0   500        21358      137323     137823     656        2500       1  Right
