
208
C:/Users/nxconrad/Desktop/REU 2.0/Benchmark Data/16-core/7/flow_freqmine100#3.txt
745
[14, 1, 11, 3, 8, 2, 9, 10, 7, 15, 5, 13, 4, 6, 12, 0]
6   3   500        9399       9401       9901       0          3000       1  Left 
0   8   100        9400       9901       10001      1          500        1  Left 
7   2   100        9478       9901       10001      0          300        1  Right
6   12  500        9433       9901       10402      0          500        1  Right
2   11  500        9400       10001      10502      1          1500       1  Right
1   7   500        9401       10402      10903      2          4500       1  Left 
4   14  500        9401       10903      11403      4          2000       1  Left 
15  3   500        9428       10903      11404      4          3000       1  Right
0   13  500        9411       11403      11904      5          2000       1  Right
3   15  500        9432       11404      11905      6          3000       1  Right
0   11  100        9417       11904      12005      7          300        1  Left 
11  6   100        9430       12005      12006      9          500        1  Left 
4   8   500        9408       11905      12307      8          4000       1  Right
1   8   100        9416       12307      12407      11         300        1  Right
9   0   100        9424       12307      12408      11         900        1  Right
2   8   100        9491       12407      12508      12         100        1  Right
9   1   100        9426       12408      12509      13         1100       1  Left 
1   5   500        9428       12509      13009      15         3500       1  Left 
15  12  500        9443       13009      13509      16         2500       1  Right
1   9   500        9473       13009      13510      16         2500       1  Right
13  0   100        9457       13509      13610      17         400        1  Right
9   4   100        9521       13610      13611      19         600        1  Right
8   6   500        9456       13610      13612      19         3500       1  Left 
11  6   100        9467       13612      13712      21         500        1  Left 
4   9   500        9552       13611      13713      20         3000       1  Right
1   6   500        9558       13712      14213      22         2000       1  Left 
8   15  500        9458       13713      14214      23         2500       1  Right
3   15  100        9485       14214      14314      25         600        1  Right
0   13  500        9488       14213      14714      24         2000       1  Right
8   1   500        9500       14314      14815      26         1500       1  Right
6   7   500        9464       14714      15215      27         2500       1  Right
0   5   100        9488       15215      15315      29         500        1  Right
8   2   500        9537       14815      15316      28         500        1  Right
5   0   100        9489       15315      15416      30         500        1  Right
12  15  100        9495       15416      15516      32         500        1  Right
2   7   500        9519       15316      15817      31         1500       1  Right
6   11  500        9498       15516      16017      33         2500       1  Left 
6   1   100        9517       16017      16117      35         400        1  Left 
13  0   100        9519       16117      16217      36         400        1  Right
0   5   500        9532       16217      16717      37         2500       1  Right
0   13  500        9550       16717      17217      38         2000       1  Right
7   6   100        9566       17217      17317      39         500        1  Right
5   0   100        9573       17317      17417      40         500        1  Right
13  0   100        9586       17417      17517      41         400        1  Right
7   5   100        9591       17417      17518      41         200        1  Right
10  5   100        9605       17518      17618      43         300        1  Right
6   11  500        9606       17517      18018      42         2500       1  Left 
6   0   100        9609       18018      18118      45         200        1  Right
5   7   500        9617       17618      18119      44         1000       1  Right
14  4   100        9617       18118      18218      46         400        1  Left 
6   8   100        9611       18218      18318      48         900        1  Right
1   11  500        9655       18018      18520      45         500        1  Right
0   5   500        9614       18318      18819      49         2500       1  Right
0   13  500        9617       18819      19319      51         2000       1  Right
6   10  500        9617       19319      19819      52         3000       1  Right
14  6   100        9618       19819      19919      53         300        1  Left 
6   1   100        9618       19919      20019      54         400        1  Left 
11  1   100        9619       20019      20119      55         100        1  Right
0   4   100        9635       20019      20120      55         300        1  Right
8   1   100        9646       20119      20220      56         300        1  Right
5   10  500        9626       19819      20320      53         1500       1  Right
8   2   100        9646       20220      20320      58         100        1  Right
5   1   100        9655       20320      20321      59         900        1  Right
10  1   100        9668       20321      20421      60         600        1  Right
10  1   100        9668       20421      20521      61         600        1  Right
4   14  500        9653       20120      20523      57         2000       1  Left 
8   4   100        9646       20523      20623      63         800        1  Right
8   15  100        9646       20623      20723      64         500        1  Right
13  0   100        9656       20723      20724      65         1200       1  Left 
6   4   500        9650       20623      21025      64         500        1  Right
3   15  500        9686       20724      21224      66         3000       1  Right
1   0   500        9684       20724      21225      66         1000       1  Left 
4   8   100        9675       21224      21226      68         800        1  Right
2   8   100        9682       21226      21326      70         100        1  Right
3   7   100        9836       21326      21426      71         500        1  Right
3   15  100        9937       21426      21526      71         600        1  Right
6   11  500        9712       21225      21627      69         2500       1  Left 
4   1   100        9683       21627      21727      74         500        1  Left 
1   8   100        9684       21727      21827      75         300        1  Right
14  2   100        9692       21827      21927      76         500        1  Right
15  8   100        9693       21927      22027      77         500        1  Right
11  2   100        9703       22027      22127      78         300        1  Right
0   13  500        9687       21727      22228      75         2000       1  Right
2   14  500        9718       22127      22628      79         2500       1  Right
1   6   500        9695       22628      23128      81         2000       1  Left 
2   11  500        9734       22628      23129      81         1500       1  Right
10  2   100        9766       23129      23229      83         200        1  Right
1   5   500        9698       23128      23230      82         3500       1  Left 
13  1   100        9714       23230      23330      85         600        1  Left 
15  3   500        9792       23229      23331      84         3000       1  Right
0   14  100        9719       23330      23332      86         100        1  Left 
15  12  500        9807       23331      23732      87         2500       1  Right
1   10  500        9709       23331      23733      87         3000       1  Right
14  6   100        9741       23732      23833      89         300        1  Left 
14  6   100        9745       23833      23933      91         300        1  Left 
1   10  500        9716       23733      24234      90         3000       1  Right
0   5   500        9796       23933      24434      92         2500       1  Right
2   10  500        9807       24234      24735      93         1000       1  Right
1   4   500        9727       24434      24935      94         2500       1  Left 
1   13  500        9740       24935      25435      96         3000       1  Left 
6   1   100        9747       25435      25535      97         400        1  Left 
9   4   100        9773       25435      25536      97         600        1  Right
8   0   500        9750       25535      26036      98         2500       1  Left 
6   0   100        9751       26036      26136      100        200        1  Right
13  1   100        9797       26036      26137      100        1000       1  Right
13  1   100        9849       26137      26138      102        1000       1  Right
13  3   100        9911       26138      26238      102        800        1  Right
6   14  500        9787       26136      26538      101        1500       1  Left 
5   0   100        9755       26538      26638      105        500        1  Right
0   4   100        9796       26638      26738      106        300        1  Right
15  3   500        9966       26238      26739      103        3000       1  Right
5   11  500        9832       26738      27239      107        4000       1  Left 
8   6   100        9754       27239      27339      109        700        1  Left 
9   6   100        9774       27339      27439      110        700        1  Right
0   8   100        9807       27339      27440      110        500        1  Left 
9   2   100        9848       27439      27539      111        100        1  Right
10  0   100        9793       27539      27540      113        800        1  Left 
6   7   500        9841       27439      27541      111        2500       1  Right
12  7   100        9846       27541      27542      115        600        1  Right
0   10  500        9839       27540      27642      114        4000       1  Left 
11  6   100        9781       27642      27742      117        500        1  Left 
13  8   100        9915       27642      27743      116        700        1  Right
11  5   100        9806       27743      27843      119        800        1  Right
7   5   100        9842       27843      27943      120        200        1  Right
1   6   500        9788       27742      28243      118        2000       1  Left 
4   0   100        9798       28243      28244      122        300        1  Right
1   13  500        9823       28243      28245      122        5000       1  Right
0   4   500        9844       28244      28246      123        1500       1  Right
1   13  500        9875       28245      28247      124        5000       1  Right
6   14  500        9917       28246      28347      124        1500       1  Left 
4   9   500        9804       28247      28348      126        3000       1  Right
6   8   500        9969       28347      28448      126        3500       1  Left 
5   0   100        9850       28448      28548      129        500        1  Right
5   1   100        9852       28548      28648      130        700        1  Left 
4   0   100        9886       28648      28748      131        300        1  Right
2   9   500        9889       28348      28849      128        500        1  Right
5   7   500        9868       28648      29149      131        1000       1  Right
0   4   500        9922       28748      29249      131        1500       1  Right
1   5   500        9889       29149      29650      134        4500       1  Right
7   1   100        9913       29650      29750      135        700        1  Right
5   4   100        9933       29650      29751      135        200        1  Right
7   1   100        9913       29750      29851      136        700        1  Right
9   6   100        9929       29851      29951      138        900        1  Left 
14  1   100        9945       29951      30051      139        100        1  Right
0   6   100        9950       29951      30052      139        200        1  Right
4   5   500        9957       29751      30252      137        1000       1  Right
8   6   100        9956       30252      30352      142        900        1  Right
1   14  500        9966       30051      30553      140        500        1  Right
4   1   100        9958       30553      30653      144        500        1  Left 
6   1   100        10021      30653      30753      144        400        1  Left 
8   13  500        10003      30352      30853      142        3500       1  Right
4   0   100        10032      30753      30854      145        300        1  Right
1   7   500        9972       30853      31354      147        3500       1  Right
1   7   500        9975       31354      31854      149        3500       1  Right
14  2   100        9999       31854      31855      150        500        1  Right
0   9   100        10022      31854      31856      149        900        1  Right
9   6   100        10060      31856      31956      151        700        1  Right
2   14  500        10025      31855      32356      150        2500       1  Right
3   13  100        10010      32356      32357      153        800        1  Right
7   2   100        10020      32357      32457      154        300        1  Right
11  5   100        10057      32457      32458      155        800        1  Right
1   4   500        9999       32356      32658      154        2500       1  Left 
2   7   500        10063      32458      32959      156        1500       1  Right
6   14  500        10049      32658      33159      157        1500       1  Left 
5   11  500        10083      32959      33460      158        4000       1  Right
1   6   500        10062      33159      33660      159        2000       1  Left 
7   0   100        10036      33660      33760      161        700        1  Right
14  2   100        10052      33660      33761      161        500        1  Right
10  0   100        10046      33760      33762      162        800        1  Right
2   14  500        10078      33761      34163      163        2500       1  Right
6   9   500        10060      33762      34263      164        3500       1  Right
9   1   100        10101      34263      34363      166        500        1  Right
0   4   500        10070      34263      34763      166        1500       1  Right
7   3   500        10138      34363      34864      167        2500       1  Right
9   2   100        10205      34864      34964      169        100        1  Right
5   14  500        10170      34763      35264      168        3000       1  Left 
6   9   500        10081      35264      35764      171        3500       1  Right
0   7   500        10087      35764      36264      172        3500       1  Right
1   9   500        10147      35764      36265      172        2500       1  Right
0   10  500        10092      36264      36765      173        4000       1  Right
3   7   100        10184      36765      36865      175        500        1  Right
6   11  500        10093      36765      37265      175        2500       1  Left 
0   6   100        10099      37265      37266      177        200        1  Right
14  6   100        10104      37266      37267      178        300        1  Left 
6   0   100        10116      37267      37268      179        200        1  Right
1   4   500        10151      37265      37269      177        5500       1  Right
14  5   100        10129      37269      37369      181        1000       1  Right
5   4   100        10185      37369      37469      182        200        1  Right
0   6   500        10162      37268      37569      180        1000       1  Right
4   0   100        10117      37569      37669      184        300        1  Right
1   11  500        10164      37369      37870      182        500        1  Right
10  0   100        10156      37870      37871      186        800        1  Left 
7   12  500        10153      37669      38071      185        3000       1  Right
5   6   100        10186      38071      38171      188        300        1  Right
8   0   500        10165      37871      38372      187        2500       1  Left 
6   9   500        10201      38171      38672      189        3500       1  Right
1   11  500        10167      38372      38873      190        500        1  Right
2   9   500        10246      38672      39172      191        500        1  Right
0   10  500        10202      38672      39173      191        4000       1  Right
4   1   100        10119      39173      39273      194        500        1  Left 
12  7   100        10204      39273      39373      195        600        1  Right
6   0   100        10211      39373      39473      196        200        1  Right
2   11  500        10249      39172      39673      193        1500       1  Right
11  1   100        10128      39673      39773      198        100        1  Right
11  1   100        10128      39773      39873      199        100        1  Right
4   5   500        10206      39373      39874      196        1000       1  Right
6   1   100        10315      39873      39973      200        400        1  Left 
11  2   100        10216      39873      39974      200        300        1  Right
0   8   100        10222      39974      40074      203        500        1  Left 
5   2   100        10230      39974      40075      203        500        1  Right
11  0   100        10232      40074      40175      204        300        1  Left 
2   5   500        10261      40075      40576      205        2500       1  Right
0   6   500        10261      40175      40676      206        1000       1  Right
2   4   500        10494      40576      41077      206        3500       1  Right
0   11  500        10273      40676      41177      208        1500       1  Left 
9   6   100        10293      41077      41178      209        700        1  Right
10  0   100        10249      41178      41278      211        800        1  Right
7   0   100        10289      41278      41378      212        700        1  Right
0   10  500        10295      41378      41878      213        4000       1  Right
5   6   100        10298      41878      41978      214        300        1  Right
10  0   100        10341      41878      41979      214        800        1  Left 
9   5   100        10318      41979      42079      216        400        1  Right
0   5   100        10324      42079      42179      217        500        1  Right
15  8   100        10557      42079      42180      215        500        1  Right
6   5   500        10376      42179      42680      218        1500       1  Right
0   7   500        10340      42180      42681      219        4500       1  Left 
5   9   500        10344      42681      43181      221        2000       1  Right
6   14  500        10391      42681      43182      221        1500       1  Left 
5   6   100        10352      43182      43282      223        300        1  Right
0   10  500        10387      43182      43683      223        4000       1  Left 
1   6   500        10358      43683      44183      225        2000       1  Left 
14  5   100        10380      44183      44283      226        600        1  Left 
6   0   100        10401      44283      44383      226        200        1  Right
4   6   100        10444      44383      44483      227        100        1  Right
5   14  500        10421      44283      44784      226        5000       1  Right
4   2   100        10468      44784      44884      229        700        1  Right
14  1   100        10481      44784      44885      229        100        1  Right
0   6   500        10448      44483      44984      228        1000       1  Right
14  1   100        10481      44885      44986      231        100        1  Right
7   0   100        10403      44984      45085      232        700        1  Right
10  0   100        10438      45085      45185      234        800        1  Right
1   14  500        10502      44986      45487      232        500        1  Right
0   7   500        10454      45185      45686      235        3500       1  Right
1   14  500        10505      45487      45988      235        500        1  Right
11  0   100        10485      45988      46088      238        300        1  Left 
7   3   500        10490      45686      46186      237        2500       1  Right
6   5   500        10463      45686      46187      237        1500       1  Right
0   10  500        10484      46186      46188      240        4000       1  Left 
7   12  500        10505      46187      46189      240        3000       1  Right
14  2   100        10520      46188      46289      241        500        1  Right
6   0   100        10500      46189      46290      243        200        1  Right
5   1   100        10483      46289      46390      244        900        1  Right
4   6   100        10530      46290      46391      244        100        1  Right
7   0   100        10511      46390      46491      245        900        1  Left 
6   1   100        10502      46491      46591      247        400        1  Left 
3   7   100        10547      46491      46592      247        500        1  Right
1   5   500        10519      46591      47092      248        3500       1  Left 
0   11  500        10526      47092      47592      250        1500       1  Left 
6   9   500        10565      47092      47593      250        3500       1  Right
10  0   100        10530      47593      47594      252        800        1  Right
12  7   100        10569      47594      47694      253        600        1  Right
9   5   100        10569      47694      47794      254        400        1  Right
2   14  500        10546      47592      47994      251        2500       1  Right
14  0   100        10536      47994      48094      256        100        1  Left 
10  1   100        10636      47994      48095      256        600        1  Right
9   1   100        10640      48095      48195      258        500        1  Right
6   5   500        10587      47794      48295      255        1500       1  Right
9   1   100        10640      48195      48295      259        500        1  Right
0   14  500        10562      48094      48296      257        500        1  Left 
1   6   500        10550      48295      48496      260        6000       1  Right
5   2   100        10572      48496      48596      262        500        1  Right
6   4   100        10593      48496      48597      262        100        1  Right
8   0   500        10549      48496      48996      262        2500       1  Left 
11  0   100        10583      48996      49096      265        300        1  Left 
4   6   500        10624      48597      49097      264        500        1  Right
5   9   500        10595      48596      49098      263        2000       1  Right
1   8   100        10589      49096      49198      266        300        1  Right
0   7   500        10569      49098      49599      268        3500       1  Right
0   10  500        10576      49599      50099      270        4000       1  Right
0   2   100        10603      50099      50199      271        600        1  Left 
5   6   100        10648      50099      50200      271        300        1  Right
0   2   100        10606      50199      50300      272        600        1  Left 
4   6   100        10658      50200      50301      273        100        1  Right
0   11  500        10624      50300      50800      274        1500       1  Left 
2   5   500        10603      50300      50801      274        2500       1  Right
0   4   100        10626      50800      50901      276        300        1  Right
8   15  500        10608      50801      51302      277        2500       1  Right
6   4   500        10684      50901      51402      278        500        1  Right
2   8   100        10617      51302      51403      279        100        1  Right
7   0   100        10632      51402      51503      280        700        1  Right
8   1   500        10648      51403      51904      281        1500       1  Right
0   7   500        10683      51503      51905      282        3500       1  Right
1   10  500        10677      51904      52306      283        3000       1  Right
6   4   500        10725      51905      52406      284        500        1  Right
11  0   100        10666      52306      52407      285        300        1  Left 
8   2   500        10677      52306      52807      285        500        1  Right
1   9   500        10686      52407      52908      287        5500       1  Left 
7   0   100        10732      52908      53008      289        700        1  Right
1   9   500        10689      52908      53408      289        2500       1  Right
9   2   100        10742      53408      53508      291        100        1  Right
0   11  500        10715      53408      53908      291        1500       1  Left 
10  1   100        10719      53908      54008      293        1000       1  Left 
2   9   500        10783      53508      54009      292        500        1  Right
4   1   100        10721      54008      54109      294        500        1  Left 
1   4   500        10752      54109      54609      296        2500       1  Left 
11  0   100        10757      54609      54709      297        300        1  Left 
4   2   100        10795      54609      54710      297        700        1  Right
9   0   100        10758      54710      54810      299        700        1  Left 
14  0   100        10789      54810      54910      300        100        1  Left 
6   4   500        10807      54710      55211      299        500        1  Right
1   10  500        10760      54810      55212      300        3000       1  Right
10  1   100        10800      55212      55213      303        600        1  Right
0   7   500        10783      55211      55214      302        3500       1  Right
7   0   100        10836      55214      55215      305        700        1  Right
1   10  500        10841      55213      55315      304        3000       1  Right
4   6   100        10862      55215      55316      306        100        1  Right
7   3   500        10853      55315      55815      307        2500       1  Right
0   11  500        10798      55315      55816      307        1500       1  Left 
4   6   500        10871      55316      55818      308        500        1  Right
10  3   100        10892      55815      55819      309        400        1  Right
11  0   100        10844      55816      55820      310        300        1  Left 
10  8   100        10896      55819      55919      312        300        1  Right
14  0   100        10858      55820      55921      313        100        1  Left 
7   12  500        10868      55818      56222      311        3000       1  Right
4   5   100        10887      56222      56322      316        200        1  Right
8   10  500        10922      55919      56421      313        1500       1  Right
0   9   500        10809      56421      56921      318        3500       1  Left 
8   3   100        10960      56921      57021      318        100        1  Right
0   14  500        10815      56921      57421      319        500        1  Left 
2   4   500        10821      56921      57422      319        3500       1  Right
6   4   100        10845      57422      57522      322        100        1  Right
0   14  500        10884      57421      57922      321        500        1  Left 
1   10  500        10994      57422      57924      321        3000       1  Right
5   4   500        10908      57522      58023      322        1000       1  Right
2   0   500        10880      57924      58425      325        3000       1  Left 
3   0   100        10885      58425      58525      327        400        1  Left 
6   2   100        10900      58425      58526      327        800        1  Right
3   8   100        10923      58525      58625      327        100        1  Right
3   10  100        11001      58625      58725      329        400        1  Right
0   11  500        10887      58525      59026      328        1500       1  Left 
6   5   500        10922      58526      59028      328        1500       1  Right
0   7   500        10887      59026      59527      332        4500       1  Left 
6   4   500        11144      59028      59529      332        500        1  Right
2   0   500        10891      59527      60028      334        3000       1  Left 
12  0   100        10905      60028      60128      335        100        1  Right
14  0   100        10911      60128      60228      336        100        1  Left 
0   1   100        10922      60228      60328      337        200        1  Left 
11  0   100        10936      60328      60428      338        300        1  Left 
2   6   500        10936      60028      60529      335        4000       1  Right
10  1   100        10953      60529      60629      340        600        1  Right
5   1   100        10965      60629      60729      341        900        1  Right
5   1   100        10965      60729      60829      342        900        1  Right
0   14  500        10937      60428      60929      339        500        1  Left 
0   6   100        10941      60929      61029      344        200        1  Right
14  0   100        10963      61029      61129      345        100        1  Left 
1   5   500        11001      60829      61330      343        4500       1  Right
5   2   100        11040      61330      61430      347        500        1  Right
0   11  500        10977      61330      61830      347        1500       1  Left 
0   14  500        10989      61830      62330      349        500        1  Left 
1   5   500        11004      61830      62331      349        4500       1  Right
11  1   100        11014      62331      62431      351        100        1  Right
0   14  500        11046      62330      62831      350        500        1  Left 
2   5   500        11071      62331      62833      351        2500       1  Right
1   11  500        11050      62431      62932      352        500        1  Right
7   0   100        10997      62833      62933      354        700        1  Right
10  1   100        11038      62932      62934      355        600        1  Right
0   7   500        11048      62933      62935      356        3500       1  Right
1   10  500        11079      62934      63034      357        3000       1  Right
9   0   100        11011      63034      63134      359        700        1  Left 
14  0   100        11020      63134      63234      360        100        1  Left 
3   10  100        11266      63134      63234      360        400        1  Right
11  1   100        11087      63134      63235      360        100        1  Right
5   0   100        11056      63234      63335      361        500        1  Right
1   11  500        11123      63235      63736      362        500        1  Right
0   9   500        11062      63335      63836      363        4500       1  Right
14  0   100        11072      63836      63936      365        100        1  Left 
7   0   100        11104      63936      64036      366        900        1  Left 
14  1   100        11130      64036      64136      367        100        1  Right
9   0   100        11142      64136      64236      368        700        1  Left 
6   1   100        11153      64236      64336      369        400        1  Left 
5   4   500        11159      63836      64337      365        1000       1  Right
11  1   100        11155      64336      64437      370        100        1  Right
14  1   100        11173      64437      64537      372        100        1  Right
0   5   500        11097      64337      64838      371        2500       1  Right
4   5   100        11138      64838      64938      374        200        1  Right
4   1   100        11199      64938      65038      375        1100       1  Right
4   1   100        11199      65038      65138      376        1100       1  Right
7   1   100        11204      65138      65238      377        700        1  Right
0   14  500        11098      64838      65338      374        500        1  Left 
4   2   100        11269      65238      65339      378        700        1  Right
1   14  500        11151      65338      65839      379        500        1  Right
0   7   500        11155      65339      65840      380        3500       1  Right
1   11  500        11191      65839      65841      381        500        1  Right
0   3   500        11178      65840      65842      382        6000       1  Right
11  3   100        11240      65842      65843      384        100        1  Right
6   2   100        11283      65842      65844      384        800        1  Right
11  8   100        11244      65843      65944      385        200        1  Right
7   15  100        11320      65844      65945      386        100        1  Right
8   3   100        11255      65944      66045      387        100        1  Right
1   14  500        11194      65841      66243      383        500        1  Right
0   12  500        11193      65842      66244      384        500        1  Right
14  1   100        11221      66243      66245      390        100        1  Right
8   11  500        11275      66045      66448      389        1000       1  Right
14  3   100        11292      66448      66548      393        300        1  Right
0   9   500        11193      66244      66549      391        4500       1  Right
14  8   100        11296      66548      66550      394        400        1  Right
1   0   500        11195      66550      67050      396        1000       1  Left 
10  3   500        11293      66550      67051      396        2000       1  Right
1   6   500        11205      67050      67551      397        2000       1  Left 
0   6   100        11220      67551      67552      399        200        1  Right
1   4   500        11230      67551      67953      399        5500       1  Right
1   4   500        11233      67953      68453      401        2500       1  Left 
0   1   100        11234      68453      68553      402        200        1  Left 
0   6   100        11235      68553      68653      403        200        1  Right
2   4   500        11295      68453      68954      402        3500       1  Right
9   0   100        11263      68954      69054      405        900        1  Right
1   14  500        11242      68553      69055      403        500        1  Right
3   0   100        11267      69054      69056      406        1200       1  Right
11  1   100        11311      69055      69057      407        100        1  Right
3   13  100        11323      69056      69156      408        800        1  Right
4   0   100        11288      69056      69157      408        300        1  Right
12  0   100        11294      69157      69257      411        100        1  Right
5   0   100        11309      69257      69357      412        500        1  Right
1   7   500        11250      69156      69657      410        3500       1  Right
0   3   500        11309      69657      70157      414        2000       1  Left 
2   6   500        11319      69657      70158      414        4000       1  Right
3   11  100        11334      70157      70258      415        100        1  Right
3   11  100        11336      70258      70358      417        100        1  Right
0   9   500        11314      70158      70359      416        4500       1  Right
8   14  500        11342      70358      70559      418        2000       1  Right
15  7   500        11376      70359      70859      419        500        1  Right
0   4   500        11324      70359      70860      419        1500       1  Right
1   11  500        11347      70559      71061      420        500        1  Right
13  3   500        11336      70859      71360      421        4000       1  Right
0   12  500        11330      70860      71361      422        500        1  Right
1   11  500        11430      71061      71562      421        500        1  Right
15  7   500        11629      71360      71860      422        500        1  Right
5   6   500        11407      71360      71861      422        1500       1  Right
11  3   500        11351      71562      72064      426        500        1  Right
3   14  100        11370      72064      72164      429        300        1  Right
11  1   100        11394      72164      72264      430        100        1  Right
0   5   500        11350      71861      72362      428        2500       1  Right
9   0   100        11381      72362      72462      432        900        1  Right
6   5   100        11386      72462      72562      433        300        1  Right
7   6   100        11431      72562      72662      432        500        1  Right
3   8   500        11385      72164      72665      430        500        1  Right
0   9   500        11432      72662      73163      433        4500       1  Right
3   0   100        11414      73163      73263      435        400        1  Left 
7   15  100        11573      73163      73264      435        100        1  Right
5   0   100        11434      73263      73364      436        500        1  Right
7   15  100        11744      73264      73365      437        100        1  Right
0   3   500        11445      73364      73865      438        2000       1  Left 
12  0   100        11463      73865      73965      440        100        1  Right
0   5   500        11475      73965      74465      441        2500       1  Right
3   0   100        11478      74465      74565      442        400        1  Left 
9   0   100        11492      74565      74665      443        700        1  Left 
0   12  500        11499      74665      75165      444        500        1  Right
0   3   500        11509      75165      75665      445        2000       1  Left 
5   0   100        11517      75665      75765      446        500        1  Right
6   0   500        11520      75765      76265      447        1000       1  Right
1   0   500        11534      76265      76765      448        1000       1  Left 
6   0   500        11534      76765      77265      449        1000       1  Right
12  0   100        11535      77265      77365      450        100        1  Right
4   0   100        11541      77365      77465      451        300        1  Right
3   0   100        11543      77465      77565      452        400        1  Left 
0   9   500        11543      77565      78065      453        3500       1  Left 
3   14  100        11638      78065      78165      454        300        1  Right
0   5   500        11565      78065      78565      454        2500       1  Right
0   6   100        11567      78565      78665      456        200        1  Right
6   5   100        11637      78665      78765      457        300        1  Right
0   12  500        11571      78665      79165      457        500        1  Right
0   4   500        11582      79165      79665      459        1500       1  Right
9   0   100        11594      79665      79765      460        700        1  Left 
5   0   100        11606      79765      79865      461        500        1  Right
9   1   100        11692      79765      79866      461        500        1  Right
4   0   100        11638      79865      79966      462        300        1  Right
12  3   100        11617      79966      80066      464        500        1  Left 
5   6   500        11658      79966      80467      464        1500       1  Right
0   9   500        11645      80066      80567      465        3500       1  Left 
0   5   500        11647      80567      81067      467        2500       1  Right
14  3   500        11656      80567      81068      467        1500       1  Right
0   4   500        11674      81067      81568      468        1500       1  Right
1   9   500        11738      81068      81569      469        2500       1  Right
5   0   100        11702      81568      81669      470        500        1  Right
3   12  500        11695      81669      82169      472        2500       1  Left 
6   1   100        11698      82169      82269      473        400        1  Left 
6   1   100        11698      82269      82369      474        400        1  Left 
9   1   100        11785      82369      82469      475        500        1  Right
6   7   500        11703      82369      82869      475        2500       1  Right
4   0   100        11711      82869      82969      477        300        1  Right
12  0   100        11719      82969      83069      478        100        1  Right
15  7   500        11800      82869      83370      477        500        1  Right
1   6   500        11741      83069      83570      479        2000       1  Left 
0   5   500        11743      83570      84070      481        2500       1  Right
1   6   500        11747      84070      84570      482        2000       1  Left 
0   4   500        11749      84570      85070      483        1500       1  Right
1   9   500        11831      84570      85071      483        2500       1  Right
6   2   100        11798      85071      85171      485        800        1  Right
0   12  500        11755      85070      85571      484        500        1  Right
12  1   100        11843      85571      85671      487        300        1  Left 
2   6   500        11834      85171      85672      486        4000       1  Right
1   12  500        11874      85671      86172      488        1500       1  Left 
5   0   100        11785      86172      86272      490        500        1  Right
9   1   100        11882      86172      86273      490        500        1  Right
4   0   100        11802      86272      86373      491        300        1  Right
5   1   100        11883      86273      86374      492        900        1  Right
6   0   100        11825      86373      86474      493        200        1  Right
0   5   500        11826      86474      86974      495        2500       1  Right
0   4   500        11838      86974      87474      496        1500       1  Right
0   6   500        11871      87474      87974      497        1000       1  Right
0   3   100        11872      87974      88074      498        400        1  Left 
6   0   500        11873      88074      88574      499        1000       1  Right
12  1   100        11894      88574      88674      500        300        1  Left 
4   0   100        11898      88674      88774      501        300        1  Right
3   1   100        11924      88674      88775      499        200        1  Right
0   4   500        11934      88774      89275      500        1500       1  Right
1   12  500        11925      89275      89775      502        1500       1  Left 
1   5   500        11925      89775      90275      503        3500       1  Left 
4   0   100        11978      90275      90375      504        300        1  Right
1   9   500        11928      90275      90775      504        2500       1  Right
0   2   100        11960      90775      90875      506        1000       1  Right
1   3   500        11937      90775      91275      506        1000       1  Right
8   9   500        12039      90875      91375      505        1000       1  Right
0   4   500        12014      90875      91376      505        1500       1  Right
9   3   100        12014      91375      91476      507        300        1  Right
12  1   100        11957      91376      91477      510        300        1  Left 
9   8   100        12018      91476      91577      509        200        1  Right
5   1   100        11973      91477      91578      512        700        1  Left 
1   12  500        11988      91578      92078      514        1500       1  Left 
1   5   500        12012      92078      92578      513        3500       1  Left 
3   0   100        12017      92578      92678      514        400        1  Left 
12  1   100        12020      92678      92778      515        300        1  Left 
3   11  100        12051      92678      92779      515        100        1  Right
5   1   100        12044      92778      92879      516        700        1  Left 
3   8   100        12051      92779      92880      517        100        1  Right
4   1   100        12050      92879      92980      518        500        1  Left 
12  3   100        12028      92980      93080      520        500        1  Left 
0   3   500        12048      93080      93580      521        2000       1  Left 
11  3   100        12065      93580      93680      522        100        1  Right
8   3   100        12083      93680      93780      523        100        1  Right
1   12  500        12051      93580      94080      522        1500       1  Left 
9   1   100        12065      94080      94180      525        500        1  Right
6   0   100        12078      94080      94181      525        200        1  Right
1   5   500        12080      94180      94681      526        4500       1  Right
0   6   500        12124      94181      94682      527        1000       1  Right
1   4   500        12083      94681      95182      528        5500       1  Right
3   1   100        12087      95182      95282      530        200        1  Right
4   1   100        12123      95282      95382      531        500        1  Left 
8   5   500        12161      95182      95683      530        3000       1  Right
1   9   500        12111      95683      96183      533        2500       1  Right
1   3   500        12113      96183      96683      534        1000       1  Right
3   9   100        12124      96683      96783      535        300        1  Right
5   3   100        12126      96783      96883      536        700        1  Right
5   8   100        12130      96883      96983      537        600        1  Right
5   3   100        12131      96983      97083      538        700        1  Right
1   4   500        12154      96683      97184      535        2500       1  Left 
3   0   100        12150      97184      97284      540        400        1  Left 
3   7   100        12159      97284      97384      541        500        1  Right
6   0   100        12186      97284      97385      541        200        1  Right
9   1   100        12160      97384      97485      542        500        1  Right
4   1   100        12181      97485      97585      544        500        1  Left 
3   5   500        12228      97485      97986      544        3500       1  Right
0   3   500        12181      97986      98486      546        2000       1  Left 
7   3   500        12182      98486      98986      547        2500       1  Right
0   6   500        12232      98486      98987      547        1000       1  Right
7   0   100        12186      98987      99087      549        700        1  Right
1   9   500        12206      98986      99487      548        2500       1  Right
0   7   500        12246      99087      99588      550        3500       1  Right
1   4   500        12212      99588      100088     552        2500       1  Left 
2   0   500        12241      100088     100588     553        3000       1  Left 
4   3   100        12258      100588     100688     554        700        1  Left 
4   8   100        12262      100688     100788     555        800        1  Right
6   0   100        12280      100688     100789     555        200        1  Right
4   3   100        12263      100788     100889     556        900        1  Right
0   2   100        12269      100889     100989     558        600        1  Left 
3   4   500        12287      100989     101489     559        3500       1  Left 
8   4   500        12300      101489     101490     560        4000       1  Right
3   12  500        12313      101489     101491     559        2500       1  Left 
3   14  100        12351      101491     101591     561        300        1  Right
0   6   500        12326      101491     101991     561        1000       1  Right
12  3   100        12330      101991     102091     563        500        1  Left 
7   0   100        12356      102091     102191     564        700        1  Right
14  3   100        12369      102091     102192     564        300        1  Right
6   0   100        12372      102191     102292     565        200        1  Right
12  3   100        12392      102292     102392     567        500        1  Left 
12  8   100        12396      102392     102492     568        600        1  Left 
3   12  100        12400      102492     102592     569        500        1  Left 
3   4   500        12405      102592     103092     570        3500       1  Left 
3   9   100        12413      103092     103192     569        300        1  Right
0   7   500        12407      103092     103592     569        3500       1  Right
3   4   100        12414      103592     103692     571        700        1  Left 
0   6   500        12418      103692     104192     572        1000       1  Right
4   3   500        12427      103692     104193     572        4500       1  Right
6   0   100        12469      104192     104293     573        200        1  Right
12  1   100        12473      104293     104393     575        300        1  Left 
9   3   500        12439      104193     104694     574        1500       1  Right
3   5   100        12456      104694     104794     577        700        1  Right
0   6   500        12515      104393     104894     574        1000       1  Right
8   12  500        12432      104894     105394     579        3000       1  Left 
8   3   100        12449      105394     105494     580        100        1  Right
7   0   100        12522      105394     105495     578        700        1  Right
3   12  100        12492      105495     105595     582        500        1  Left 
3   12  100        12495      105595     105695     583        500        1  Left 
12  3   500        12503      105695     106195     584        2500       1  Left 
1   12  500        12504      106195     106695     585        1500       1  Left 
3   8   500        12532      106195     106696     583        500        1  Right
2   0   500        12546      106695     107196     584        5000       1  Right
6   0   100        12561      107196     107296     586        200        1  Right
3   5   100        12774      107196     107297     586        700        1  Right
6   1   100        12649      107296     107397     587        400        1  Left 
0   2   100        12569      107397     107497     589        600        1  Left 
0   7   500        12583      107497     107997     590        3500       1  Right
0   6   500        12607      107997     108497     591        1000       1  Right
7   0   100        12634      108497     108597     592        700        1  Right
0   7   500        12685      108597     109097     593        3500       1  Right
7   3   100        12738      109097     109197     594        500        1  Right
1   6   500        12690      109097     109597     594        2000       1  Left 
6   1   100        12743      109597     109697     596        400        1  Left 
5   3   500        12787      109197     109698     595        3500       1  Right
1   6   500        12787      109697     110198     597        2000       1  Left 
3   7   500        12821      109698     110199     598        2500       1  Right
6   1   100        12824      110198     110299     599        400        1  Left 
3   5   100        12947      110199     110300     600        700        1  Right
1   6   500        12865      110299     110800     601        2000       1  Left 
2   0   500        12846      110800     111300     603        3000       1  Left 
7   0   100        12860      111300     111400     604        700        1  Right
0   1   100        12874      111400     111500     605        200        1  Left 
6   3   100        12916      111400     111501     605        1000       1  Right
0   6   100        12875      111501     111601     607        200        1  Right
0   7   500        12911      111601     112101     608        3500       1  Right
6   3   100        12921      112101     112201     609        600        1  Left 
3   7   100        12947      112201     112301     610        500        1  Right
3   6   500        12952      112301     112801     611        3000       1  Left 
5   3   100        12960      112801     112901     612        700        1  Right
7   3   100        12973      112901     113001     613        500        1  Right
7   1   100        12981      113001     113101     614        700        1  Right
7   3   100        12982      113101     113201     615        500        1  Right
3   6   100        13009      113201     113301     615        600        1  Left 
3   6   100        13020      113301     113401     616        600        1  Left 
1   7   500        13027      113401     113901     617        3500       1  Right
6   3   500        13038      113901     114401     618        3000       1  Left 
3   7   500        13077      114401     114901     619        2500       1  Right
1   0   500        13146      114401     114902     619        1000       1  Left 
7   1   100        13156      114902     115002     621        700        1  Right
7   1   100        13249      115002     115102     622        700        1  Right
7   1   100        13342      115102     115202     623        700        1  Right
7   3   100        13350      115202     115302     624        500        1  Right
6   0   500        13175      114902     115403     621        1000       1  Right
0   7   100        13169      115403     115503     626        700        1  Right
1   7   500        13202      115503     116003     627        3500       1  Right
1   7   500        13295      116003     116503     628        3500       1  Right
1   7   500        13388      116503     117003     629        3500       1  Right
7   0   500        13481      117003     117503     630        3500       1  Right
0   1   100        13532      117503     117603     629        200        1  Left 
3   7   500        13647      117503     118004     626        2500       1  Right
1   0   500        13804      117603     118104     625        1000       1  Left 
7   3   100        13679      118004     118105     628        500        1  Right
3   6   100        13715      118105     118205     628        600        1  Left 
6   3   100        13733      118205     118305     629        600        1  Left 
7   3   100        13741      118305     118405     630        500        1  Right
7   8   100        13745      118405     118505     631        400        1  Right
12  3   100        13785      118405     118506     631        500        1  Left 
3   7   100        13764      118506     118606     633        500        1  Right
3   12  100        13777      118606     118706     634        500        1  Left 
8   7   500        13766      118606     119106     634        2000       1  Right
3   8   100        13777      119106     119206     636        100        1  Right
7   1   100        13792      119106     119207     636        900        1  Left 
8   3   100        13808      119206     119307     637        100        1  Right
0   7   100        13827      119207     119308     638        700        1  Right
8   3   100        14747      119307     119408     635        100        1  Right
1   7   500        13838      119308     119809     640        4500       1  Left 
3   7   100        13849      119809     119909     642        500        1  Right
0   6   100        14189      119809     119910     642        200        1  Right
3   7   100        14788      119909     120010     639        500        1  Right
0   1   100        14190      119910     120011     644        200        1  Left 
3   8   500        14855      120010     120511     640        500        1  Right
7   0   500        14139      120011     120512     646        3500       1  Right
1   0   500        14213      120512     121012     646        1000       1  Left 
7   3   500        14811      120512     121013     644        2500       1  Right
0   1   100        14236      121012     121113     647        200        1  Left 
6   0   500        14486      121113     121613     648        1000       1  Right
1   0   500        14508      121613     122113     649        1000       1  Left 
0   1   100        14528      122113     122213     650        200        1  Left 
0   1   100        14530      122213     122313     651        200        1  Left 
1   0   500        14800      122313     122813     651        1000       1  Left 
1   0   500        14811      122813     123313     652        1000       1  Left 
0   2   100        14829      123313     123413     652        600        1  Left 
2   0   500        15106      123413     123913     653        3000       1  Left 
0   1   100        15146      123913     124013     654        200        1  Left 
0   2   100        15149      124013     124113     655        600        1  Left 
1   0   500        15418      124113     124613     652        1000       1  Left 
2   0   500        15426      124613     125113     653        3000       1  Left 
0   1   100        15437      125113     125213     654        200        1  Left 
1   0   500        15458      125213     125713     655        1000       1  Left 
0   1   100        15490      125713     125813     656        200        1  Left 
1   0   500        15762      125813     126313     656        1000       1  Left 
0   8   100        15788      126313     126413     657        500        1  Left 
0   2   100        15790      126413     126513     658        600        1  Left 
2   0   500        16068      126513     127013     657        3000       1  Left 
0   2   100        16092      127013     127113     658        600        1  Left 
0   6   100        16093      127113     127213     659        200        1  Right
8   0   500        16115      127213     127713     660        2500       1  Left 
2   0   500        16369      127713     128213     659        3000       1  Left 
6   0   500        16392      128213     128713     660        1000       1  Right
0   2   100        16402      128713     128813     661        600        1  Left 
2   0   500        16679      128813     129313     662        3000       1  Left 
0   8   100        16704      129313     129413     663        500        1  Left 
0   2   100        16706      129413     129513     664        600        1  Left 
2   0   500        16984      129513     130013     664        3000       1  Left 
0   1   100        17018      130013     130113     665        200        1  Left 
8   0   500        17031      130113     130613     666        2500       1  Left 
0   2   100        17090      130613     130713     667        600        1  Left 
1   0   500        17290      130713     131213     667        1000       1  Left 
2   0   500        17367      131213     131713     667        3000       1  Left 
0   2   100        17398      131713     131813     668        600        1  Left 
2   0   500        17675      131813     132313     665        3000       1  Left 
0   2   100        17702      132313     132413     666        600        1  Left 
2   0   500        17979      132413     132913     667        3000       1  Left 
0   2   100        18010      132913     133013     668        600        1  Left 
2   0   500        18287      133013     133513     665        3000       1  Left 
0   2   100        18320      133513     133613     665        600        1  Left 
0   6   100        18322      133613     133713     666        200        1  Right
2   0   500        18597      133713     134213     666        3000       1  Left 
6   0   500        18620      134213     134713     667        1000       1  Right
0   8   100        18624      134713     134813     668        500        1  Left 
0   2   100        18624      134813     134913     669        600        1  Left 
2   0   500        18904      134913     135413     669        3000       1  Left 
0   2   100        18931      135413     135513     670        600        1  Left 
8   0   500        18951      135513     136013     671        2500       1  Left 
2   0   500        19208      136013     136513     672        3000       1  Left 
0   2   100        19230      136513     136613     673        600        1  Left 
2   0   500        19507      136613     137113     673        3000       1  Left 
0   2   100        19821      137113     137213     673        600        1  Left 
2   0   500        20098      137213     137713     672        3000       1  Left 
0   2   100        20121      137713     137813     671        600        1  Left 
2   0   500        20398      137813     138313     669        3000       1  Left 
0   2   100        20425      138313     138413     669        600        1  Left 
2   0   500        20702      138413     138913     667        3000       1  Left 
0   2   100        20729      138913     139013     666        600        1  Left 
2   0   500        21006      139013     139513     667        3000       1  Left 
0   3   100        21028      139513     139613     667        400        1  Left 
0   8   100        21030      139613     139713     668        500        1  Left 
3   0   500        21320      139713     140213     666        2000       1  Left 
0   3   100        21348      140213     140313     666        400        1  Left 
8   0   500        21358      140313     140813     667        2500       1  Left 
