
245
C:/Users/nxconrad/Desktop/REU 2.0/Benchmark Data/16-core/7/flow_freqmine100#3.txt
745
[6, 13, 0, 11, 5, 10, 7, 8, 9, 2, 12, 1, 15, 4, 14, 3]
0   8   100        9400       9402       9502       0          500        1  Right
6   3   500        9399       9401       9901       0          500        1  Left 
4   14  500        9401       9502       10002      0          500        1  Right
2   11  500        9400       9502       10003      1          3000       1  Right
0   13  500        9411       9502       10004      0          500        1  Right
0   11  100        9417       10004      10104      4          100        1  Right
11  6   100        9430       10104      10204      5          300        1  Right
15  3   500        9428       10002      10503      2          1500       1  Right
1   7   500        9401       10003      10504      3          2500       1  Right
7   2   100        9478       10504      10604      8          300        1  Right
0   13  500        9488       10204      10705      6          500        1  Right
9   0   100        9424       10705      10805      10         600        1  Right
9   1   100        9426       10805      10806      11         300        1  Right
3   15  500        9432       10503      10905      7          1500       1  Right
9   4   100        9521       10905      11005      12         500        1  Right
14  4   100        9617       11005      11105      13         100        1  Right
8   6   500        9456       10805      11208      11         3500       1  Right
13  0   100        9457       11208      11308      16         100        1  Right
11  6   100        9467       11308      11408      17         300        1  Right
5   0   100        9489       11408      11508      18         200        1  Right
13  0   100        9519       11508      11608      18         100        1  Right
4   8   500        9408       11208      11708      16         3000       1  Right
5   0   100        9573       11608      11709      19         200        1  Right
1   8   100        9416       11708      11809      21         400        1  Right
13  0   100        9586       11709      11810      21         100        1  Right
1   5   500        9428       11809      12310      23         3500       1  Right
0   5   100        9488       12310      12410      25         200        1  Right
2   8   100        9491       12310      12411      25         200        1  Right
6   12  500        9433       12310      12810      25         3000       1  Left 
0   5   500        9532       12410      12912      25         1000       1  Right
15  12  500        9443       12810      13311      28         1000       1  Right
6   7   500        9464       12912      13413      29         3000       1  Right
8   15  500        9458       13311      13812      30         2500       1  Right
3   15  100        9485       13812      13912      32         300        1  Right
6   11  500        9498       13413      13914      31         1500       1  Right
1   9   500        9473       13812      14313      32         1500       1  Right
12  15  100        9495       14313      14413      35         200        1  Right
0   13  500        9550       13914      14415      33         500        1  Right
2   7   500        9519       14313      14815      34         1500       1  Right
1   6   500        9558       14413      14914      35         2500       1  Left 
5   7   500        9617       14815      15316      37         1000       1  Right
8   1   500        9500       14914      15415      39         2000       1  Right
7   6   100        9566       15316      15417      39         600        1  Right
6   1   100        9517       15417      15517      41         500        1  Left 
7   5   100        9591       15417      15518      41         200        1  Right
10  5   100        9605       15518      15618      43         100        1  Right
8   2   500        9537       15415      15916      40         1000       1  Right
6   11  500        9606       15517      16019      42         1500       1  Right
6   0   100        9609       16019      16119      46         200        1  Right
6   8   100        9611       16119      16219      47         700        1  Right
14  6   100        9618       16219      16319      48         200        1  Left 
4   9   500        9552       15916      16417      45         2500       1  Right
0   5   500        9614       16219      16418      48         1000       1  Right
6   10  500        9617       16417      16616      50         5500       1  Left 
6   1   100        9618       16616      16716      52         500        1  Left 
0   13  500        9617       16418      16919      51         500        1  Right
13  0   100        9656       16919      17019      54         100        1  Right
5   10  500        9626       16616      17118      52         500        1  Right
4   14  500        9653       16716      17217      53         500        1  Right
11  1   100        9619       17118      17218      56         800        1  Right
0   4   100        9635       17217      17317      57         500        1  Left 
8   1   100        9646       17218      17319      58         400        1  Right
8   2   100        9646       17319      17419      60         200        1  Right
8   4   100        9646       17419      17519      61         600        1  Right
8   15  100        9646       17519      17619      62         500        1  Right
5   1   100        9655       17619      17719      63         700        1  Right
0   13  500        9687       17317      17720      59         500        1  Right
6   4   500        9650       17519      17923      62         1500       1  Left 
1   11  500        9655       17719      18122      64         4000       1  Right
10  1   100        9668       18122      18123      67         600        1  Right
10  1   100        9668       18123      18124      68         600        1  Right
3   15  500        9686       17923      18226      66         1500       1  Right
4   8   100        9675       18226      18326      70         600        1  Right
6   11  500        9712       18122      18426      67         1500       1  Right
4   1   100        9683       18326      18426      71         200        1  Right
2   8   100        9682       18326      18427      71         200        1  Right
1   0   500        9684       18426      18927      72         3500       1  Left 
1   8   100        9684       18927      19027      74         400        1  Right
3   7   100        9836       18927      19028      74         700        1  Left 
14  2   100        9692       19027      19128      75         500        1  Right
8   0   500        9750       19028      19529      76         2500       1  Right
1   6   500        9695       19128      19629      77         2500       1  Left 
11  2   100        9703       19529      19630      78         600        1  Right
13  1   100        9714       19629      19730      79         600        1  Left 
10  2   100        9766       19630      19731      80         400        1  Right
1   5   500        9698       19730      20231      81         4500       1  Left 
15  8   100        9693       20231      20331      83         500        1  Right
14  6   100        9741       20231      20332      83         200        1  Left 
14  6   100        9745       20332      20432      85         200        1  Left 
1   10  500        9709       20331      20832      84         3000       1  Right
15  3   500        9792       20432      20933      86         1500       1  Right
3   15  100        9937       20933      21033      87         300        1  Right
1   10  500        9716       20832      21333      87         3000       1  Right
8   6   100        9754       21333      21433      90         700        1  Right
2   14  500        9718       21333      21833      90         2500       1  Right
0   14  100        9719       21833      21834      92         400        1  Left 
2   11  500        9734       21833      22234      92         3000       1  Right
1   4   500        9727       21833      22235      92         1000       1  Right
2   10  500        9807       22234      22236      94         2000       1  Right
0   5   500        9796       22234      22237      94         1000       1  Right
1   13  500        9740       22235      22239      95         3000       1  Left 
6   1   100        9747       22239      22339      98         500        1  Left 
6   0   100        9751       22339      22439      99         200        1  Right
9   4   100        9773       22339      22440      99         500        1  Right
5   0   100        9755       22439      22540      100        200        1  Right
10  0   100        9793       22540      22640      102        300        1  Right
6   14  500        9787       22439      22940      100        1000       1  Left 
15  12  500        9807       22440      22941      101        1000       1  Right
0   4   100        9796       22940      23040      104        500        1  Left 
9   6   100        9774       23040      23140      106        800        1  Left 
5   11  500        9832       22640      23141      103        500        1  Right
9   2   100        9848       23140      23142      107        100        1  Right
13  1   100        9797       23140      23143      107        600        1  Left 
0   8   100        9807       23141      23145      108        500        1  Right
13  1   100        9849       23143      23244      110        600        1  Left 
0   10  500        9839       23145      23245      111        1500       1  Right
6   7   500        9841       23244      23344      112        5000       1  Left 
11  6   100        9781       23344      23444      114        300        1  Right
12  7   100        9846       23344      23445      114        400        1  Right
11  5   100        9806       23444      23544      115        100        1  Right
7   5   100        9842       23544      23644      117        200        1  Right
1   6   500        9788       23444      23945      115        2500       1  Left 
4   0   100        9798       23945      24045      119        500        1  Left 
5   0   100        9850       24045      24145      120        200        1  Right
13  3   100        9911       24045      24146      119        200        1  Left 
13  8   100        9915       24146      24147      121        600        1  Right
4   9   500        9804       24045      24446      120        2500       1  Right
6   14  500        9917       24146      24549      121        1000       1  Left 
1   13  500        9823       24446      24550      124        5000       1  Right
5   1   100        9852       24550      24650      126        700        1  Right
15  3   500        9966       24549      24653      124        1500       1  Right
2   9   500        9889       24650      25150      127        500        1  Right
5   7   500        9868       24650      25151      127        1000       1  Right
0   4   500        9844       24653      25155      128        2500       1  Left 
7   1   100        9913       25151      25252      129        500        1  Right
4   0   100        9886       25155      25256      131        500        1  Left 
7   1   100        9913       25252      25353      131        500        1  Right
0   4   500        9922       25256      25757      132        2500       1  Left 
1   13  500        9875       25757      26257      135        3000       1  Left 
1   5   500        9889       26257      26757      136        3500       1  Right
9   6   100        9929       26757      26857      136        800        1  Right
14  1   100        9945       26757      26858      136        300        1  Right
0   6   100        9950       26857      26958      137        200        1  Right
5   4   100        9933       26858      26959      138        900        1  Right
8   6   100        9956       26959      27059      140        700        1  Right
1   14  500        9966       26959      27460      140        1500       1  Right
6   8   500        9969       27059      27560      141        3500       1  Right
14  2   100        9999       27460      27561      142        500        1  Right
8   13  500        10003      27560      28061      140        3000       1  Right
2   14  500        10025      27561      28062      141        2500       1  Right
0   9   100        10022      28061      28161      142        600        1  Right
3   13  100        10010      28061      28162      142        200        1  Left 
4   5   500        9957       28161      28662      147        4500       1  Right
4   1   100        9958       28662      28762      149        200        1  Right
11  5   100        10057      28662      28762      146        100        1  Right
7   2   100        10020      28662      28763      146        300        1  Right
6   1   100        10021      28762      28863      147        500        1  Left 
4   0   100        10032      28863      28963      149        500        1  Left 
5   11  500        10083      28762      29263      147        500        1  Right
1   7   500        9972       28863      29364      152        2500       1  Right
6   14  500        10049      28963      29464      150        1000       1  Left 
1   7   500        9975       29364      29865      155        2500       1  Right
7   0   100        10036      29865      29965      154        400        1  Right
10  0   100        10046      29965      30065      155        300        1  Right
1   4   500        9999       29865      30365      157        1000       1  Right
2   7   500        10063      29965      30467      155        1500       1  Right
0   4   500        10070      30365      30866      157        2500       1  Left 
14  2   100        10052      30866      30867      159        500        1  Right
9   6   100        10060      30866      30868      159        800        1  Right
2   14  500        10078      30867      30869      160        2500       1  Right
6   9   500        10060      30868      30870      161        4000       1  Right
1   6   500        10062      30870      31370      163        2500       1  Left 
0   7   500        10087      30870      31371      163        2000       1  Right
6   9   500        10081      31370      31871      164        4000       1  Left 
0   10  500        10092      31371      31872      165        1500       1  Right
9   1   100        10101      31871      31972      166        300        1  Right
6   11  500        10093      31872      32373      167        1500       1  Right
7   3   500        10138      31972      32473      167        4500       1  Right
0   6   100        10099      32373      32474      169        200        1  Right
14  6   100        10104      32474      32574      170        200        1  Left 
6   0   100        10116      32574      32674      171        200        1  Right
4   0   100        10117      32674      32774      172        500        1  Left 
14  5   100        10129      32774      32874      173        600        1  Left 
1   9   500        10147      32473      32974      169        1500       1  Right
10  0   100        10156      32874      32975      174        300        1  Right
4   1   100        10119      32974      33075      175        200        1  Right
7   12  500        10153      32974      33475      175        2000       1  Right
0   6   500        10162      32975      33476      176        1000       1  Right
9   2   100        10205      33475      33575      177        100        1  Right
1   4   500        10151      33075      33576      177        1000       1  Right
8   0   500        10165      33476      33577      179        2500       1  Right
6   9   500        10201      33576      33676      181        4000       1  Left 
3   7   100        10184      33676      33776      183        900        1  Right
12  7   100        10204      33776      33876      183        400        1  Right
0   10  500        10202      33577      34078      182        1500       1  Right
11  1   100        10128      34078      34178      186        800        1  Left 
11  1   100        10128      34178      34278      187        800        1  Left 
2   9   500        10246      33876      34377      184        500        1  Right
1   11  500        10164      34278      34779      188        4000       1  Left 
6   0   100        10211      34779      34879      189        200        1  Right
1   11  500        10167      34779      35279      190        4000       1  Right
5   14  500        10170      35279      35779      192        3000       1  Left 
5   4   100        10185      35779      35879      193        700        1  Left 
5   6   100        10186      35879      35979      194        400        1  Right
4   5   500        10206      35979      36479      194        3500       1  Left 
11  2   100        10216      36479      36579      195        600        1  Right
6   1   100        10315      36479      36580      195        500        1  Left 
0   8   100        10222      36579      36680      196        500        1  Right
5   2   100        10230      36680      36780      198        500        1  Right
11  0   100        10232      36680      36781      198        100        1  Right
15  8   100        10557      36780      36881      197        500        1  Right
10  0   100        10249      36781      36882      200        300        1  Right
2   11  500        10249      36882      37382      202        3000       1  Right
0   6   500        10261      36882      37383      202        1000       1  Right
2   5   500        10261      37382      37883      203        2500       1  Right
0   11  500        10273      37383      37884      204        500        1  Right
9   6   100        10293      37883      37984      205        800        1  Left 
7   0   100        10289      37884      37985      206        400        1  Right
2   4   500        10494      37984      38485      207        2000       1  Right
0   10  500        10295      37985      38486      208        1500       1  Right
5   6   100        10298      38486      38586      210        400        1  Right
9   5   100        10318      38586      38686      211        400        1  Right
0   5   100        10324      38686      38786      212        200        1  Right
0   7   500        10340      38786      39286      213        2000       1  Right
10  0   100        10341      39286      39386      214        300        1  Right
5   9   500        10344      39386      39886      215        2000       1  Right
5   6   100        10352      39886      39986      216        400        1  Right
1   6   500        10358      39986      40486      217        2500       1  Left 
0   10  500        10387      39986      40487      217        1500       1  Right
4   6   100        10444      40486      40587      218        300        1  Left 
4   2   100        10468      40587      40687      220        400        1  Right
6   5   500        10376      40587      41087      220        2000       1  Right
14  5   100        10380      41087      41187      222        600        1  Left 
6   14  500        10391      41187      41687      223        1000       1  Left 
6   0   100        10401      41687      41787      224        200        1  Right
5   14  500        10421      41687      42188      224        5000       1  Right
0   6   500        10448      41787      42288      225        1000       1  Right
14  1   100        10481      42188      42289      226        300        1  Right
7   0   100        10403      42288      42389      227        400        1  Right
14  1   100        10481      42289      42390      228        300        1  Right
10  0   100        10438      42389      42490      229        300        1  Right
7   3   500        10490      42390      42491      230        4500       1  Right
6   5   500        10463      42490      42591      231        2000       1  Right
11  0   100        10485      42591      42691      233        100        1  Right
6   0   100        10500      42691      42791      234        200        1  Right
7   12  500        10505      42491      42991      230        2000       1  Right
1   14  500        10502      42491      42992      231        1500       1  Right
0   7   500        10454      42991      43492      236        2000       1  Right
1   14  500        10505      42992      43493      235        1500       1  Right
14  2   100        10520      43493      43593      237        500        1  Right
4   6   100        10530      43593      43693      238        300        1  Left 
0   10  500        10484      43492      43993      238        1500       1  Right
7   0   100        10511      43993      44093      240        400        1  Right
2   14  500        10546      43693      44194      239        2500       1  Right
5   1   100        10483      44194      44294      244        700        1  Right
6   1   100        10502      44294      44394      244        500        1  Left 
5   2   100        10572      44294      44395      243        500        1  Right
0   11  500        10526      44093      44594      241        500        1  Right
1   5   500        10519      44395      44896      245        3500       1  Right
9   5   100        10569      44896      44996      247        400        1  Right
0   14  500        10562      44594      45095      246        2000       1  Left 
10  0   100        10530      45095      45195      249        300        1  Right
3   7   100        10547      45095      45196      249        900        1  Right
14  0   100        10536      45196      45296      251        400        1  Left 
12  7   100        10569      45196      45297      251        400        1  Right
1   6   500        10550      45296      45797      252        2500       1  Left 
8   0   500        10549      45297      45798      253        2500       1  Right
6   9   500        10565      45797      46298      254        4000       1  Left 
0   7   500        10569      45798      46299      255        2000       1  Right
1   8   100        10589      46298      46399      256        400        1  Right
4   6   500        10624      46298      46799      255        1500       1  Left 
0   10  500        10576      46299      46800      257        1500       1  Right
8   15  500        10608      46399      46900      257        2500       1  Right
11  0   100        10583      46800      46901      260        100        1  Right
6   5   500        10587      46900      47401      261        6000       1  Left 
6   4   100        10593      47401      47501      263        300        1  Left 
0   2   100        10603      47501      47502      263        900        1  Left 
0   2   100        10606      47502      47503      264        900        1  Left 
5   9   500        10595      47401      47704      263        2000       1  Right
0   11  500        10624      47503      48004      265        500        1  Right
0   4   100        10626      48004      48104      267        500        1  Left 
2   5   500        10603      47704      48205      266        2500       1  Right
2   8   100        10617      48205      48305      269        200        1  Right
7   0   100        10632      48205      48306      269        400        1  Right
10  1   100        10636      48306      48406      271        600        1  Right
11  0   100        10666      48306      48407      271        100        1  Right
9   1   100        10640      48406      48507      272        300        1  Right
6   4   500        10684      48104      48605      268        1500       1  Left 
9   1   100        10640      48507      48607      274        300        1  Right
0   7   500        10683      48407      48909      273        2000       1  Right
6   4   500        10725      48605      49107      274        1500       1  Left 
8   1   500        10648      48607      49108      276        2000       1  Right
5   6   100        10648      49108      49109      279        1200       1  Left 
4   6   100        10658      49109      49209      280        300        1  Left 
0   11  500        10715      48909      49311      276        500        1  Right
1   10  500        10677      49109      49611      280        3000       1  Right
10  1   100        10719      49611      49711      282        1000       1  Left 
4   1   100        10721      49711      49811      283        200        1  Right
7   0   100        10732      49711      49812      283        400        1  Right
11  0   100        10757      49812      49912      285        100        1  Right
8   2   500        10677      49611      50111      283        1000       1  Right
0   7   500        10783      49912      50413      286        2000       1  Right
1   9   500        10686      50111      50612      288        1500       1  Right
0   11  500        10798      50413      50914      288        500        1  Right
1   9   500        10689      50612      51113      290        1500       1  Right
9   2   100        10742      51113      51213      291        100        1  Right
9   0   100        10758      51213      51313      292        600        1  Right
14  0   100        10789      51313      51413      293        400        1  Left 
7   0   100        10836      51413      51513      292        400        1  Right
11  0   100        10844      51513      51613      293        100        1  Right
1   4   500        10752      51113      51614      291        1000       1  Right
2   9   500        10783      51313      51814      293        500        1  Right
4   2   100        10795      51814      51914      298        400        1  Right
7   3   500        10853      51613      52114      294        3500       1  Left 
1   10  500        10760      52114      52614      300        3000       1  Right
6   4   500        10807      52114      52615      298        1500       1  Left 
10  1   100        10800      52614      52715      301        600        1  Right
14  0   100        10858      52615      52716      300        400        1  Left 
2   4   500        10821      52715      53216      301        2000       1  Right
0   9   500        10809      52716      53217      302        3000       1  Right
6   4   100        10845      53216      53317      303        300        1  Left 
1   10  500        10841      53217      53718      304        3000       1  Right
0   14  500        10815      53317      53818      305        2000       1  Left 
4   6   100        10862      53818      53918      307        300        1  Left 
7   12  500        10868      53718      54219      306        2000       1  Right
4   6   500        10871      53918      54419      308        1500       1  Left 
2   0   500        10880      54219      54720      309        3500       1  Right
4   5   100        10887      54720      54721      311        900        1  Right
0   14  500        10884      54720      54722      311        2000       1  Left 
3   0   100        10885      54722      54822      313        300        1  Left 
5   4   500        10908      54721      54823      311        4500       1  Right
10  3   100        10892      54823      54923      315        1000       1  Right
10  8   100        10896      54923      55023      316        200        1  Right
6   2   100        10900      54923      55024      316        700        1  Left 
0   11  500        10887      54822      55323      314        500        1  Right
8   10  500        10922      55023      55525      316        1000       1  Right
2   0   500        10891      55323      55824      319        4500       1  Left 
3   8   100        10923      55824      55924      320        800        1  Right
0   7   500        10887      55824      56324      321        2000       1  Right
2   6   500        10936      55924      56425      321        3500       1  Left 
12  0   100        10905      56425      56525      323        800        1  Right
14  0   100        10911      56525      56625      324        400        1  Left 
1   10  500        10994      56525      57026      324        3000       1  Right
6   5   500        10922      56625      57126      325        2000       1  Right
8   3   100        10960      57026      57127      326        800        1  Right
11  0   100        10936      57126      57227      327        100        1  Right
6   4   500        11144      57127      57627      326        1500       1  Left 
1   5   500        11001      57127      57628      328        3500       1  Right
14  0   100        10963      57627      57728      330        400        1  Left 
1   5   500        11004      57628      58129      330        3500       1  Right
0   1   100        10922      58129      58229      333        700        1  Left 
2   5   500        11071      58129      58630      332        2500       1  Right
0   14  500        10937      58229      58730      334        2000       1  Left 
10  1   100        10953      58630      58731      335        600        1  Right
0   6   100        10941      58730      58831      336        200        1  Right
5   1   100        10965      58731      58832      337        700        1  Right
5   1   100        10965      58832      58932      339        700        1  Right
3   10  100        11001      58932      59032      340        1000       1  Right
5   2   100        11040      59032      59132      340        500        1  Right
0   11  500        10977      58831      59332      338        500        1  Right
11  1   100        11014      59332      59432      342        800        1  Right
10  1   100        11038      59432      59532      343        600        1  Right
0   14  500        10989      59332      59832      343        2000       1  Left 
1   11  500        11050      59532      60033      344        4000       1  Right
0   14  500        11046      59832      60333      345        2000       1  Left 
1   10  500        11079      60033      60534      346        3000       1  Right
7   0   100        10997      60534      60634      349        400        1  Right
9   0   100        11011      60634      60734      349        600        1  Right
14  0   100        11020      60734      60834      350        400        1  Left 
11  1   100        11087      60734      60835      350        800        1  Right
0   7   500        11048      60835      61335      352        2000       1  Right
5   0   100        11056      61335      61435      353        200        1  Right
3   10  100        11266      61335      61436      351        1000       1  Right
0   9   500        11062      61436      61936      355        3000       1  Right
14  0   100        11072      61936      62036      356        400        1  Left 
1   11  500        11123      61936      62437      355        4000       1  Right
14  1   100        11130      62437      62537      357        300        1  Right
6   1   100        11153      62537      62637      358        500        1  Left 
0   5   500        11097      62437      62937      358        1000       1  Right
4   5   100        11138      62937      62938      360        900        1  Right
11  1   100        11155      62938      63038      361        800        1  Right
0   14  500        11098      62937      63039      361        2000       1  Left 
5   4   500        11159      63038      63240      362        4500       1  Right
7   0   100        11104      63240      63340      364        400        1  Right
9   0   100        11142      63340      63440      365        600        1  Right
1   14  500        11151      63240      63741      364        1500       1  Right
14  1   100        11173      63741      63841      367        300        1  Right
0   7   500        11155      63440      63941      366        2000       1  Right
4   1   100        11199      63841      63942      368        200        1  Right
0   3   500        11178      63941      64442      369        1500       1  Left 
1   11  500        11191      63942      64443      370        4000       1  Right
0   12  500        11193      64443      64943      372        4000       1  Right
1   14  500        11194      64443      64944      372        1500       1  Right
4   1   100        11199      64944      65044      374        200        1  Right
4   2   100        11269      65044      65144      374        400        1  Right
6   2   100        11283      65144      65145      375        700        1  Left 
0   9   500        11193      64943      65345      373        3000       1  Right
1   0   500        11195      65345      65845      378        3500       1  Left 
7   1   100        11204      65845      65945      379        500        1  Right
11  3   100        11240      65845      65946      378        400        1  Left 
14  1   100        11221      65945      66046      379        300        1  Right
11  8   100        11244      65946      66047      380        400        1  Right
9   0   100        11263      66047      66147      382        600        1  Right
1   6   500        11205      66046      66547      382        2500       1  Left 
0   6   100        11220      66547      66647      384        200        1  Right
8   3   100        11255      66647      66747      385        800        1  Left 
3   0   100        11267      66747      66847      386        300        1  Left 
14  3   100        11292      66847      66947      387        100        1  Right
3   13  100        11323      66947      67047      387        200        1  Left 
1   4   500        11230      66547      67048      384        1000       1  Right
8   11  500        11275      66747      67249      386        2000       1  Right
1   4   500        11233      67048      67549      390        1000       1  Right
10  3   500        11293      67249      67750      391        3000       1  Left 
3   11  100        11334      67750      67850      392        400        1  Left 
3   11  100        11336      67850      67950      393        400        1  Left 
1   14  500        11242      67549      68050      392        1500       1  Right
0   1   100        11234      68050      68150      396        700        1  Left 
0   6   100        11235      68150      68250      397        200        1  Right
4   0   100        11288      68250      68350      398        500        1  Left 
1   7   500        11250      68150      68651      397        2500       1  Right
0   3   500        11309      68350      68851      398        1500       1  Left 
14  8   100        11296      68851      68852      401        900        1  Left 
2   4   500        11295      68651      68853      400        2000       1  Right
13  3   500        11336      68852      69152      401        1000       1  Left 
0   9   500        11314      68852      69153      401        3000       1  Right
2   6   500        11319      69152      69653      403        3500       1  Left 
12  0   100        11294      69653      69753      406        800        1  Right
5   0   100        11309      69753      69853      406        200        1  Right
7   15  100        11320      69753      69854      406        600        1  Right
11  1   100        11311      69854      69855      408        800        1  Right
0   4   500        11324      69853      69856      407        2500       1  Left 
1   11  500        11347      69855      69957      409        4000       1  Right
0   12  500        11330      69957      70457      411        4000       1  Right
8   14  500        11342      70457      70957      412        3500       1  Right
0   5   500        11350      70457      70958      412        1000       1  Right
3   14  100        11370      70957      71058      413        100        1  Right
6   5   100        11386      70958      71058      414        400        1  Right
15  7   500        11376      70957      71458      413        3000       1  Right
11  3   500        11351      71058      71559      415        2000       1  Left 
15  7   500        11629      71458      71959      413        3000       1  Right
5   6   500        11407      71559      72060      416        2000       1  Right
7   6   100        11431      72060      72061      418        600        1  Right
3   8   500        11385      71959      72361      418        4000       1  Right
9   0   100        11381      72361      72461      421        600        1  Right
11  1   100        11394      72461      72561      422        800        1  Right
3   0   100        11414      72461      72562      421        300        1  Left 
1   11  500        11430      72561      73062      422        4000       1  Right
0   9   500        11432      73062      73562      424        3000       1  Right
5   0   100        11434      73562      73662      425        200        1  Right
7   15  100        11573      73562      73663      424        600        1  Right
7   15  100        11744      73663      73763      423        600        1  Right
0   3   500        11445      73662      74163      426        1500       1  Left 
12  0   100        11463      74163      74263      429        800        1  Right
0   5   500        11475      74263      74763      430        1000       1  Right
3   0   100        11478      74763      74863      431        300        1  Left 
9   0   100        11492      74863      74963      432        600        1  Right
0   12  500        11499      74963      75463      433        4000       1  Right
0   3   500        11509      75463      75963      433        1500       1  Left 
5   0   100        11517      75963      76063      434        200        1  Right
6   0   500        11520      76063      76563      435        1000       1  Right
1   0   500        11534      76563      77063      436        3500       1  Left 
6   0   500        11534      77063      77563      437        1000       1  Right
12  0   100        11535      77563      77663      438        800        1  Right
4   0   100        11541      77663      77763      439        500        1  Left 
3   0   100        11543      77763      77863      440        300        1  Left 
12  3   100        11617      77863      77963      440        500        1  Right
3   14  100        11638      77963      78063      441        100        1  Right
0   9   500        11543      77863      78363      441        3000       1  Right
14  3   500        11656      78063      78564      442        500        1  Right
0   5   500        11565      78363      78864      444        1000       1  Right
0   6   100        11567      78864      78964      446        200        1  Right
0   12  500        11571      78964      79464      447        4000       1  Right
0   4   500        11582      79464      79964      448        2500       1  Left 
9   0   100        11594      79964      80064      449        600        1  Right
5   0   100        11606      80064      80164      450        200        1  Right
6   5   100        11637      80164      80264      450        400        1  Right
3   12  500        11695      79964      80465      448        2500       1  Right
0   9   500        11645      80264      80765      451        3000       1  Right
4   0   100        11638      80765      80865      453        500        1  Left 
9   1   100        11692      80765      80866      453        300        1  Right
6   1   100        11698      80866      80966      455        500        1  Left 
6   1   100        11698      80966      81066      456        500        1  Left 
0   5   500        11647      80865      81366      454        1000       1  Right
6   7   500        11703      81066      81567      457        5000       1  Left 
5   6   500        11658      81567      82067      459        2000       1  Right
1   9   500        11738      81567      82068      457        1500       1  Right
9   1   100        11785      82068      82168      459        300        1  Right
0   4   500        11674      82067      82568      460        2500       1  Left 
5   0   100        11702      82568      82668      463        200        1  Right
15  7   500        11800      82168      82669      460        3000       1  Right
4   0   100        11711      82668      82769      462        500        1  Left 
12  0   100        11719      82769      82770      464        800        1  Right
1   6   500        11741      82769      83171      464        2500       1  Left 
0   5   500        11743      82770      83271      465        1000       1  Right
5   0   100        11785      83271      83371      467        200        1  Right
1   6   500        11747      83171      83672      466        2500       1  Left 
0   4   500        11749      83672      84172      469        2500       1  Left 
1   9   500        11831      83672      84173      467        1500       1  Right
4   0   100        11802      84172      84273      470        500        1  Left 
12  1   100        11843      84173      84274      469        100        1  Right
6   2   100        11798      84273      84374      472        900        1  Right
0   12  500        11755      84374      84874      474        4000       1  Right
6   0   100        11825      84874      84974      473        200        1  Right
1   12  500        11874      84874      85375      473        500        1  Right
0   5   500        11826      84974      85475      474        1000       1  Right
2   6   500        11834      85375      85876      475        3500       1  Left 
9   1   100        11882      85876      85976      477        300        1  Right
5   1   100        11883      85976      86076      478        700        1  Right
12  1   100        11894      86076      86176      479        100        1  Right
0   4   500        11838      85876      86376      477        2500       1  Left 
1   12  500        11925      86176      86677      480        500        1  Right
3   1   100        11924      86677      86777      482        400        1  Right
0   6   500        11871      86376      86877      481        1000       1  Right
0   3   100        11872      86877      86977      484        300        1  Left 
1   5   500        11925      86777      87278      483        3500       1  Right
6   0   500        11873      86977      87478      485        1000       1  Right
4   0   100        11898      87478      87578      487        500        1  Left 
1   9   500        11928      87278      87779      486        1500       1  Right
12  1   100        11957      87779      87879      489        100        1  Right
0   4   500        11934      87578      88079      488        2500       1  Left 
8   9   500        12039      87779      88281      489        500        1  Right
0   2   100        11960      88281      88381      492        700        1  Right
1   3   500        11937      88079      88580      491        2000       1  Right
5   1   100        11973      88580      88680      494        700        1  Right
4   0   100        11978      88580      88681      494        500        1  Left 
9   3   100        12014      88681      88781      496        900        1  Left 
9   8   100        12018      88781      88881      497        100        1  Right
1   12  500        11988      88680      89181      495        500        1  Right
0   4   500        12014      88781      89282      497        2500       1  Left 
3   0   100        12017      89282      89382      500        300        1  Left 
3   11  100        12051      89382      89482      501        400        1  Left 
6   0   100        12078      89482      89582      502        200        1  Right
1   5   500        12012      89181      89682      499        3500       1  Right
12  1   100        12020      89682      89782      504        100        1  Right
3   8   100        12051      89682      89783      504        800        1  Left 
1   12  500        12051      89782      90283      505        500        1  Right
12  3   100        12028      90283      90383      507        500        1  Right
5   1   100        12044      90383      90483      508        700        1  Right
4   1   100        12050      90483      90583      509        200        1  Right
9   1   100        12065      90583      90683      510        300        1  Right
0   3   500        12048      90383      90884      508        1500       1  Left 
11  3   100        12065      90884      90984      512        400        1  Left 
1   5   500        12080      90683      91184      511        3500       1  Right
0   6   500        12124      90984      91485      513        1000       1  Right
8   3   100        12083      91485      91585      515        800        1  Left 
1   4   500        12083      91184      91685      514        1000       1  Right
3   1   100        12087      91685      91785      517        400        1  Right
8   5   500        12161      91585      92086      516        1500       1  Right
1   9   500        12111      91785      92286      518        1500       1  Right
1   3   500        12113      92286      92786      520        2000       1  Right
4   1   100        12123      92786      92886      521        200        1  Right
3   9   100        12124      92786      92887      521        900        1  Left 
5   3   100        12126      92887      92987      523        500        1  Left 
5   8   100        12130      92987      93087      524        300        1  Right
3   0   100        12150      92987      93088      524        300        1  Left 
5   3   100        12131      93088      93188      526        500        1  Left 
3   7   100        12159      93188      93288      527        700        1  Left 
1   4   500        12154      92886      93387      522        1000       1  Right
9   1   100        12160      93387      93487      529        300        1  Right
4   1   100        12181      93487      93587      530        200        1  Right
0   3   500        12181      93288      93789      528        1500       1  Left 
1   9   500        12206      93587      94088      531        1500       1  Right
7   3   500        12182      93789      94290      532        3500       1  Left 
6   0   100        12186      94290      94390      534        200        1  Right
7   0   100        12186      94390      94490      535        400        1  Right
1   4   500        12212      94088      94589      533        1000       1  Right
3   5   500        12228      94490      94991      536        2500       1  Left 
4   3   100        12258      94991      95091      538        200        1  Right
4   8   100        12262      95091      95191      539        600        1  Right
4   3   100        12263      95191      95291      540        200        1  Right
0   6   500        12232      94991      95491      538        1000       1  Right
3   4   500        12287      95291      95792      541        1000       1  Right
2   0   500        12241      95491      95992      542        3500       1  Right
3   12  500        12313      95792      96293      542        2500       1  Right
3   14  100        12351      96293      96393      544        100        1  Right
0   7   500        12246      95992      96493      544        2000       1  Right
6   0   100        12280      96493      96593      547        200        1  Right
7   0   100        12356      96593      96693      547        400        1  Right
6   0   100        12372      96693      96793      548        200        1  Right
8   4   500        12300      96293      96794      545        3000       1  Right
6   0   100        12469      96793      96894      547        200        1  Right
12  3   100        12330      96794      96895      550        500        1  Right
0   2   100        12269      96894      96995      552        700        1  Right
14  3   100        12369      96895      96996      552        100        1  Right
12  3   100        12392      96996      97096      554        500        1  Right
12  8   100        12396      97096      97196      555        300        1  Right
12  1   100        12473      97196      97296      554        100        1  Right
0   6   500        12326      96995      97496      553        1000       1  Right
4   3   500        12427      97096      97598      553        1000       1  Right
3   12  100        12400      97598      97698      559        500        1  Right
0   7   500        12407      97496      97997      558        2000       1  Right
8   12  500        12432      97698      98198      558        1500       1  Right
3   4   500        12405      97698      98199      560        1000       1  Right
3   9   100        12413      98199      98299      561        700        1  Right
3   4   100        12414      98299      98399      562        200        1  Right
0   6   500        12418      97997      98499      559        1000       1  Right
9   3   500        12439      98399      98900      563        3500       1  Right
0   6   500        12515      98499      99000      564        1000       1  Right
8   3   100        12449      98900      99001      565        800        1  Right
7   0   100        12522      99000      99101      566        400        1  Right
12  3   500        12503      99001      99502      567        2500       1  Right
2   0   500        12546      99101      99602      568        3500       1  Right
3   5   100        12456      99602      99702      570        500        1  Left 
3   12  100        12492      99702      99802      571        500        1  Right
6   0   100        12561      99702      99803      571        200        1  Right
3   12  100        12495      99802      99903      572        500        1  Right
0   2   100        12569      99803      99904      573        700        1  Right
1   12  500        12504      99903      100404     574        500        1  Right
3   8   500        12532      99904      100405     575        4000       1  Left 
6   1   100        12649      100405     100505     577        500        1  Left 
6   1   100        12743      100505     100605     578        500        1  Left 
6   1   100        12824      100605     100705     578        500        1  Left 
0   7   500        12583      100405     100905     577        2000       1  Right
3   5   100        12774      100905     100906     581        1100       1  Right
0   6   500        12607      100905     101306     581        1000       1  Right
7   0   100        12634      101306     101406     583        400        1  Right
1   6   500        12690      101306     101807     583        2500       1  Left 
0   7   500        12685      101406     101907     584        2000       1  Right
1   6   500        12787      101807     102308     585        2500       1  Left 
2   0   500        12846      101907     102408     585        3500       1  Right
1   6   500        12865      102308     102809     586        2500       1  Left 
7   3   100        12738      102809     102909     589        700        1  Left 
5   3   500        12787      102909     103409     590        2500       1  Left 
3   7   500        12821      103409     103909     590        3500       1  Left 
7   0   100        12860      103909     104009     591        400        1  Right
6   3   100        12916      103909     104010     590        100        1  Left 
0   1   100        12874      104009     104110     592        900        1  Right
6   3   100        12921      104010     104111     592        100        1  Left 
0   6   100        12875      104111     104112     595        200        1  Right
3   5   100        12947      104111     104113     594        1100       1  Right
0   7   500        12911      104113     104613     596        2000       1  Right
3   7   100        12947      104613     104713     597        700        1  Left 
3   6   500        12952      104713     105213     598        500        1  Left 
1   7   500        13027      104713     105214     598        2500       1  Right
5   3   100        12960      105213     105314     599        500        1  Left 
7   3   100        12973      105314     105414     601        700        1  Left 
7   1   100        12981      105414     105514     602        500        1  Right
3   6   100        13009      105414     105515     602        100        1  Left 
3   6   100        13020      105515     105615     604        100        1  Left 
1   0   500        13146      105514     106015     603        4500       1  Right
7   3   100        12982      106015     106115     606        700        1  Left 
7   1   100        13156      106115     106215     607        500        1  Right
7   1   100        13249      106215     106315     608        500        1  Right
7   1   100        13342      106315     106415     608        500        1  Right
6   3   500        13038      106115     106615     607        500        1  Left 
3   7   500        13077      106615     107115     611        3500       1  Left 
0   7   100        13169      107115     107215     612        400        1  Right
6   0   500        13175      107215     107715     613        1000       1  Right
1   7   500        13202      107215     107716     613        2500       1  Right
1   7   500        13295      107716     108216     615        2500       1  Right
7   3   100        13350      108216     108316     615        700        1  Left 
1   7   500        13388      108316     108816     616        2500       1  Right
7   0   500        13481      108816     109316     616        2000       1  Right
0   1   100        13532      109316     109416     617        700        1  Left 
3   7   500        13647      109416     109916     618        3500       1  Left 
7   3   100        13679      109916     110016     619        700        1  Left 
3   6   100        13715      110016     110116     620        100        1  Left 
6   3   100        13733      110116     110216     621        100        1  Left 
1   0   500        13804      110016     110517     620        4500       1  Right
7   3   100        13741      110517     110617     623        700        1  Left 
7   8   100        13745      110617     110717     624        100        1  Right
12  3   100        13785      110617     110718     624        500        1  Right
3   7   100        13764      110718     110818     626        700        1  Left 
3   12  100        13777      110818     110918     627        500        1  Right
8   7   500        13766      110818     111318     627        500        1  Right
3   8   100        13777      111318     111418     629        800        1  Right
0   7   100        13827      111318     111419     628        400        1  Right
8   3   100        13808      111418     111519     630        800        1  Right
0   6   100        14189      111419     111520     628        200        1  Right
7   1   100        13792      111519     111620     632        500        1  Right
1   7   500        13838      111620     112120     633        2500       1  Right
3   7   100        13849      112120     112220     634        700        1  Left 
8   3   100        14747      112220     112320     630        800        1  Right
7   0   500        14139      112220     112720     633        2000       1  Right
0   1   100        14190      112720     112820     635        700        1  Left 
1   0   500        14213      112820     113320     636        3500       1  Left 
0   1   100        14236      113320     113420     637        700        1  Left 
3   7   100        14788      113420     113520     635        900        1  Right
6   0   500        14486      113420     113920     635        1000       1  Right
7   3   500        14811      113520     114021     636        4500       1  Right
1   0   500        14508      114021     114521     638        3500       1  Left 
0   1   100        14528      114521     114621     639        700        1  Left 
0   1   100        14530      114621     114721     640        700        1  Left 
1   0   500        14800      114721     115221     641        3500       1  Left 
1   0   500        14811      115221     115721     642        3500       1  Left 
0   2   100        14829      115721     115821     642        700        1  Right
3   8   500        14855      115821     116321     643        4000       1  Right
2   0   500        15106      116321     116821     643        3500       1  Right
0   1   100        15146      116821     116921     644        700        1  Left 
0   2   100        15149      116921     117021     645        700        1  Right
1   0   500        15418      117021     117521     643        3500       1  Left 
2   0   500        15426      117521     118021     644        3500       1  Right
0   1   100        15437      118021     118121     645        700        1  Left 
1   0   500        15458      118121     118621     646        3500       1  Left 
0   1   100        15490      118621     118721     647        700        1  Left 
1   0   500        15762      118721     119221     645        3500       1  Left 
0   8   100        15788      119221     119321     646        500        1  Right
0   2   100        15790      119321     119421     647        700        1  Right
2   0   500        16068      119421     119921     646        3500       1  Right
0   2   100        16092      119921     120021     647        700        1  Right
0   6   100        16093      120021     120121     648        200        1  Right
8   0   500        16115      120121     120621     649        2500       1  Right
2   0   500        16369      120621     121121     647        3500       1  Right
6   0   500        16392      121121     121621     648        1000       1  Right
0   2   100        16402      121621     121721     649        700        1  Right
2   0   500        16679      121721     122221     647        3500       1  Right
0   8   100        16704      122221     122321     648        500        1  Right
0   2   100        16706      122321     122421     649        700        1  Right
2   0   500        16984      122421     122921     648        3500       1  Right
0   1   100        17018      122921     123021     648        700        1  Left 
8   0   500        17031      123021     123521     649        2500       1  Right
0   2   100        17090      123521     123621     650        700        1  Right
1   0   500        17290      123621     124121     648        3500       1  Left 
2   0   500        17367      124121     124621     647        3500       1  Right
0   2   100        17398      124621     124721     648        700        1  Right
2   0   500        17675      124721     125221     646        3500       1  Right
0   2   100        17702      125221     125321     647        700        1  Right
2   0   500        17979      125321     125821     645        3500       1  Right
0   2   100        18010      125821     125921     646        700        1  Right
2   0   500        18287      125921     126421     643        3500       1  Right
0   2   100        18320      126421     126521     644        700        1  Right
0   6   100        18322      126521     126621     645        200        1  Right
2   0   500        18597      126621     127121     643        3500       1  Right
6   0   500        18620      127121     127621     644        1000       1  Right
0   8   100        18624      127621     127721     645        500        1  Right
0   2   100        18624      127721     127821     646        700        1  Right
2   0   500        18904      127821     128321     647        3500       1  Right
0   2   100        18931      128321     128421     647        700        1  Right
8   0   500        18951      128421     128921     648        2500       1  Right
2   0   500        19208      128921     129421     646        3500       1  Right
0   2   100        19230      129421     129521     647        700        1  Right
2   0   500        19507      129521     130021     648        3500       1  Right
0   2   100        19821      130021     130121     644        700        1  Right
2   0   500        20098      130121     130621     645        3500       1  Right
0   2   100        20121      130621     130721     646        700        1  Right
2   0   500        20398      130721     131221     644        3500       1  Right
0   2   100        20425      131221     131321     645        700        1  Right
2   0   500        20702      131321     131821     645        3500       1  Right
0   2   100        20729      131821     131921     646        700        1  Right
2   0   500        21006      131921     132421     645        3500       1  Right
0   3   100        21028      132421     132521     646        300        1  Left 
0   8   100        21030      132521     132621     647        500        1  Right
3   0   500        21320      132621     133121     647        1500       1  Left 
0   3   100        21348      133121     133221     647        300        1  Left 
8   0   500        21358      133221     133721     648        2500       1  Right
