
362
C:/Users/nxconrad/Desktop/REU 2.0/Benchmark Data/16-core/7/flow_freqmine100#3.txt
745
[12, 8, 15, 6, 10, 0, 13, 1, 2, 5, 14, 4, 7, 11, 3, 9]
6   3   500        9399       9401       9901       0          2500       1  Left 
0   8   100        9400       9901       10001      1          400        1  Right
2   11  500        9400       9901       10402      0          2500       1  Right
15  3   500        9428       10001      10501      1          2000       1  Left 
0   13  500        9411       10001      10502      1          500        1  Right
11  6   100        9430       10501      10601      3          600        1  Left 
0   11  100        9417       10601      10602      5          800        1  Left 
9   0   100        9424       10602      10702      6          600        1  Left 
13  0   100        9457       10702      10802      7          100        1  Right
1   7   500        9401       10402      10805      2          2500       1  Right
3   15  500        9432       10702      11203      7          2000       1  Left 
0   13  500        9488       10802      11303      8          500        1  Right
4   14  500        9401       10805      11306      9          500        1  Right
5   0   100        9489       11303      11403      11         400        1  Right
9   1   100        9426       11403      11404      13         800        1  Right
13  0   100        9519       11403      11405      13         100        1  Right
7   2   100        9478       11404      11505      14         400        1  Right
6   12  500        9433       11203      11605      10         1500       1  Right
5   0   100        9573       11505      11605      16         400        1  Right
9   4   100        9521       11505      11606      16         400        1  Right
13  0   100        9586       11605      11705      17         100        1  Right
14  4   100        9617       11606      11707      18         100        1  Right
15  12  500        9443       11605      12106      17         1000       1  Right
6   7   500        9464       11707      12208      20         4500       1  Right
4   8   500        9408       12208      12708      22         3000       1  Left 
1   8   100        9416       12708      12808      23         600        1  Right
1   5   500        9428       12808      13308      24         1000       1  Right
8   6   500        9456       12808      13309      24         1000       1  Right
1   9   500        9473       13308      13809      25         4000       1  Right
8   15  500        9458       13309      13810      26         500        1  Right
11  6   100        9467       13809      13811      27         1000       1  Right
3   15  100        9485       13810      13812      28         400        1  Left 
0   5   100        9488       13811      13912      29         400        1  Right
12  15  100        9495       13812      13913      30         200        1  Right
4   9   500        9552       13812      14313      30         2000       1  Right
0   5   500        9532       13912      14413      31         2000       1  Right
4   14  500        9653       14313      14813      33         500        1  Right
6   11  500        9498       14313      14814      33         3000       1  Left 
2   8   100        9491       14814      14914      36         900        1  Left 
0   13  500        9550       14413      14915      34         500        1  Right
8   1   500        9500       14914      15415      37         5000       1  Left 
6   1   100        9517       15415      15515      39         400        1  Right
2   7   500        9519       15415      15916      39         2000       1  Right
1   6   500        9558       15515      15917      40         2000       1  Right
8   2   500        9537       15916      16318      41         4500       1  Left 
7   6   100        9566       16318      16418      43         700        1  Left 
7   5   100        9591       16418      16518      44         300        1  Right
10  5   100        9605       16518      16618      45         500        1  Right
6   11  500        9606       16418      16919      44         3000       1  Left 
14  6   100        9618       16919      16920      47         900        1  Left 
0   5   500        9614       16618      17020      46         2000       1  Right
6   0   100        9609       17020      17120      49         200        1  Right
6   8   100        9611       17120      17220      50         200        1  Right
5   7   500        9617       17020      17521      49         1500       1  Right
0   13  500        9617       17120      17622      50         500        1  Right
6   10  500        9617       17220      17721      51         500        1  Right
13  0   100        9656       17622      17722      53         100        1  Right
1   11  500        9655       17521      18022      52         3000       1  Right
6   1   100        9618       18022      18122      56         400        1  Right
4   8   100        9675       18022      18123      56         600        1  Left 
5   10  500        9626       18122      18623      57         2500       1  Right
11  1   100        9619       18623      18723      59         600        1  Right
0   4   100        9635       18723      18823      60         600        1  Right
8   1   100        9646       18823      18923      61         600        1  Right
8   2   100        9646       18923      19023      62         700        1  Right
8   4   100        9646       19023      19123      63         600        1  Left 
5   1   100        9655       19023      19124      63         200        1  Right
8   15  100        9646       19123      19223      64         100        1  Right
14  2   100        9692       19124      19225      65         200        1  Right
0   13  500        9687       19023      19524      63         500        1  Right
10  1   100        9668       19524      19624      68         300        1  Right
10  1   100        9668       19624      19724      69         300        1  Right
6   4   500        9650       19223      19725      66         4000       1  Left 
2   8   100        9682       19725      19825      71         900        1  Left 
11  2   100        9703       19825      19925      72         500        1  Right
1   0   500        9684       19724      20225      70         1000       1  Right
3   15  500        9686       19825      20326      72         2000       1  Left 
2   14  500        9718       19925      20327      73         1000       1  Right
4   1   100        9683       20326      20328      75         1200       1  Left 
1   8   100        9684       20328      20428      77         600        1  Right
3   7   100        9836       20328      20429      77         200        1  Right
15  8   100        9693       20428      20529      78         100        1  Right
1   6   500        9695       20428      20929      78         2000       1  Right
15  3   500        9792       20529      21030      80         2000       1  Left 
1   5   500        9698       20929      21430      81         1000       1  Right
6   11  500        9712       21030      21531      82         3000       1  Left 
1   10  500        9709       21430      21931      83         1500       1  Right
15  12  500        9807       21531      22031      84         1000       1  Right
2   11  500        9734       21531      22032      84         2500       1  Right
13  1   100        9714       21931      22033      85         100        1  Right
8   0   500        9750       22031      22532      86         2000       1  Right
14  6   100        9741       22532      22632      89         900        1  Left 
14  6   100        9745       22632      22732      90         900        1  Left 
8   6   100        9754       22732      22832      91         200        1  Right
3   15  100        9937       22832      22932      91         400        1  Left 
1   10  500        9716       22532      23032      89         1500       1  Right
0   14  100        9719       23032      23132      94         500        1  Right
1   4   500        9727       23132      23632      95         2000       1  Right
10  2   100        9766       23632      23633      96         1200       1  Left 
9   4   100        9773       23633      23733      97         400        1  Right
9   6   100        9774       23733      23833      98         400        1  Left 
11  6   100        9781       23833      23933      99         600        1  Left 
1   13  500        9740       23632      23934      96         500        1  Right
0   5   500        9796       23933      24335      100        6000       1  Left 
6   1   100        9747       24335      24435      102        400        1  Right
11  5   100        9806       24335      24436      102        400        1  Right
13  1   100        9797       24435      24535      103        100        1  Right
6   0   100        9751       24435      24536      103        200        1  Right
7   5   100        9842       24436      24538      104        300        1  Right
13  1   100        9849       24535      24539      105        100        1  Right
5   0   100        9755       24538      24542      107        1200       1  Left 
6   14  500        9787       24542      25042      109        3500       1  Right
1   6   500        9788       25042      25542      110        2000       1  Right
5   11  500        9832       25042      25543      110        2000       1  Right
10  0   100        9793       25542      25643      111        100        1  Right
1   13  500        9823       25542      26043      111        500        1  Right
6   7   500        9841       25543      26044      112        3500       1  Left 
0   4   100        9796       26043      26144      114        600        1  Right
12  7   100        9846       26044      26145      115        400        1  Left 
4   0   100        9798       26144      26245      116        600        1  Right
0   8   100        9807       26245      26345      118        400        1  Right
4   9   500        9804       26245      26745      118        2000       1  Right
1   13  500        9875       26245      26746      118        500        1  Right
2   10  500        9807       26745      27245      120        6000       1  Left 
9   2   100        9848       27245      27345      122        700        1  Right
0   10  500        9839       27245      27346      122        500        1  Right
6   14  500        9917       27345      27446      122        4500       1  Left 
1   5   500        9889       27345      27447      123        1000       1  Right
0   4   500        9844       27446      27448      125        5000       1  Left 
1   14  500        9966       27447      27449      125        1500       1  Right
13  3   100        9911       27448      27549      126        800        1  Left 
5   0   100        9850       27549      27649      129        400        1  Right
9   6   100        9929       27549      27650      128        400        1  Left 
5   1   100        9852       27649      27750      130        200        1  Right
4   0   100        9886       27650      27751      131        1000       1  Left 
5   7   500        9868       27751      28251      133        1500       1  Right
2   9   500        9889       27751      28252      133        4500       1  Left 
7   1   100        9913       28252      28253      134        1100       1  Left 
7   1   100        9913       28253      28254      135        1100       1  Left 
13  8   100        9915       28254      28354      136        500        1  Right
4   5   500        9957       28251      28554      133        1000       1  Right
15  3   500        9966       28354      28855      137        2000       1  Left 
0   4   500        9922       28554      29055      138        3000       1  Right
5   4   100        9933       29055      29155      140        200        1  Right
14  1   100        9945       29155      29255      141        300        1  Right
4   1   100        9958       29255      29355      142        400        1  Right
6   8   500        9969       28855      29356      139        1000       1  Right
0   6   100        9950       29356      29456      144        200        1  Right
8   6   100        9956       29456      29556      145        200        1  Right
1   7   500        9972       29355      29856      143        2500       1  Right
8   13  500        10003      29556      30057      145        2500       1  Right
3   13  100        10010      30057      30058      147        800        1  Left 
0   9   100        10022      30058      30158      148        600        1  Left 
1   7   500        9975       29856      30258      147        2500       1  Right
9   6   100        10060      30158      30259      149        400        1  Left 
14  2   100        9999       30258      30260      151        200        1  Right
1   4   500        9999       30259      30261      152        6000       1  Left 
2   14  500        10025      30260      30361      152        1000       1  Right
6   1   100        10021      30261      30362      153        400        1  Right
7   2   100        10020      30361      30462      154        400        1  Right
14  2   100        10052      30462      30562      156        200        1  Right
11  5   100        10057      30562      30662      157        400        1  Right
1   6   500        10062      30362      30863      155        2000       1  Right
9   1   100        10101      30863      30963      159        800        1  Left 
2   7   500        10063      30662      31163      158        2000       1  Right
4   0   100        10032      31163      31263      161        600        1  Right
7   0   100        10036      31263      31363      162        700        1  Right
10  0   100        10046      31363      31463      163        100        1  Right
6   14  500        10049      31363      31864      163        4500       1  Left 
6   9   500        10060      31864      31865      165        2000       1  Left 
7   3   500        10138      31864      31865      165        1000       1  Right
0   4   500        10070      31864      31866      165        3000       1  Right
6   9   500        10081      31865      32366      166        2000       1  Left 
2   14  500        10078      31866      32367      167        1000       1  Right
0   7   500        10087      32366      32867      168        4500       1  Left 
5   11  500        10083      32867      33367      170        2000       1  Right
0   10  500        10092      32867      33368      170        500        1  Right
5   14  500        10170      33367      33867      171        500        1  Right
6   11  500        10093      33367      33868      171        3000       1  Left 
0   6   100        10099      33868      33968      174        200        1  Right
6   0   100        10116      33968      34068      175        200        1  Right
1   9   500        10147      33868      34369      174        4000       1  Right
14  6   100        10104      34369      34469      177        700        1  Right
4   0   100        10117      34469      34569      178        600        1  Right
4   1   100        10119      34569      34669      179        400        1  Right
10  0   100        10156      34569      34670      179        100        1  Right
14  5   100        10129      34669      34770      180        100        1  Right
7   12  500        10153      34369      34870      177        2000       1  Left 
3   7   100        10184      34870      34970      183        200        1  Right
12  7   100        10204      34970      35070      184        400        1  Left 
0   6   500        10162      34670      35172      181        1000       1  Right
1   4   500        10151      34770      35271      182        2000       1  Right
11  1   100        10128      35271      35371      187        600        1  Right
11  1   100        10128      35371      35471      188        600        1  Right
8   0   500        10165      35172      35673      186        2000       1  Right
1   11  500        10164      35471      35972      189        3000       1  Right
0   10  500        10202      35673      36173      190        500        1  Right
6   9   500        10201      35673      36174      190        2000       1  Left 
6   0   100        10211      36174      36274      193        200        1  Right
0   8   100        10222      36274      36374      194        400        1  Right
1   11  500        10167      35972      36474      191        3000       1  Right
15  8   100        10557      36374      36475      192        100        1  Right
6   1   100        10315      36474      36574      196        400        1  Right
5   4   100        10185      36474      36575      196        200        1  Right
9   2   100        10205      36574      36675      198        900        1  Left 
11  2   100        10216      36675      36676      200        1100       1  Left 
11  0   100        10232      36676      36776      201        800        1  Left 
4   5   500        10206      36575      36977      199        1000       1  Right
2   9   500        10246      36776      37277      202        4500       1  Left 
5   6   100        10186      37277      37377      204        600        1  Right
5   2   100        10230      37377      37477      205        100        1  Right
10  0   100        10249      37377      37478      205        100        1  Right
2   11  500        10249      37477      37978      206        2500       1  Right
0   6   500        10261      37478      37979      207        1000       1  Right
2   5   500        10261      37978      38479      208        500        1  Right
0   11  500        10273      37979      38480      209        4000       1  Left 
7   0   100        10289      38480      38580      211        900        1  Left 
9   6   100        10293      38580      38680      212        400        1  Left 
2   4   500        10494      38479      38980      209        1500       1  Right
5   6   100        10298      38980      39080      214        1000       1  Left 
0   10  500        10295      38580      39082      212        500        1  Right
9   5   100        10318      39080      39181      215        600        1  Right
10  0   100        10341      39082      39183      216        100        1  Right
5   9   500        10344      39181      39682      217        3000       1  Right
0   5   100        10324      39682      39782      219        400        1  Right
0   7   500        10340      39782      40282      220        3500       1  Right
5   6   100        10352      40282      40382      221        600        1  Right
1   6   500        10358      40382      40882      222        2000       1  Right
6   5   500        10376      40882      41382      223        3000       1  Right
14  5   100        10380      41382      41482      224        100        1  Right
4   6   100        10444      41382      41482      223        800        1  Left 
0   10  500        10387      41382      41883      224        500        1  Right
6   14  500        10391      41482      41983      225        4500       1  Left 
6   0   100        10401      41983      42083      226        200        1  Right
7   0   100        10403      42083      42183      227        900        1  Left 
10  0   100        10438      42183      42283      228        100        1  Right
5   14  500        10421      41983      42484      226        500        1  Right
4   2   100        10468      42484      42584      230        300        1  Right
14  1   100        10481      42584      42684      231        300        1  Right
7   3   500        10490      42183      42685      228        1000       1  Right
0   6   500        10448      42283      42784      229        1000       1  Right
14  1   100        10481      42684      42785      232        300        1  Right
7   12  500        10505      42685      43186      231        2000       1  Left 
6   5   500        10463      42785      43286      235        3000       1  Right
0   7   500        10454      43286      43786      237        3500       1  Right
5   1   100        10483      43786      43886      238        200        1  Right
4   6   100        10530      43786      43886      236        800        1  Left 
3   7   100        10547      43886      43986      237        200        1  Right
12  7   100        10569      43986      44086      238        400        1  Left 
0   10  500        10484      43786      44287      238        500        1  Right
1   14  500        10502      43886      44387      237        1500       1  Right
11  0   100        10485      44287      44388      242        800        1  Left 
6   0   100        10500      44388      44488      243        200        1  Right
7   0   100        10511      44488      44588      243        900        1  Left 
1   14  500        10505      44387      44888      241        1500       1  Right
0   11  500        10526      44588      45089      244        4000       1  Left 
10  0   100        10530      45089      45189      246        100        1  Right
1   5   500        10519      44888      45389      245        1000       1  Right
6   1   100        10502      45389      45489      248        400        1  Right
14  2   100        10520      45389      45490      248        200        1  Right
1   6   500        10550      45489      45990      249        2000       1  Right
2   14  500        10546      45490      45991      250        1000       1  Right
10  1   100        10636      45990      46090      249        300        1  Right
5   2   100        10572      45991      46092      252        100        1  Right
14  0   100        10536      46092      46192      254        500        1  Right
6   9   500        10565      45990      46491      251        2000       1  Left 
0   14  500        10562      46192      46492      255        2500       1  Right
4   6   500        10624      46491      46791      254        4000       1  Left 
9   5   100        10569      46791      46891      258        600        1  Right
8   0   500        10549      46791      47291      258        2000       1  Right
1   8   100        10589      47291      47391      260        600        1  Right
5   9   500        10595      46891      47392      259        3000       1  Right
8   15  500        10608      47391      47892      259        500        1  Right
0   7   500        10569      47392      47893      262        3500       1  Right
0   10  500        10576      47893      48393      264        500        1  Right
6   5   500        10587      47893      48394      264        5000       1  Left 
0   2   100        10603      48393      48494      263        300        1  Right
6   4   100        10593      48394      48495      266        800        1  Left 
1   10  500        10677      48494      48994      265        1500       1  Right
2   5   500        10603      48494      48995      265        500        1  Right
11  0   100        10583      48994      49095      269        800        1  Left 
0   2   100        10606      49095      49096      269        300        1  Right
5   6   100        10648      49095      49097      269        1000       1  Left 
2   8   100        10617      49097      49197      271        700        1  Right
0   11  500        10624      49197      49697      272        4000       1  Right
0   4   100        10626      49697      49797      273        600        1  Right
7   0   100        10632      49797      49897      274        700        1  Right
9   1   100        10640      49897      49997      275        800        1  Right
9   1   100        10640      49997      50097      276        800        1  Right
8   1   500        10648      50097      50597      277        3000       1  Right
4   6   100        10658      50597      50697      278        800        1  Right
11  0   100        10666      50697      50797      279        800        1  Right
8   2   500        10677      50797      51297      280        3500       1  Right
0   7   500        10683      51297      51797      281        3500       1  Right
6   4   500        10684      51797      52297      282        4000       1  Right
1   9   500        10686      52297      52797      283        4000       1  Right
1   9   500        10689      52797      53297      284        4000       1  Right
0   11  500        10715      53297      53797      284        4000       1  Right
10  1   100        10719      53797      53897      285        300        1  Right
6   4   500        10725      53797      54298      285        4000       1  Left 
4   1   100        10721      54298      54299      287        400        1  Right
7   0   100        10732      54298      54300      287        900        1  Left 
11  0   100        10757      54300      54400      289        800        1  Left 
1   4   500        10752      54299      54401      288        2000       1  Right
0   7   500        10783      54400      54502      290        4500       1  Left 
9   2   100        10742      54502      54602      292        700        1  Right
1   10  500        10760      54502      55003      292        1500       1  Right
2   9   500        10783      54602      55103      293        3500       1  Right
10  1   100        10800      55003      55104      294        300        1  Right
4   2   100        10795      55103      55204      295        300        1  Right
9   0   100        10758      55104      55205      296        600        1  Left 
14  0   100        10789      55205      55206      298        500        1  Right
6   4   500        10807      55205      55607      296        4000       1  Left 
1   10  500        10841      55206      55707      297        1500       1  Right
2   4   500        10821      55607      56108      298        1500       1  Right
0   11  500        10798      55707      56208      301        4000       1  Left 
0   9   500        10809      56208      56708      301        3000       1  Left 
6   4   100        10845      56708      56709      302        800        1  Left 
4   6   100        10862      56709      56710      303        800        1  Left 
0   14  500        10815      56708      56711      302        2500       1  Right
4   6   500        10871      56710      56712      304        4000       1  Left 
0   14  500        10884      56711      57012      305        2500       1  Right
7   0   100        10836      57012      57112      307        700        1  Right
11  0   100        10844      57112      57212      308        800        1  Right
8   10  500        10922      56712      57213      306        1500       1  Right
14  0   100        10858      57212      57312      309        500        1  Right
4   5   100        10887      57312      57412      311        200        1  Right
7   3   500        10853      57212      57713      309        1000       1  Right
2   0   500        10880      57312      57813      311        1500       1  Right
5   4   500        10908      57412      57913      312        1000       1  Right
6   2   100        10900      57813      57913      314        500        1  Right
7   12  500        10868      57713      58214      313        2000       1  Left 
6   5   500        10922      57913      58414      315        3000       1  Right
3   0   100        10885      58414      58514      317        700        1  Left 
10  3   100        10892      58514      58515      318        600        1  Left 
10  8   100        10896      58515      58615      319        300        1  Right
3   8   100        10923      58615      58715      320        300        1  Left 
8   3   100        10960      58715      58815      321        300        1  Left 
0   11  500        10887      58514      58915      318        4000       1  Right
0   7   500        10887      58915      59415      323        3500       1  Right
2   0   500        10891      59415      59915      324        1500       1  Right
6   4   500        11144      59415      59916      324        4000       1  Left 
0   1   100        10922      59915      59917      325        200        1  Right
10  1   100        10953      59917      59918      327        300        1  Right
2   6   500        10936      59916      59919      326        5500       1  Left 
1   10  500        10994      59918      60119      328        1500       1  Right
12  0   100        10905      60119      60219      330        500        1  Right
5   1   100        10965      60119      60220      330        200        1  Right
14  0   100        10911      60219      60221      331        1100       1  Left 
5   1   100        10965      60220      60222      332        200        1  Right
11  0   100        10936      60221      60322      333        800        1  Left 
1   5   500        11001      60222      60323      334        1000       1  Right
0   14  500        10937      60322      60324      335        5500       1  Left 
0   6   100        10941      60324      60424      337        200        1  Right
14  0   100        10963      60424      60425      338        1100       1  Left 
1   5   500        11004      60323      60626      336        1000       1  Right
5   2   100        11040      60626      60726      340        100        1  Right
0   11  500        10977      60425      60926      339        4000       1  Left 
2   5   500        11071      60726      61227      341        500        1  Right
0   14  500        10989      60926      61427      342        5500       1  Left 
7   0   100        10997      61427      61428      344        700        1  Right
3   10  100        11001      61427      61429      344        600        1  Left 
11  1   100        11014      61428      61529      345        600        1  Right
9   0   100        11011      61429      61530      346        600        1  Left 
1   11  500        11050      61529      62030      347        3000       1  Right
14  0   100        11020      62030      62130      349        500        1  Right
10  1   100        11038      62130      62230      350        300        1  Right
0   14  500        11046      62230      62730      351        2500       1  Right
0   7   500        11048      62730      63230      352        3500       1  Right
5   0   100        11056      63230      63330      353        400        1  Right
11  1   100        11087      63330      63430      354        600        1  Right
0   9   500        11062      63330      63830      354        3000       1  Left 
5   4   500        11159      63430      63931      355        1000       1  Right
1   10  500        11079      63830      64331      356        1500       1  Right
14  0   100        11072      64331      64431      358        500        1  Right
3   10  100        11266      64331      64432      357        600        1  Left 
0   5   500        11097      64431      64932      359        2000       1  Right
0   14  500        11098      64932      65432      361        2500       1  Right
7   0   100        11104      65432      65532      362        700        1  Right
9   0   100        11142      65532      65632      363        600        1  Left 
1   11  500        11123      65532      66032      363        3000       1  Right
14  1   100        11130      66032      66132      365        300        1  Right
4   5   100        11138      66132      66232      366        200        1  Right
0   7   500        11155      66032      66533      365        4500       1  Left 
1   14  500        11151      66232      66733      367        1500       1  Right
0   3   500        11178      66533      66734      368        3500       1  Left 
1   11  500        11191      66733      66934      369        3000       1  Right
0   12  500        11193      66734      67235      370        2500       1  Right
1   14  500        11194      66934      67435      371        1500       1  Right
0   9   500        11193      67235      67736      372        3000       1  Left 
6   1   100        11153      67736      67836      374        400        1  Right
11  1   100        11155      67836      67936      375        600        1  Right
14  1   100        11173      67936      68036      376        300        1  Right
11  3   100        11240      67936      68037      375        100        1  Right
11  8   100        11244      68037      68137      377        400        1  Left 
8   3   100        11255      68137      68237      378        300        1  Left 
1   0   500        11195      68036      68537      377        1000       1  Right
4   1   100        11199      68537      68637      381        400        1  Right
4   1   100        11199      68637      68737      382        400        1  Right
8   11  500        11275      68237      68738      379        2000       1  Left 
7   1   100        11204      68737      68838      382        500        1  Right
9   0   100        11263      68738      68839      383        600        1  Left 
14  1   100        11221      68838      68939      384        300        1  Right
3   0   100        11267      68839      68940      385        700        1  Left 
4   2   100        11269      68939      68941      386        300        1  Right
7   15  100        11320      68940      68941      385        600        1  Left 
14  3   100        11292      68941      69041      388        400        1  Right
14  8   100        11296      69041      69141      389        700        1  Left 
1   6   500        11205      68940      69342      387        2000       1  Right
0   6   100        11220      69342      69442      391        200        1  Right
1   4   500        11230      69342      69843      391        2000       1  Right
10  3   500        11293      69442      69943      392        3000       1  Left 
3   13  100        11323      69943      70043      392        800        1  Left 
3   11  100        11334      70043      70143      393        100        1  Right
3   11  100        11336      70143      70243      394        100        1  Right
1   4   500        11233      69843      70344      393        2000       1  Right
0   1   100        11234      70344      70345      398        200        1  Right
6   2   100        11283      70344      70346      398        1100       1  Left 
0   6   100        11235      70346      70446      400        200        1  Right
4   0   100        11288      70446      70447      401        1000       1  Left 
12  0   100        11294      70447      70547      402        500        1  Right
1   14  500        11242      70346      70748      400        1500       1  Right
0   3   500        11309      70547      71048      401        3500       1  Left 
1   7   500        11250      70748      71249      404        2500       1  Right
0   9   500        11314      71048      71549      403        3000       1  Left 
11  1   100        11311      71549      71550      405        1000       1  Left 
2   4   500        11295      71249      71651      406        1500       1  Right
13  3   500        11336      71550      71652      406        4000       1  Left 
1   11  500        11347      71651      71753      407        3000       1  Right
5   0   100        11309      71753      71853      409        400        1  Right
8   14  500        11342      71753      72254      409        3500       1  Left 
2   6   500        11319      71853      72354      410        2500       1  Right
11  3   500        11351      72254      72755      411        500        1  Right
0   4   500        11324      72354      72855      412        3000       1  Right
15  7   500        11376      72755      73256      413        3000       1  Left 
5   6   500        11407      72855      73356      411        3000       1  Right
3   14  100        11370      73256      73357      415        400        1  Right
11  1   100        11394      73357      73457      417        600        1  Right
0   12  500        11330      73356      73857      416        2500       1  Right
9   0   100        11381      73857      73957      419        600        1  Left 
1   11  500        11430      73457      73958      415        3000       1  Right
3   8   500        11385      73957      74458      420        1500       1  Left 
0   5   500        11350      73958      74459      421        2000       1  Right
7   6   100        11431      74458      74559      419        700        1  Left 
6   5   100        11386      74559      74659      424        600        1  Right
7   15  100        11573      74559      74660      420        600        1  Left 
3   0   100        11414      74660      74760      423        700        1  Left 
0   9   500        11432      74760      75260      424        3000       1  Left 
5   0   100        11434      75260      75360      425        400        1  Right
15  7   500        11629      75260      75761      422        3000       1  Left 
0   3   500        11445      75761      76261      427        3500       1  Left 
12  0   100        11463      76261      76361      428        500        1  Right
7   15  100        11744      76361      76461      424        600        1  Left 
0   5   500        11475      76361      76861      429        2000       1  Right
3   0   100        11478      76861      76961      431        700        1  Left 
9   0   100        11492      76961      77061      432        600        1  Left 
0   12  500        11499      77061      77561      433        2500       1  Right
0   3   500        11509      77561      78061      433        3500       1  Left 
5   0   100        11517      78061      78161      434        400        1  Right
6   0   500        11520      78161      78661      435        1000       1  Right
1   0   500        11534      78661      79161      436        1000       1  Right
6   0   500        11534      79161      79661      437        1000       1  Right
12  0   100        11535      79661      79761      438        500        1  Right
4   0   100        11541      79761      79861      439        600        1  Right
12  3   100        11617      79761      79862      437        200        1  Left 
3   0   100        11543      79862      79962      441        700        1  Left 
3   14  100        11638      79962      80062      440        400        1  Right
0   9   500        11543      79962      80462      442        3000       1  Left 
14  3   500        11656      80062      80563      441        2000       1  Right
0   5   500        11565      80462      80963      444        2000       1  Right
0   6   100        11567      80963      81063      446        200        1  Right
0   12  500        11571      81063      81563      447        2500       1  Right
0   4   500        11582      81563      82063      448        3000       1  Right
3   12  500        11695      81563      82064      446        1000       1  Left 
6   5   100        11637      82063      82164      447        600        1  Right
9   0   100        11594      82164      82264      451        600        1  Left 
5   0   100        11606      82264      82364      450        400        1  Right
4   0   100        11638      82364      82464      451        600        1  Right
0   9   500        11645      82464      82964      452        3000       1  Left 
0   5   500        11647      82964      83464      453        2000       1  Right
5   6   500        11658      83464      83964      454        3000       1  Right
0   4   500        11674      83964      84464      455        3000       1  Right
9   1   100        11692      84464      84564      456        800        1  Right
6   1   100        11698      84564      84664      457        400        1  Right
6   1   100        11698      84664      84764      458        400        1  Right
5   0   100        11702      84764      84864      459        400        1  Right
4   0   100        11711      84864      84865      458        600        1  Right
6   7   500        11703      84764      85166      459        3500       1  Left 
0   5   500        11743      84865      85366      459        2000       1  Right
15  7   500        11800      85166      85667      460        3000       1  Left 
0   4   500        11749      85366      85867      461        3000       1  Right
12  0   100        11719      85867      85868      463        500        1  Right
1   9   500        11738      85867      85869      463        4000       1  Right
0   12  500        11755      85868      85870      464        2500       1  Right
9   1   100        11785      85869      85871      465        800        1  Right
1   6   500        11741      85871      86371      467        2000       1  Right
1   6   500        11747      86371      86871      468        2000       1  Right
5   0   100        11785      86871      86971      469        400        1  Right
6   2   100        11798      86971      87071      470        500        1  Right
4   0   100        11802      87071      87171      471        600        1  Right
6   0   100        11825      87171      87271      472        200        1  Right
1   9   500        11831      87171      87672      472        4000       1  Right
6   0   500        11873      87271      87772      473        1000       1  Right
12  1   100        11843      87672      87773      474        900        1  Left 
0   5   500        11826      87773      88273      476        2000       1  Right
2   6   500        11834      88273      88773      477        2500       1  Right
0   4   500        11838      88773      89273      478        3000       1  Right
0   6   500        11871      89273      89773      479        1000       1  Right
1   12  500        11874      89273      89774      479        4500       1  Left 
0   3   100        11872      89774      89874      481        700        1  Left 
9   1   100        11882      89874      89974      482        800        1  Right
5   1   100        11883      89974      90074      483        200        1  Right
4   0   100        11898      89974      90075      483        1000       1  Left 
12  1   100        11894      90075      90175      485        700        1  Right
3   1   100        11924      90175      90275      486        700        1  Right
1   12  500        11925      90275      90775      487        3500       1  Right
1   5   500        11925      90775      91275      488        1000       1  Right
0   4   500        11934      90775      91276      488        5000       1  Left 
1   9   500        11928      91276      91776      490        4000       1  Right
1   3   500        11937      91776      92276      491        3500       1  Right
8   9   500        12039      91776      92277      491        1000       1  Left 
0   2   100        11960      92276      92377      492        300        1  Right
9   3   100        12014      92277      92378      493        100        1  Right
12  1   100        11957      92377      92478      494        700        1  Right
5   1   100        11973      92478      92578      496        200        1  Right
4   0   100        11978      92478      92579      496        1000       1  Left 
1   12  500        11988      92579      93079      498        3500       1  Right
1   5   500        12012      93079      93579      499        1000       1  Right
0   4   500        12014      93079      93580      499        5000       1  Left 
3   0   100        12017      93580      93680      501        700        1  Left 
9   8   100        12018      93680      93780      502        200        1  Left 
6   0   100        12078      93680      93780      502        200        1  Right
3   11  100        12051      93680      93781      502        100        1  Right
12  1   100        12020      93780      93881      503        700        1  Right
12  3   100        12028      93881      93981      505        200        1  Left 
5   1   100        12044      93881      93982      505        200        1  Right
4   1   100        12050      93982      94082      507        400        1  Right
0   3   500        12048      93981      94482      506        3500       1  Left 
11  3   100        12065      94482      94582      509        100        1  Right
1   12  500        12051      94482      94982      509        3500       1  Right
3   8   100        12051      94982      95082      511        300        1  Left 
8   3   100        12083      95082      95182      512        300        1  Left 
0   6   500        12124      94982      95482      510        1000       1  Right
1   5   500        12080      94982      95483      511        1000       1  Right
9   1   100        12065      95483      95583      515        800        1  Right
1   4   500        12083      95583      96083      516        2000       1  Right
3   1   100        12087      96083      96183      517        700        1  Right
1   9   500        12111      96183      96683      517        4000       1  Right
1   3   500        12113      96683      97183      518        3500       1  Right
4   1   100        12123      97183      97283      519        400        1  Right
3   9   100        12124      97183      97284      519        100        1  Right
3   0   100        12150      97284      97384      521        700        1  Left 
3   7   100        12159      97384      97484      522        200        1  Right
6   0   100        12186      97384      97485      522        200        1  Right
1   4   500        12154      97283      97784      520        2000       1  Right
5   3   100        12126      97784      97785      525        500        1  Right
9   1   100        12160      97784      97786      525        800        1  Left 
5   8   100        12130      97786      97886      527        800        1  Right
5   3   100        12131      97886      97887      528        500        1  Right
1   9   500        12206      97886      98288      528        4000       1  Left 
8   5   500        12161      98288      98788      530        4000       1  Right
4   1   100        12181      98788      98888      531        400        1  Right
0   3   500        12181      98788      99289      531        3500       1  Left 
1   4   500        12212      98888      99389      531        2000       1  Right
0   6   500        12232      99289      99789      532        1000       1  Right
7   3   500        12182      99289      99790      533        1000       1  Right
7   0   100        12186      99790      99890      536        700        1  Right
3   5   500        12228      99890      100390     536        2500       1  Right
2   0   500        12241      99890      100391     536        1500       1  Right
4   3   100        12258      100390     100491     537        300        1  Right
6   0   100        12280      100391     100492     538        200        1  Right
4   8   100        12262      100491     100592     539        600        1  Left 
0   7   500        12246      100592     101092     541        3500       1  Right
4   3   100        12263      101092     101192     542        300        1  Right
0   2   100        12269      101092     101193     542        300        1  Right
3   4   500        12287      101192     101693     543        1500       1  Right
0   6   500        12326      101193     101694     544        1000       1  Right
8   4   500        12300      101693     102194     545        3000       1  Left 
7   0   100        12356      102194     102294     547        700        1  Right
6   0   100        12372      102294     102394     548        200        1  Right
3   12  500        12313      102194     102694     547        1000       1  Left 
12  3   100        12330      102694     102794     550        200        1  Left 
0   7   500        12407      102394     102895     549        3500       1  Right
3   14  100        12351      102895     102995     552        400        1  Right
14  3   100        12369      102995     103095     553        400        1  Right
12  3   100        12392      103095     103195     554        200        1  Left 
12  8   100        12396      103195     103295     555        100        1  Right
0   6   500        12418      102895     103396     552        1000       1  Right
6   0   100        12469      103396     103496     557        200        1  Right
12  1   100        12473      103496     103596     558        700        1  Right
4   3   500        12427      103195     103697     555        1500       1  Right
3   12  100        12400      103697     103797     560        200        1  Left 
0   6   500        12515      103596     104097     559        1000       1  Right
0   2   100        12569      104097     104197     562        300        1  Right
8   12  500        12432      103797     104297     561        500        1  Right
3   4   500        12405      103797     104298     561        1500       1  Right
3   9   100        12413      104298     104398     565        100        1  Right
7   0   100        12522      104298     104399     565        700        1  Right
9   3   500        12439      104398     104899     566        500        1  Right
2   0   500        12546      104399     104900     567        1500       1  Right
3   4   100        12414      104899     105000     568        300        1  Right
6   0   100        12561      104900     105001     569        200        1  Right
8   3   100        12449      105000     105101     570        300        1  Left 
0   7   500        12583      105001     105502     571        3500       1  Right
12  3   500        12503      105101     105602     572        1000       1  Left 
3   5   100        12456      105602     105702     574        500        1  Right
3   12  100        12492      105702     105802     575        200        1  Left 
3   12  100        12495      105802     105902     576        200        1  Left 
0   6   500        12607      105502     106003     573        1000       1  Right
1   12  500        12504      105902     106403     577        4500       1  Left 
7   0   100        12634      106403     106503     579        700        1  Right
6   1   100        12649      106503     106603     580        400        1  Right
3   8   500        12532      106403     106903     579        1500       1  Left 
0   7   500        12685      106603     107104     581        3500       1  Right
7   3   100        12738      107104     107204     582        200        1  Right
3   5   100        12774      107204     107304     583        500        1  Right
1   6   500        12690      107104     107604     583        2000       1  Right
6   1   100        12743      107604     107704     585        400        1  Right
5   3   500        12787      107304     107805     584        2500       1  Right
1   6   500        12787      107704     108205     586        2000       1  Right
6   1   100        12824      108205     108305     587        400        1  Right
3   7   500        12821      107805     108306     586        1000       1  Right
6   3   100        12916      108306     108406     589        500        1  Left 
6   3   100        12921      108406     108506     590        500        1  Left 
3   5   100        12947      108506     108606     591        500        1  Right
5   3   100        12960      108606     108706     592        500        1  Right
2   0   500        12846      108305     108806     588        1500       1  Right
7   0   100        12860      108806     108906     594        700        1  Right
7   3   100        12973      108906     109006     595        200        1  Right
1   6   500        12865      108906     109406     595        2000       1  Right
0   1   100        12874      109406     109506     597        200        1  Right
0   6   100        12875      109506     109606     598        200        1  Right
7   1   100        12981      109506     109607     598        500        1  Right
0   7   500        12911      109607     110107     600        3500       1  Right
3   7   100        12947      110107     110207     601        200        1  Right
3   6   500        12952      110207     110707     602        2500       1  Left 
1   7   500        13027      110207     110708     602        2500       1  Right
3   6   100        13009      110707     110808     603        500        1  Left 
7   3   100        12982      110808     110908     605        200        1  Right
3   6   100        13020      110908     111008     606        500        1  Left 
1   0   500        13146      110708     111209     604        1000       1  Right
7   1   100        13156      111209     111309     608        500        1  Right
7   1   100        13249      111309     111409     609        500        1  Right
6   3   500        13038      111008     111509     607        2500       1  Left 
7   1   100        13342      111409     111510     608        500        1  Right
6   0   500        13175      111509     112010     611        1000       1  Right
3   7   500        13077      111510     112011     612        1000       1  Right
0   7   100        13169      112011     112111     614        700        1  Right
1   7   500        13202      112111     112611     615        2500       1  Right
1   7   500        13295      112611     113111     616        2500       1  Right
7   3   100        13350      113111     113211     615        200        1  Right
0   1   100        13532      113111     113212     615        200        1  Right
1   7   500        13388      113212     113712     617        2500       1  Right
7   0   500        13481      113712     114212     618        3500       1  Right
3   7   500        13647      114212     114712     619        1000       1  Right
1   0   500        13804      114212     114713     619        1000       1  Right
7   3   100        13679      114712     114813     620        200        1  Right
3   6   100        13715      114813     114913     622        500        1  Left 
6   3   100        13733      114913     115013     623        500        1  Left 
7   3   100        13741      115013     115113     624        200        1  Right
7   8   100        13745      115113     115213     625        500        1  Left 
3   7   100        13764      115213     115313     626        200        1  Right
8   7   500        13766      115313     115813     627        2500       1  Left 
3   12  100        13777      115813     115913     628        200        1  Left 
7   1   100        13792      115813     115914     628        500        1  Right
3   8   100        13777      115913     116014     629        300        1  Left 
0   7   100        13827      115914     116015     626        700        1  Right
12  3   100        13785      116014     116115     631        200        1  Left 
0   6   100        14189      116015     116115     626        200        1  Right
8   3   100        13808      116115     116215     632        300        1  Left 
8   3   100        14747      116215     116315     626        300        1  Left 
1   7   500        13838      116015     116516     628        2500       1  Right
3   7   100        13849      116516     116616     632        200        1  Right
0   1   100        14190      116516     116617     630        200        1  Right
3   7   100        14788      116616     116717     629        200        1  Right
0   1   100        14236      116617     116718     632        200        1  Right
3   8   500        14855      116717     117218     629        1500       1  Left 
7   0   500        14139      116718     117219     634        3500       1  Right
1   0   500        14213      117219     117719     636        1000       1  Right
7   3   500        14811      117219     117720     634        1000       1  Right
6   0   500        14486      117719     118220     635        1000       1  Right
1   0   500        14508      118220     118720     637        1000       1  Right
0   1   100        14528      118720     118820     638        200        1  Right
0   1   100        14530      118820     118920     639        200        1  Right
1   0   500        14800      118920     119420     640        1000       1  Right
1   0   500        14811      119420     119920     641        1000       1  Right
0   2   100        14829      119920     120020     640        300        1  Right
2   0   500        15106      120020     120520     639        1500       1  Right
0   1   100        15146      120520     120620     640        200        1  Right
0   2   100        15149      120620     120720     641        300        1  Right
1   0   500        15418      120720     121220     641        1000       1  Right
2   0   500        15426      121220     121720     642        1500       1  Right
0   1   100        15437      121720     121820     643        200        1  Right
1   0   500        15458      121820     122320     644        1000       1  Right
0   1   100        15490      122320     122420     645        200        1  Right
1   0   500        15762      122420     122920     645        1000       1  Right
0   8   100        15788      122920     123020     646        400        1  Right
0   2   100        15790      123020     123120     647        300        1  Right
2   0   500        16068      123120     123620     646        1500       1  Right
0   2   100        16092      123620     123720     647        300        1  Right
0   6   100        16093      123720     123820     648        200        1  Right
8   0   500        16115      123820     124320     649        2000       1  Right
2   0   500        16369      124320     124820     649        1500       1  Right
6   0   500        16392      124820     125320     650        1000       1  Right
0   2   100        16402      125320     125420     651        300        1  Right
2   0   500        16679      125420     125920     649        1500       1  Right
0   8   100        16704      125920     126020     650        400        1  Right
0   2   100        16706      126020     126120     651        300        1  Right
2   0   500        16984      126120     126620     650        1500       1  Right
0   1   100        17018      126620     126720     651        200        1  Right
8   0   500        17031      126720     127220     651        2000       1  Right
0   2   100        17090      127220     127320     652        300        1  Right
1   0   500        17290      127320     127820     651        1000       1  Right
2   0   500        17367      127820     128320     652        1500       1  Right
0   2   100        17398      128320     128420     653        300        1  Right
2   0   500        17675      128420     128920     652        1500       1  Right
0   2   100        17702      128920     129020     653        300        1  Right
2   0   500        17979      129020     129520     652        1500       1  Right
0   2   100        18010      129520     129620     653        300        1  Right
2   0   500        18287      129620     130120     651        1500       1  Right
0   2   100        18320      130120     130220     652        300        1  Right
0   6   100        18322      130220     130320     653        200        1  Right
2   0   500        18597      130320     130820     654        1500       1  Right
6   0   500        18620      130820     131320     655        1000       1  Right
0   8   100        18624      131320     131420     655        400        1  Right
0   2   100        18624      131420     131520     656        300        1  Right
2   0   500        18904      131520     132020     655        1500       1  Right
0   2   100        18931      132020     132120     655        300        1  Right
8   0   500        18951      132120     132620     656        2000       1  Right
2   0   500        19208      132620     133120     654        1500       1  Right
0   2   100        19230      133120     133220     653        300        1  Right
2   0   500        19507      133220     133720     654        1500       1  Right
0   2   100        19821      133720     133820     651        300        1  Right
2   0   500        20098      133820     134320     650        1500       1  Right
0   2   100        20121      134320     134420     651        300        1  Right
2   0   500        20398      134420     134920     648        1500       1  Right
0   2   100        20425      134920     135020     649        300        1  Right
2   0   500        20702      135020     135520     647        1500       1  Right
0   2   100        20729      135520     135620     648        300        1  Right
2   0   500        21006      135620     136120     648        1500       1  Right
0   3   100        21028      136120     136220     649        700        1  Left 
0   8   100        21030      136220     136320     649        400        1  Right
3   0   500        21320      136320     136820     650        3500       1  Left 
0   3   100        21348      136820     136920     651        700        1  Left 
8   0   500        21358      136920     137420     652        2000       1  Right
