
367
C:/Users/nxconrad/Desktop/REU 2.0/Benchmark Data/16-core/7/flow_freqmine100#3.txt
745
[8, 15, 10, 1, 4, 2, 14, 12, 9, 5, 7, 0, 13, 11, 6, 3]
0   8   100        9400       9402       9502       0          1100       1  Right
6   3   500        9399       9401       9901       0          500        1  Right
2   11  500        9400       9502       10003      1          4000       1  Right
11  6   100        9430       10003      10004      2          100        1  Right
15  3   500        9428       9901       10303      1          1000       1  Left 
0   13  500        9411       10003      10404      2          500        1  Right
1   7   500        9401       10003      10405      2          3500       1  Right
0   11  100        9417       10404      10504      5          200        1  Right
9   0   100        9424       10504      10604      7          300        1  Right
3   15  500        9432       10303      10805      4          1000       1  Left 
4   14  500        9401       10405      10907      6          1000       1  Right
6   12  500        9433       10604      11105      8          3500       1  Right
13  0   100        9457       11105      11205      11         100        1  Right
7   2   100        9478       11105      11206      11         500        1  Right
4   8   500        9408       10907      11408      10         2000       1  Right
1   8   100        9416       11408      11508      14         300        1  Right
9   1   100        9426       11508      11608      15         500        1  Right
0   13  500        9488       11205      11707      12         500        1  Right
8   6   500        9456       11508      12010      15         1000       1  Left 
1   5   500        9428       11608      12109      16         3000       1  Right
6   7   500        9464       12010      12510      18         2000       1  Right
8   15  500        9458       12010      12511      18         500        1  Right
11  6   100        9467       12510      12610      20         100        1  Right
1   9   500        9473       12109      12611      19         2500       1  Right
3   15  100        9485       12511      12611      21         200        1  Left 
0   5   100        9488       12510      12612      20         200        1  Right
5   0   100        9489       12612      12712      24         200        1  Right
13  0   100        9519       12712      12812      24         100        1  Right
15  12  500        9443       12611      13111      23         3000       1  Right
6   11  500        9498       12610      13112      22         500        1  Right
2   8   100        9491       13111      13211      27         500        1  Right
12  15  100        9495       13211      13311      29         600        1  Right
0   5   500        9532       12812      13314      25         1000       1  Right
9   4   100        9521       13311      13411      29         400        1  Right
8   1   500        9500       13311      13812      30         1500       1  Right
0   13  500        9550       13314      13816      30         500        1  Right
2   7   500        9519       13411      13912      31         2500       1  Right
6   1   100        9517       13812      13913      32         500        1  Left 
5   0   100        9573       13912      14012      34         200        1  Right
13  0   100        9586       14012      14013      36         100        1  Right
4   9   500        9552       13912      14314      34         2000       1  Right
1   6   500        9558       13913      14316      35         2500       1  Left 
14  4   100        9617       14314      14414      38         200        1  Right
5   7   500        9617       14012      14415      36         500        1  Right
6   11  500        9606       14316      14818      39         500        1  Right
8   2   500        9537       14414      14915      40         2500       1  Right
7   6   100        9566       14818      14919      42         400        1  Right
7   5   100        9591       14919      15019      44         100        1  Right
6   0   100        9609       14919      15020      44         300        1  Right
10  5   100        9605       15020      15120      46         900        1  Left 
6   8   100        9611       15120      15220      47         200        1  Left 
4   14  500        9653       14915      15416      43         1000       1  Right
0   5   500        9614       15120      15622      47         1000       1  Right
6   10  500        9617       15220      15721      48         2000       1  Left 
14  6   100        9618       15721      15821      51         800        1  Left 
6   1   100        9618       15821      15921      52         500        1  Left 
11  1   100        9619       15921      16021      53         600        1  Left 
0   13  500        9617       15622      16123      50         500        1  Right
13  0   100        9656       16123      16223      55         100        1  Right
5   10  500        9626       16021      16522      54         3500       1  Right
0   4   100        9635       16522      16622      57         700        1  Right
8   1   100        9646       16522      16623      57         300        1  Right
8   2   100        9646       16623      16723      59         500        1  Right
8   4   100        9646       16723      16823      60         400        1  Right
14  2   100        9692       16723      16824      60         100        1  Right
8   15  100        9646       16823      16924      61         100        1  Right
5   1   100        9655       16824      16925      62         600        1  Right
10  1   100        9668       16925      17025      64         100        1  Right
0   13  500        9687       16622      17123      58         500        1  Right
10  1   100        9668       17025      17124      65         100        1  Right
3   15  500        9686       16924      17425      63         1000       1  Left 
6   4   500        9650       17123      17624      66         5000       1  Right
1   11  500        9655       17624      18124      69         3000       1  Left 
4   8   100        9675       18124      18224      70         400        1  Right
11  2   100        9703       18124      18225      70         800        1  Right
4   1   100        9683       18224      18325      71         100        1  Right
2   8   100        9682       18225      18326      72         1100       1  Left 
1   0   500        9684       18326      18826      74         4000       1  Right
6   11  500        9712       18326      18827      74         500        1  Right
1   8   100        9684       18826      18927      75         300        1  Right
3   7   100        9836       18827      18927      76         500        1  Right
15  8   100        9693       18927      19027      77         100        1  Right
2   14  500        9718       18826      19327      75         500        1  Right
0   14  100        9719       19327      19427      79         500        1  Right
1   6   500        9695       19027      19428      78         2500       1  Left 
2   11  500        9734       19427      19828      80         4000       1  Right
15  3   500        9792       19428      19929      81         1000       1  Left 
1   5   500        9698       19828      20329      82         3000       1  Right
8   0   500        9750       19929      20430      83         2500       1  Left 
14  6   100        9741       20430      20530      85         800        1  Right
3   15  100        9937       20430      20531      84         200        1  Left 
14  6   100        9745       20530      20631      86         800        1  Right
8   6   100        9754       20631      20731      88         200        1  Left 
1   10  500        9709       20329      20830      84         500        1  Right
13  1   100        9714       20830      20930      90         700        1  Left 
0   5   500        9796       20631      21133      88         1000       1  Right
1   10  500        9716       20930      21431      91         500        1  Right
15  12  500        9807       21133      21634      92         5000       1  Left 
10  2   100        9766       21634      21635      94         1300       1  Left 
1   4   500        9727       21431      21636      93         500        1  Right
2   10  500        9807       21635      21939      95         6500       1  Left 
9   4   100        9773       21939      22039      97         400        1  Right
0   4   100        9796       22039      22040      98         700        1  Right
1   13  500        9740       21939      22340      97         3500       1  Left 
6   1   100        9747       22340      22440      100        500        1  Left 
6   0   100        9751       22440      22540      101        300        1  Right
5   0   100        9755       22540      22640      102        200        1  Right
9   6   100        9774       22540      22641      102        1000       1  Left 
5   11  500        9832       22640      23141      103        2000       1  Right
6   14  500        9787       22641      23142      104        4000       1  Left 
11  6   100        9781       23142      23242      106        100        1  Right
10  0   100        9793       23142      23243      106        900        1  Right
4   0   100        9798       23243      23343      108        700        1  Right
11  5   100        9806       23343      23344      109        400        1  Right
7   5   100        9842       23344      23444      110        100        1  Right
5   0   100        9850       23444      23544      111        200        1  Right
1   6   500        9788       23243      23644      108        2500       1  Left 
13  1   100        9797       23644      23744      113        700        1  Left 
4   9   500        9804       23343      23745      109        2000       1  Right
0   8   100        9807       23744      23845      114        500        1  Left 
9   2   100        9848       23745      23846      115        300        1  Right
4   0   100        9886       23846      23847      117        700        1  Right
1   13  500        9823       23845      24247      116        3500       1  Left 
2   9   500        9889       23847      24348      118        1500       1  Right
0   10  500        9839       24247      24748      119        3500       1  Left 
6   7   500        9841       24748      25248      121        2000       1  Right
13  1   100        9849       25248      25249      122        700        1  Left 
0   4   500        9844       25248      25250      122        3500       1  Right
12  7   100        9846       25250      25350      124        300        1  Right
1   13  500        9875       25249      25351      123        3500       1  Left 
13  3   100        9911       25351      25451      125        300        1  Right
13  8   100        9915       25451      25551      126        400        1  Left 
0   4   500        9922       25350      25851      124        3500       1  Right
5   1   100        9852       25851      25951      129        600        1  Right
15  3   500        9966       25551      26052      127        1000       1  Left 
5   7   500        9868       25951      26452      130        500        1  Right
6   14  500        9917       26052      26553      130        4000       1  Left 
1   5   500        9889       26553      27053      133        3000       1  Right
6   8   500        9969       26553      27054      132        1000       1  Left 
7   1   100        9913       27053      27154      133        700        1  Right
7   1   100        9913       27154      27254      135        700        1  Right
9   6   100        9929       27254      27354      136        600        1  Right
14  1   100        9945       27254      27355      136        300        1  Right
0   6   100        9950       27354      27455      137        300        1  Right
5   4   100        9933       27355      27456      138        500        1  Right
8   6   100        9956       27455      27556      139        200        1  Left 
4   5   500        9957       27456      27957      140        2500       1  Right
8   13  500        10003      27556      28057      139        2000       1  Left 
14  2   100        9999       27957      28057      142        100        1  Right
4   1   100        9958       27957      28058      142        100        1  Right
0   9   100        10022      27957      28059      140        300        1  Right
3   13  100        10010      28057      28158      141        300        1  Right
11  5   100        10057      28158      28258      144        400        1  Right
9   6   100        10060      28258      28358      145        600        1  Right
1   14  500        9966       28058      28559      144        1500       1  Right
6   1   100        10021      28559      28659      147        500        1  Left 
5   11  500        10083      28358      28859      146        2000       1  Right
2   14  500        10025      28559      29061      147        500        1  Right
1   7   500        9972       28859      29360      151        4500       1  Left 
1   7   500        9975       29360      29860      153        3500       1  Right
7   2   100        10020      29860      29960      152        500        1  Right
1   4   500        9999       29860      30360      154        500        1  Right
6   14  500        10049      29960      30461      153        4000       1  Right
4   0   100        10032      30461      30561      155        700        1  Right
7   0   100        10036      30561      30661      156        100        1  Right
14  2   100        10052      30561      30662      156        100        1  Right
1   6   500        10062      30461      30962      155        2500       1  Left 
10  0   100        10046      30962      31062      159        700        1  Left 
2   7   500        10063      30662      31063      158        2500       1  Right
0   4   500        10070      31062      31463      160        4500       1  Left 
2   14  500        10078      31063      31564      161        500        1  Right
6   9   500        10060      31463      31964      162        3000       1  Right
6   9   500        10081      31964      32464      164        3000       1  Right
9   1   100        10101      32464      32564      165        500        1  Right
0   7   500        10087      32464      32964      165        500        1  Right
6   11  500        10093      32464      32965      165        500        1  Right
1   9   500        10147      32564      33065      166        2500       1  Right
0   10  500        10092      32965      33466      168        3500       1  Left 
5   14  500        10170      33065      33565      169        1500       1  Right
1   4   500        10151      33065      33566      169        500        1  Right
0   6   100        10099      33466      33568      170        300        1  Right
9   2   100        10205      33565      33666      171        300        1  Right
6   0   100        10116      33568      33667      173        300        1  Right
7   3   500        10138      33666      34165      174        5500       1  Left 
14  6   100        10104      34165      34265      176        800        1  Right
4   0   100        10117      34265      34266      177        700        1  Right
14  5   100        10129      34266      34366      178        300        1  Right
1   11  500        10164      34265      34667      177        3000       1  Left 
4   1   100        10119      34667      34767      180        100        1  Right
10  0   100        10156      34667      34768      180        700        1  Left 
7   12  500        10153      34366      34867      179        1500       1  Right
11  1   100        10128      34768      34869      182        600        1  Left 
5   4   100        10185      34867      34968      183        500        1  Right
11  1   100        10128      34869      34970      184        600        1  Left 
4   5   500        10206      34968      35469      185        2500       1  Right
0   6   500        10162      34970      35470      186        1500       1  Right
3   7   100        10184      35469      35569      187        1100       1  Left 
12  7   100        10204      35569      35669      189        300        1  Right
8   0   500        10165      35569      36069      189        2500       1  Left 
1   11  500        10167      36069      36569      191        3000       1  Left 
5   6   100        10186      36569      36669      192        500        1  Right
6   9   500        10201      36669      37169      193        3000       1  Right
0   10  500        10202      37169      37669      194        3500       1  Left 
2   9   500        10246      37169      37670      194        1500       1  Right
6   0   100        10211      37669      37770      195        300        1  Right
11  2   100        10216      37770      37771      197        800        1  Right
6   1   100        10315      37770      37772      196        500        1  Left 
11  0   100        10232      37771      37871      198        200        1  Right
5   2   100        10230      37771      37872      198        400        1  Right
0   8   100        10222      37871      37972      200        500        1  Left 
10  0   100        10249      37972      38072      202        700        1  Left 
15  8   100        10557      38072      38172      199        100        1  Right
2   11  500        10249      38072      38572      203        4000       1  Right
0   6   500        10261      38572      39072      205        1500       1  Right
2   5   500        10261      38572      39073      205        2000       1  Right
9   6   100        10293      39073      39173      207        1000       1  Left 
5   6   100        10298      39173      39174      208        1100       1  Left 
9   5   100        10318      39174      39274      208        100        1  Right
0   11  500        10273      39072      39474      206        1000       1  Right
7   0   100        10289      39474      39574      211        100        1  Right
2   4   500        10494      39174      39676      206        500        1  Right
5   9   500        10344      39274      39775      209        500        1  Right
0   10  500        10295      39574      40075      212        3500       1  Left 
0   5   100        10324      40075      40175      214        200        1  Right
5   6   100        10352      40175      40275      215        1100       1  Left 
0   7   500        10340      40175      40675      215        500        1  Right
1   6   500        10358      40275      40776      216        2500       1  Left 
10  0   100        10341      40776      40876      218        700        1  Left 
6   5   500        10376      40876      41376      219        2500       1  Right
14  5   100        10380      41376      41476      220        300        1  Right
14  1   100        10481      41476      41576      219        300        1  Right
14  1   100        10481      41576      41676      220        300        1  Right
0   10  500        10387      41376      41877      220        3500       1  Left 
6   14  500        10391      41877      42377      224        4000       1  Right
6   0   100        10401      42377      42477      225        300        1  Right
7   0   100        10403      42477      42577      225        100        1  Right
4   6   100        10444      42477      42578      224        600        1  Left 
10  0   100        10438      42578      42678      226        700        1  Left 
4   2   100        10468      42578      42679      226        100        1  Right
5   14  500        10421      42377      42878      223        1500       1  Right
5   1   100        10483      42878      42978      229        600        1  Right
0   6   500        10448      42678      42979      227        1500       1  Right
11  0   100        10485      42979      42980      231        200        1  Right
7   3   500        10490      42978      43179      230        5500       1  Left 
0   7   500        10454      43179      43679      233        500        1  Right
6   5   500        10463      43179      43680      233        5500       1  Left 
0   10  500        10484      43680      43681      235        3500       1  Left 
7   12  500        10505      43680      43681      234        1500       1  Right
1   14  500        10502      43680      43682      235        1500       1  Right
6   0   100        10500      43681      43782      236        300        1  Right
7   0   100        10511      43782      43882      237        100        1  Right
1   14  500        10505      43682      44183      236        1500       1  Right
6   1   100        10502      44183      44283      240        500        1  Left 
14  2   100        10520      44183      44284      239        100        1  Right
0   11  500        10526      43882      44383      238        1000       1  Right
4   6   100        10530      44283      44385      240        600        1  Left 
2   14  500        10546      44284      44785      241        500        1  Right
1   5   500        10519      44385      44886      243        5000       1  Left 
10  0   100        10530      44886      44986      245        700        1  Left 
9   5   100        10569      44886      44987      245        100        1  Right
14  0   100        10536      44986      45087      246        1100       1  Left 
3   7   100        10547      45087      45187      248        500        1  Right
10  1   100        10636      45087      45187      247        100        1  Right
5   2   100        10572      45087      45188      248        400        1  Right
12  7   100        10569      45188      45288      250        300        1  Right
9   1   100        10640      45288      45388      250        500        1  Right
9   1   100        10640      45388      45488      251        500        1  Right
8   0   500        10549      45187      45688      249        2500       1  Left 
1   6   500        10550      45688      46188      254        2500       1  Left 
0   14  500        10562      45688      46189      254        2500       1  Right
1   8   100        10589      46188      46289      255        300        1  Right
6   9   500        10565      46189      46690      256        3000       1  Right
8   15  500        10608      46289      46790      256        500        1  Right
5   9   500        10595      46690      47190      258        500        1  Right
0   7   500        10569      46690      47191      258        500        1  Right
11  0   100        10583      47191      47291      261        200        1  Right
4   6   500        10624      46790      47292      258        3000       1  Left 
7   0   100        10632      47291      47392      261        100        1  Right
11  0   100        10666      47392      47393      263        200        1  Right
7   0   100        10732      47393      47493      264        100        1  Right
11  0   100        10757      47493      47494      265        200        1  Right
6   5   500        10587      47292      47595      263        5500       1  Left 
0   10  500        10576      47595      48095      268        3500       1  Left 
2   5   500        10603      47595      48096      267        2000       1  Right
6   4   100        10593      48095      48196      269        600        1  Left 
0   2   100        10603      48096      48197      269        600        1  Right
0   2   100        10606      48197      48297      271        600        1  Right
8   1   500        10648      48196      48697      270        1500       1  Right
2   8   100        10617      48697      48797      273        500        1  Right
0   11  500        10624      48297      48798      272        1000       1  Right
5   6   100        10648      48797      48898      274        1100       1  Left 
0   4   100        10626      48898      48998      276        700        1  Right
4   6   100        10658      48998      49098      277        1000       1  Right
1   10  500        10677      48898      49399      276        500        1  Right
10  1   100        10719      49399      49499      279        100        1  Right
8   2   500        10677      49098      49599      278        5500       1  Left 
4   1   100        10721      49499      49600      280        100        1  Right
9   2   100        10742      49599      49699      281        300        1  Right
0   7   500        10683      49599      50100      281        500        1  Right
6   4   500        10684      49600      50102      282        3000       1  Left 
0   11  500        10715      50100      50601      284        1000       1  Right
1   9   500        10686      50102      50603      285        2500       1  Right
0   7   500        10783      50601      51102      286        500        1  Right
1   9   500        10689      50603      51104      287        2500       1  Right
0   11  500        10798      51102      51603      288        1000       1  Right
2   9   500        10783      51104      51604      289        1500       1  Right
6   4   500        10725      51104      51605      289        3000       1  Left 
9   0   100        10758      51604      51705      291        300        1  Right
14  0   100        10789      51705      51805      293        500        1  Right
1   4   500        10752      51605      52106      292        500        1  Right
4   2   100        10795      52106      52206      295        100        1  Right
0   9   500        10809      51805      52306      293        1500       1  Right
1   10  500        10760      52106      52607      295        500        1  Right
10  1   100        10800      52607      52707      298        100        1  Right
6   4   500        10807      52306      52807      296        5000       1  Right
1   10  500        10841      52707      53208      298        500        1  Right
2   4   500        10821      52807      53307      299        500        1  Right
0   14  500        10815      52807      53308      299        2500       1  Right
7   0   100        10836      53308      53408      302        100        1  Right
11  0   100        10844      53408      53508      303        200        1  Right
6   4   100        10845      53508      53608      304        1000       1  Right
8   10  500        10922      53208      53609      299        1000       1  Right
5   4   500        10908      53608      54007      304        2500       1  Right
7   3   500        10853      53608      54008      305        2500       1  Right
14  0   100        10858      54008      54108      308        500        1  Right
1   10  500        10994      53609      54111      305        500        1  Right
4   6   100        10862      54108      54112      309        1000       1  Right
10  3   100        10892      54111      54115      310        300        1  Left 
7   12  500        10868      54112      54613      311        1500       1  Right
4   6   500        10871      54115      54616      312        3000       1  Left 
10  8   100        10896      54616      54716      314        200        1  Right
8   3   100        10960      54716      54816      314        100        1  Left 
2   0   500        10880      54613      55114      313        3000       1  Right
6   2   100        10900      55114      55214      317        700        1  Left 
0   14  500        10884      55114      55614      317        2500       1  Right
3   0   100        10885      55614      55714      319        400        1  Right
4   5   100        10887      55614      55715      319        500        1  Right
3   8   100        10923      55714      55814      319        100        1  Left 
0   11  500        10887      55714      55815      320        1000       1  Right
6   5   500        10922      55814      55915      321        5500       1  Left 
3   10  100        11001      55915      56015      323        300        1  Left 
0   7   500        10887      55815      56316      323        500        1  Right
1   5   500        11001      55915      56416      323        3000       1  Right
2   0   500        10891      56416      56916      327        3000       1  Right
6   4   500        11144      56416      56917      325        3000       1  Left 
12  0   100        10905      56916      57017      328        400        1  Right
14  0   100        10911      57017      57117      329        500        1  Right
11  0   100        10936      57117      57217      330        200        1  Right
14  0   100        10963      57217      57317      331        500        1  Right
7   0   100        10997      57317      57417      332        100        1  Right
2   6   500        10936      56917      57418      328        3500       1  Left 
9   0   100        11011      57417      57518      333        300        1  Right
0   1   100        10922      57518      57618      335        800        1  Right
10  1   100        10953      57618      57718      336        100        1  Right
0   14  500        10937      57618      58118      336        2500       1  Right
0   6   100        10941      58118      58218      338        300        1  Right
5   1   100        10965      58118      58219      338        600        1  Right
5   1   100        10965      58219      58319      340        600        1  Right
0   11  500        10977      58218      58719      339        1000       1  Right
1   5   500        11004      58319      58820      341        3000       1  Right
11  1   100        11014      58820      58920      343        600        1  Left 
10  1   100        11038      58920      59020      344        100        1  Right
0   14  500        10989      58820      59320      343        2500       1  Right
14  0   100        11020      59320      59420      346        500        1  Right
5   2   100        11040      59420      59520      347        400        1  Right
1   11  500        11050      59020      59521      345        3000       1  Left 
0   14  500        11046      59520      60021      348        2500       1  Right
1   10  500        11079      59521      60022      349        500        1  Right
11  1   100        11087      60022      60122      351        600        1  Left 
2   5   500        11071      60021      60521      350        2000       1  Right
0   7   500        11048      60021      60522      350        500        1  Right
5   0   100        11056      60522      60622      354        200        1  Right
1   11  500        11123      60122      60624      351        3000       1  Left 
3   10  100        11266      60624      60724      353        300        1  Left 
0   9   500        11062      60622      61123      355        1500       1  Right
14  0   100        11072      61123      61223      358        500        1  Right
14  1   100        11130      61223      61323      358        300        1  Right
6   1   100        11153      61323      61423      359        500        1  Left 
11  1   100        11155      61423      61523      360        600        1  Left 
14  1   100        11173      61523      61623      361        300        1  Right
0   5   500        11097      61223      61723      359        1000       1  Right
0   14  500        11098      61723      62223      364        2500       1  Right
7   0   100        11104      62223      62323      364        100        1  Right
4   5   100        11138      62223      62324      364        500        1  Right
0   7   500        11155      62323      62824      365        500        1  Right
1   14  500        11151      62324      62825      366        1500       1  Right
9   0   100        11142      62824      62925      367        300        1  Right
1   11  500        11191      62825      63326      368        3000       1  Left 
5   4   500        11159      62925      63426      369        2500       1  Right
0   3   500        11178      63326      63827      370        2000       1  Right
1   14  500        11194      63426      63927      371        1500       1  Right
11  3   100        11240      63827      63927      370        200        1  Right
4   1   100        11199      63927      64027      373        100        1  Right
11  8   100        11244      63927      64028      371        300        1  Left 
4   1   100        11199      64027      64128      374        100        1  Right
8   3   100        11255      64028      64129      373        100        1  Left 
4   2   100        11269      64128      64229      374        100        1  Right
0   12  500        11193      63827      64328      372        2000       1  Right
8   11  500        11275      64129      64631      375        1500       1  Left 
6   2   100        11283      64631      64731      378        700        1  Left 
0   9   500        11193      64328      64829      379        1500       1  Right
1   0   500        11195      64829      65329      382        4000       1  Right
7   1   100        11204      65329      65429      382        700        1  Right
9   0   100        11263      65429      65529      382        300        1  Right
1   6   500        11205      65429      65929      382        2500       1  Left 
0   6   100        11220      65929      66029      384        300        1  Right
14  1   100        11221      65929      66030      384        300        1  Right
3   0   100        11267      66029      66130      385        400        1  Right
14  3   100        11292      66130      66230      387        900        1  Right
1   4   500        11230      66030      66531      386        500        1  Right
10  3   500        11293      66230      66731      388        1500       1  Left 
14  8   100        11296      66731      66831      390        1000       1  Left 
7   15  100        11320      66831      66931      391        700        1  Left 
3   13  100        11323      66931      67031      392        300        1  Right
1   4   500        11233      66531      67032      389        500        1  Right
3   11  100        11334      67031      67132      393        200        1  Right
0   1   100        11234      67032      67133      394        800        1  Right
3   11  100        11336      67132      67233      395        200        1  Right
0   6   100        11235      67233      67333      397        300        1  Right
1   14  500        11242      67133      67634      396        1500       1  Right
0   3   500        11309      67333      67834      398        2000       1  Right
1   7   500        11250      67634      68135      399        3500       1  Right
4   0   100        11288      68135      68235      401        700        1  Right
13  3   500        11336      67834      68335      400        1500       1  Right
12  0   100        11294      68235      68336      402        400        1  Right
11  1   100        11311      68335      68435      403        600        1  Left 
5   0   100        11309      68336      68437      404        200        1  Right
2   4   500        11295      68235      68736      402        500        1  Right
1   11  500        11347      68435      68937      405        3000       1  Left 
0   9   500        11314      68437      68938      406        1500       1  Right
9   0   100        11381      68938      69038      409        300        1  Right
2   6   500        11319      68937      69438      408        3500       1  Left 
0   4   500        11324      69438      69938      411        3500       1  Right
11  3   500        11351      69438      69939      411        1000       1  Right
8   14  500        11342      69938      70438      412        3000       1  Right
0   12  500        11330      69938      70439      412        2000       1  Right
3   14  100        11370      70438      70539      414        700        1  Left 
0   5   500        11350      70439      70940      415        1000       1  Right
3   8   500        11385      70539      71040      416        500        1  Left 
3   0   100        11414      71040      71041      417        400        1  Right
15  7   500        11376      70940      71342      417        4500       1  Right
6   5   100        11386      71342      71442      420        500        1  Right
11  1   100        11394      71442      71542      421        600        1  Left 
0   9   500        11432      71442      71943      420        1500       1  Right
1   11  500        11430      71542      72043      421        3000       1  Left 
5   6   500        11407      72043      72543      423        2500       1  Right
7   6   100        11431      72543      72643      424        400        1  Right
5   0   100        11434      72643      72743      425        200        1  Right
7   15  100        11573      72743      72744      425        900        1  Right
0   3   500        11445      72743      72745      426        2000       1  Right
15  7   500        11629      72744      72846      425        4500       1  Right
12  0   100        11463      72846      72946      429        400        1  Right
0   5   500        11475      72946      73446      430        1000       1  Right
3   0   100        11478      73446      73447      431        400        1  Right
7   15  100        11744      73446      73448      428        900        1  Right
9   0   100        11492      73448      73548      433        300        1  Right
0   12  500        11499      73548      74048      434        2000       1  Right
0   3   500        11509      74048      74548      434        2000       1  Right
5   0   100        11517      74548      74648      435        200        1  Right
6   0   500        11520      74648      75148      436        1500       1  Right
1   0   500        11534      75148      75648      437        4000       1  Right
6   0   500        11534      75648      76148      438        1500       1  Right
12  0   100        11535      76148      76248      439        400        1  Right
4   0   100        11541      76248      76348      440        700        1  Right
3   0   100        11543      76348      76448      441        400        1  Right
12  3   100        11617      76448      76548      441        800        1  Left 
3   14  100        11638      76548      76648      442        700        1  Left 
0   9   500        11543      76448      76948      442        1500       1  Right
14  3   500        11656      76648      77149      443        3500       1  Left 
0   5   500        11565      76948      77449      445        1000       1  Right
0   6   100        11567      77449      77549      447        300        1  Right
0   12  500        11571      77549      78049      448        2000       1  Right
0   4   500        11582      78049      78549      449        3500       1  Right
9   0   100        11594      78549      78649      450        300        1  Right
5   0   100        11606      78649      78749      451        200        1  Right
6   5   100        11637      78749      78750      451        500        1  Right
3   12  500        11695      78549      78951      449        4000       1  Left 
0   9   500        11645      78750      79251      452        1500       1  Right
4   0   100        11638      79251      79351      454        700        1  Right
9   1   100        11692      79351      79451      455        500        1  Right
6   1   100        11698      79451      79551      456        500        1  Left 
6   1   100        11698      79551      79651      457        500        1  Left 
0   5   500        11647      79351      79851      455        1000       1  Right
1   9   500        11738      79651      80152      457        2500       1  Right
9   1   100        11785      80152      80252      459        500        1  Right
5   6   500        11658      79851      80352      459        2500       1  Right
0   4   500        11674      80352      80852      462        3500       1  Right
1   6   500        11741      80352      80853      461        2500       1  Left 
5   0   100        11702      80852      80953      463        200        1  Right
4   0   100        11711      80953      81053      464        700        1  Right
12  0   100        11719      81053      81153      465        400        1  Right
1   6   500        11747      80853      81354      463        2500       1  Left 
0   5   500        11743      81153      81654      466        1000       1  Right
1   9   500        11831      81354      81855      467        2500       1  Right
12  1   100        11843      81855      81955      469        400        1  Right
9   1   100        11882      81955      82055      470        500        1  Right
6   7   500        11703      81654      82155      469        2000       1  Right
0   4   500        11749      82155      82655      472        3500       1  Right
6   2   100        11798      82655      82755      473        700        1  Left 
0   12  500        11755      82655      83155      473        2000       1  Right
5   0   100        11785      83155      83255      475        200        1  Right
2   6   500        11834      82755      83256      474        3500       1  Left 
0   5   500        11826      83255      83756      476        1000       1  Right
1   12  500        11874      83256      83757      477        2000       1  Right
5   1   100        11883      83757      83758      479        600        1  Right
12  1   100        11894      83758      83858      480        400        1  Right
15  7   500        11800      83756      84158      478        3500       1  Left 
1   12  500        11925      83858      84359      481        2000       1  Right
4   0   100        11802      84359      84459      483        700        1  Right
3   1   100        11924      84359      84460      483        400        1  Left 
6   0   100        11825      84459      84560      484        300        1  Right
1   5   500        11925      84460      84961      485        3000       1  Right
6   0   500        11873      84560      85061      486        1500       1  Right
1   9   500        11928      84961      85462      487        2500       1  Right
0   4   500        11838      85462      85962      489        3500       1  Right
12  1   100        11957      85962      86062      490        400        1  Right
5   1   100        11973      86062      86162      491        600        1  Right
12  1   100        12020      86162      86262      491        400        1  Right
0   6   500        11871      85962      86462      490        1500       1  Right
0   3   100        11872      86462      86562      494        400        1  Right
8   9   500        12039      86262      86763      492        4000       1  Right
4   0   100        11898      86763      86863      496        700        1  Right
1   3   500        11937      86763      87264      496        2000       1  Left 
0   4   500        11934      86863      87364      497        3500       1  Right
0   2   100        11960      87364      87464      499        600        1  Right
4   0   100        11978      87464      87564      500        700        1  Right
9   3   100        12014      87564      87664      500        700        1  Right
3   0   100        12017      87664      87764      501        400        1  Right
9   8   100        12018      87764      87864      502        800        1  Left 
3   11  100        12051      87864      87964      503        200        1  Right
1   12  500        11988      87564      88064      501        2000       1  Right
6   0   100        12078      87964      88064      504        300        1  Right
3   8   100        12051      87964      88065      504        100        1  Left 
1   5   500        12012      88064      88565      505        3000       1  Right
0   4   500        12014      88565      89065      507        3500       1  Right
12  3   100        12028      89065      89165      508        800        1  Right
5   1   100        12044      89165      89265      509        600        1  Right
4   1   100        12050      89265      89365      510        100        1  Right
0   3   500        12048      89165      89666      509        2000       1  Right
11  3   100        12065      89666      89766      512        200        1  Right
1   12  500        12051      89365      89866      511        2000       1  Right
8   3   100        12083      89766      89867      513        100        1  Left 
9   1   100        12065      89866      89966      514        500        1  Right
0   6   500        12124      89766      90267      512        1500       1  Right
1   5   500        12080      89966      90467      516        3000       1  Right
1   4   500        12083      90467      90967      518        500        1  Right
8   5   500        12161      90467      90968      517        3500       1  Left 
1   9   500        12111      90967      91468      518        2500       1  Right
3   1   100        12087      91468      91568      521        400        1  Left 
1   3   500        12113      91568      92068      521        2000       1  Left 
4   1   100        12123      92068      92168      522        100        1  Right
3   9   100        12124      92068      92169      522        700        1  Right
5   3   100        12126      92169      92269      524        600        1  Right
5   8   100        12130      92269      92369      525        700        1  Left 
5   3   100        12131      92369      92469      526        600        1  Right
3   0   100        12150      92469      92569      527        400        1  Right
1   4   500        12154      92168      92669      523        500        1  Right
3   7   100        12159      92569      92670      528        500        1  Right
9   1   100        12160      92669      92770      529        500        1  Right
4   1   100        12181      92770      92870      531        100        1  Right
0   3   500        12181      92670      93171      530        2000       1  Right
1   9   500        12206      92870      93371      532        2500       1  Right
7   3   500        12182      93171      93672      533        2500       1  Right
6   0   100        12186      93672      93772      535        300        1  Right
1   4   500        12212      93371      93872      534        500        1  Right
7   0   100        12186      93772      93873      536        100        1  Right
3   5   500        12228      93872      93874      537        5000       1  Left 
0   6   500        12232      93873      93875      538        1500       1  Right
4   3   100        12258      93874      93975      539        500        1  Left 
4   8   100        12262      93975      94075      541        400        1  Right
4   3   100        12263      94075      94175      542        500        1  Left 
2   0   500        12241      93875      94376      540        3000       1  Right
3   4   500        12287      94175      94676      543        2500       1  Left 
0   7   500        12246      94376      94877      544        500        1  Right
0   2   100        12269      94877      94977      546        600        1  Right
6   0   100        12280      94977      95077      547        300        1  Right
8   4   500        12300      94676      95177      545        2000       1  Right
3   12  500        12313      95077      95578      548        4000       1  Right
12  3   100        12330      95578      95678      550        800        1  Left 
3   14  100        12351      95678      95778      551        700        1  Left 
14  3   100        12369      95778      95878      552        700        1  Left 
12  3   100        12392      95878      95978      553        800        1  Left 
0   6   500        12326      95578      96078      550        1500       1  Right
12  8   100        12396      95978      96079      554        700        1  Right
7   0   100        12356      96078      96179      555        100        1  Right
3   12  100        12400      96079      96180      556        800        1  Left 
6   0   100        12372      96179      96280      557        300        1  Right
3   4   500        12405      96180      96681      558        2500       1  Left 
0   7   500        12407      96280      96781      559        500        1  Right
3   9   100        12413      96681      96782      560        900        1  Left 
3   4   100        12414      96782      96882      562        500        1  Left 
0   6   500        12418      96781      97282      561        1500       1  Right
6   0   100        12469      97282      97382      564        300        1  Right
4   3   500        12427      96882      97383      563        2500       1  Left 
0   6   500        12515      97382      97883      563        1500       1  Right
8   12  500        12432      97383      97884      566        3500       1  Right
12  1   100        12473      97884      97984      568        400        1  Right
9   3   500        12439      97883      98384      567        3500       1  Right
8   3   100        12449      98384      98484      570        100        1  Left 
7   0   100        12522      98384      98485      568        100        1  Right
3   5   100        12456      98484      98585      571        1000       1  Left 
3   12  100        12492      98585      98685      573        800        1  Right
3   12  100        12495      98685      98785      574        800        1  Right
12  3   500        12503      98785      99285      575        4000       1  Right
1   12  500        12504      99285      99785      576        2000       1  Right
3   8   500        12532      99285      99786      574        500        1  Left 
2   0   500        12546      99785      100286     575        3000       1  Right
6   0   100        12561      100286     100287     577        300        1  Right
3   5   100        12774      100286     100288     573        1000       1  Left 
7   0   100        12634      100287     100388     575        100        1  Right
6   1   100        12649      100288     100389     576        500        1  Left 
0   2   100        12569      100388     100489     580        600        1  Right
6   1   100        12743      100389     100490     577        500        1  Left 
6   1   100        12824      100490     100590     578        500        1  Left 
0   7   500        12583      100489     100990     582        500        1  Right
7   3   100        12738      100990     100991     581        1100       1  Left 
0   6   500        12607      100990     100992     585        1500       1  Right
5   3   500        12787      100991     101093     582        5000       1  Left 
0   7   500        12685      100992     101493     584        500        1  Right
1   6   500        12690      101093     101594     585        2500       1  Left 
2   0   500        12846      101493     101994     584        3000       1  Right
7   0   100        12860      101994     102094     586        100        1  Right
1   6   500        12787      101594     102095     586        2500       1  Left 
3   7   500        12821      102095     102595     588        2500       1  Right
1   6   500        12865      102595     103095     589        2500       1  Left 
0   1   100        12874      103095     103195     590        800        1  Right
6   3   100        12916      103095     103196     590        100        1  Right
0   6   100        12875      103196     103197     592        300        1  Right
3   5   100        12947      103196     103198     592        1000       1  Left 
6   3   100        12921      103198     103298     594        100        1  Right
5   3   100        12960      103298     103398     595        1000       1  Left 
0   7   500        12911      103197     103698     593        500        1  Right
3   7   100        12947      103698     103798     597        500        1  Right
3   6   500        12952      103798     104298     598        500        1  Right
1   7   500        13027      103798     104299     598        3500       1  Right
3   6   100        13009      104298     104399     599        100        1  Right
3   6   100        13020      104399     104499     601        100        1  Right
1   0   500        13146      104299     104800     598        4000       1  Right
7   3   100        12973      104800     104900     603        500        1  Right
7   1   100        12981      104900     105000     604        700        1  Right
7   3   100        12982      105000     105100     605        500        1  Right
7   1   100        13156      105100     105200     604        700        1  Right
7   1   100        13249      105200     105300     604        700        1  Right
7   1   100        13342      105300     105400     603        700        1  Right
6   3   500        13038      105100     105600     606        500        1  Right
3   7   500        13077      105600     106100     610        2500       1  Right
0   7   100        13169      106100     106200     609        100        1  Right
6   0   500        13175      106200     106700     610        1500       1  Right
1   7   500        13202      106200     106701     610        3500       1  Right
1   7   500        13295      106701     107201     611        3500       1  Right
7   3   100        13350      107201     107301     610        500        1  Right
1   7   500        13388      107301     107801     611        3500       1  Right
7   0   500        13481      107801     108301     611        500        1  Right
0   1   100        13532      108301     108401     612        800        1  Right
3   7   500        13647      108401     108901     613        2500       1  Right
7   3   100        13679      108901     109001     614        500        1  Right
3   6   100        13715      109001     109101     615        100        1  Right
6   3   100        13733      109101     109201     616        100        1  Right
1   0   500        13804      109001     109502     615        4000       1  Right
7   3   100        13741      109502     109602     618        500        1  Right
7   8   100        13745      109602     109702     619        600        1  Left 
3   7   100        13764      109702     109802     620        500        1  Right
8   7   500        13766      109802     110302     621        3000       1  Left 
3   12  100        13777      110302     110402     622        800        1  Right
3   8   100        13777      110402     110502     623        100        1  Left 
7   1   100        13792      110402     110503     623        700        1  Right
12  3   100        13785      110503     110603     625        800        1  Right
8   3   100        13808      110603     110703     626        100        1  Left 
0   7   100        13827      110603     110704     624        100        1  Right
8   3   100        14747      110703     110804     617        100        1  Left 
0   6   100        14189      110704     110804     622        300        1  Right
1   7   500        13838      110704     111205     626        3500       1  Right
3   7   100        13849      111205     111305     628        500        1  Right
7   0   500        14139      111305     111805     625        500        1  Right
0   1   100        14190      111805     111905     626        800        1  Right
1   0   500        14213      111905     112405     627        4000       1  Right
0   1   100        14236      112405     112505     628        800        1  Right
3   7   100        14788      112505     112506     625        1100       1  Left 
6   0   500        14486      112505     112507     625        1500       1  Right
7   3   500        14811      112506     112608     626        5500       1  Left 
1   0   500        14508      112608     113108     628        4000       1  Right
3   8   500        14855      112608     113109     627        500        1  Left 
0   1   100        14528      113108     113209     629        800        1  Right
0   1   100        14530      113209     113309     631        800        1  Right
1   0   500        14800      113309     113809     632        4000       1  Right
1   0   500        14811      113809     114309     633        4000       1  Right
0   2   100        14829      114309     114409     633        600        1  Right
2   0   500        15106      114409     114909     630        3000       1  Right
0   1   100        15146      114909     115009     630        800        1  Right
0   2   100        15149      115009     115109     631        600        1  Right
1   0   500        15418      115109     115609     630        4000       1  Right
2   0   500        15426      115609     116109     631        3000       1  Right
0   1   100        15437      116109     116209     632        800        1  Right
1   0   500        15458      116209     116709     633        4000       1  Right
0   1   100        15490      116709     116809     634        800        1  Right
1   0   500        15762      116809     117309     633        4000       1  Right
0   8   100        15788      117309     117409     634        500        1  Left 
0   2   100        15790      117409     117509     635        600        1  Right
2   0   500        16068      117509     118009     633        3000       1  Right
0   2   100        16092      118009     118109     634        600        1  Right
0   6   100        16093      118109     118209     635        300        1  Right
8   0   500        16115      118209     118709     636        2500       1  Left 
2   0   500        16369      118709     119209     635        3000       1  Right
6   0   500        16392      119209     119709     636        1500       1  Right
0   2   100        16402      119709     119809     637        600        1  Right
2   0   500        16679      119809     120309     635        3000       1  Right
0   8   100        16704      120309     120409     636        500        1  Left 
0   2   100        16706      120409     120509     637        600        1  Right
2   0   500        16984      120509     121009     633        3000       1  Right
0   1   100        17018      121009     121109     634        800        1  Right
8   0   500        17031      121109     121609     634        2500       1  Left 
0   2   100        17090      121609     121709     635        600        1  Right
1   0   500        17290      121709     122209     634        4000       1  Right
2   0   500        17367      122209     122709     635        3000       1  Right
0   2   100        17398      122709     122809     636        600        1  Right
2   0   500        17675      122809     123309     635        3000       1  Right
0   2   100        17702      123309     123409     636        600        1  Right
2   0   500        17979      123409     123909     637        3000       1  Right
0   2   100        18010      123909     124009     638        600        1  Right
2   0   500        18287      124009     124509     636        3000       1  Right
0   2   100        18320      124509     124609     637        600        1  Right
0   6   100        18322      124609     124709     638        300        1  Right
2   0   500        18597      124709     125209     637        3000       1  Right
6   0   500        18620      125209     125709     638        1500       1  Right
0   8   100        18624      125709     125809     639        500        1  Left 
0   2   100        18624      125809     125909     640        600        1  Right
2   0   500        18904      125909     126409     639        3000       1  Right
0   2   100        18931      126409     126509     639        600        1  Right
8   0   500        18951      126509     127009     640        2500       1  Left 
2   0   500        19208      127009     127509     640        3000       1  Right
0   2   100        19230      127509     127609     641        600        1  Right
2   0   500        19507      127609     128109     639        3000       1  Right
0   2   100        19821      128109     128209     640        600        1  Right
2   0   500        20098      128209     128709     639        3000       1  Right
0   2   100        20121      128709     128809     640        600        1  Right
2   0   500        20398      128809     129309     640        3000       1  Right
0   2   100        20425      129309     129409     641        600        1  Right
2   0   500        20702      129409     129909     638        3000       1  Right
0   2   100        20729      129909     130009     639        600        1  Right
2   0   500        21006      130009     130509     637        3000       1  Right
0   3   100        21028      130509     130609     638        400        1  Right
0   8   100        21030      130609     130709     639        500        1  Left 
3   0   500        21320      130709     131209     639        2000       1  Right
0   3   100        21348      131209     131309     640        400        1  Right
8   0   500        21358      131309     131809     641        2500       1  Left 
