
427
C:/Users/nxconrad/Desktop/REU 2.0/Benchmark Data/16-core/7/flow_freqmine100#3.txt
745
[2, 6, 3, 8, 11, 12, 0, 4, 10, 1, 15, 13, 14, 5, 7, 9]
0   8   100        9400       9402       9502       0          300        1  Right
6   3   500        9399       9401       9503       0          500        1  Right
2   11  500        9400       9502       9605       1          6000       1  Left 
9   0   100        9424       9605       9705       2          700        1  Left 
11  6   100        9430       9705       9805       3          300        1  Right
1   7   500        9401       9605       10105      2          2500       1  Right
7   2   100        9478       10105      10205      5          200        1  Left 
6   12  500        9433       9805       10306      4          2000       1  Right
4   14  500        9401       10105      10606      5          2500       1  Right
8   6   500        9456       10306      10807      7          1000       1  Right
0   13  500        9411       10606      11107      8          2500       1  Right
6   7   500        9464       10807      11308      9          1500       1  Left 
9   1   100        9426       11308      11408      11         600        1  Right
4   8   500        9408       11107      11608      10         2000       1  Right
1   8   100        9416       11608      11609      13         600        1  Right
0   11  100        9417       11609      11709      14         200        1  Right
15  3   500        9428       11408      11810      12         4000       1  Left 
11  6   100        9467       11810      11910      16         300        1  Right
2   8   100        9491       11910      12010      17         300        1  Right
1   5   500        9428       11810      12310      16         2000       1  Right
2   7   500        9519       12010      12510      16         1000       1  Left 
6   11  500        9498       12010      12511      18         1500       1  Right
15  12  500        9443       12310      12812      19         2500       1  Right
3   15  500        9432       12812      13312      22         4000       1  Right
13  0   100        9457       13312      13412      23         500        1  Right
8   15  500        9458       13412      13912      24         3500       1  Right
1   9   500        9473       13912      14412      25         3000       1  Right
3   15  100        9485       14412      14512      26         800        1  Right
0   13  500        9488       14512      15012      27         2500       1  Right
0   5   100        9488       15012      15112      28         700        1  Right
5   0   100        9489       15112      15212      29         700        1  Right
12  15  100        9495       15212      15312      30         500        1  Right
8   1   500        9500       15312      15812      31         3000       1  Right
6   1   100        9517       15812      15912      30         800        1  Right
13  0   100        9519       15912      16012      31         500        1  Right
9   4   100        9521       16012      16112      32         800        1  Right
8   2   500        9537       15912      16413      31         1500       1  Right
0   5   500        9532       16112      16613      33         3500       1  Right
6   11  500        9606       16413      16914      33         1500       1  Right
0   13  500        9550       16613      17114      35         2500       1  Right
4   9   500        9552       17114      17614      37         4000       1  Right
1   6   500        9558       17614      18114      38         4000       1  Right
7   6   100        9566       18114      18214      39         300        1  Left 
5   0   100        9573       18114      18215      39         700        1  Right
13  0   100        9586       18215      18315      41         500        1  Right
7   5   100        9591       18215      18316      41         100        1  Right
14  4   100        9617       18315      18415      41         500        1  Right
6   0   100        9609       18315      18416      41         500        1  Right
6   8   100        9611       18416      18516      44         200        1  Right
5   7   500        9617       18316      18818      42         500        1  Right
4   14  500        9653       18415      18916      43         2500       1  Right
10  5   100        9605       18916      19016      47         500        1  Right
4   8   100        9675       18916      19017      47         400        1  Right
6   10  500        9617       19016      19517      48         4500       1  Left 
2   8   100        9682       19517      19617      50         300        1  Right
0   5   500        9614       19517      20017      50         3500       1  Right
14  6   100        9618       20017      20117      52         500        1  Left 
0   13  500        9617       20017      20517      52         2500       1  Right
6   1   100        9618       20517      20617      54         800        1  Right
2   14  500        9718       20117      20618      52         2000       1  Left 
11  1   100        9619       20617      20718      55         500        1  Right
0   4   100        9635       20718      20818      57         100        1  Right
5   10  500        9626       20718      21218      57         2500       1  Right
8   1   100        9646       21218      21318      59         600        1  Right
8   2   100        9646       21318      21418      60         300        1  Right
5   1   100        9655       21318      21419      60         400        1  Right
8   4   100        9646       21418      21519      61         400        1  Right
14  2   100        9692       21419      21519      62         400        1  Left 
10  1   100        9668       21419      21520      62         100        1  Right
8   15  100        9646       21519      21521      63         900        1  Left 
1   11  500        9655       21520      21522      64         2500       1  Right
3   15  500        9686       21521      21622      65         4000       1  Left 
10  1   100        9668       21522      21623      66         100        1  Right
6   4   500        9650       21622      22123      67         3000       1  Right
13  0   100        9656       22123      22223      69         500        1  Right
11  2   100        9703       22123      22224      69         400        1  Right
4   1   100        9683       22223      22225      70         200        1  Right
0   13  500        9687       22224      22626      71         5500       1  Left 
1   0   500        9684       22626      23126      73         1500       1  Right
6   11  500        9712       22626      23127      72         1500       1  Right
13  1   100        9714       23126      23227      73         200        1  Right
0   14  100        9719       23127      23228      74         1000       1  Left 
1   8   100        9684       23228      23328      77         600        1  Right
3   7   100        9836       23228      23329      75         400        1  Left 
15  8   100        9693       23328      23429      78         700        1  Right
1   6   500        9695       23429      23929      80         4000       1  Right
1   5   500        9698       23929      24429      81         2000       1  Right
2   11  500        9734       23929      24430      80         2000       1  Right
14  6   100        9741       24430      24530      82         500        1  Left 
14  6   100        9745       24530      24630      83         500        1  Left 
1   10  500        9709       24429      24631      81         500        1  Right
8   0   500        9750       24430      24632      82         1500       1  Right
15  3   500        9792       24630      24831      84         4000       1  Left 
8   6   100        9754       24831      24931      87         200        1  Right
1   10  500        9716       24631      25131      85         500        1  Right
0   5   500        9796       24931      25432      88         4500       1  Left 
1   4   500        9727       25131      25433      89         1000       1  Right
15  12  500        9807       25432      25734      89         5500       1  Left 
10  2   100        9766       25734      25834      92         800        1  Right
9   4   100        9773       25834      25934      93         800        1  Left 
9   6   100        9774       25934      26034      94         200        1  Left 
0   4   100        9796       25934      26035      94         100        1  Right
9   2   100        9848       26034      26134      94         100        1  Left 
11  6   100        9781       26034      26135      95         300        1  Right
1   13  500        9740       25734      26234      92         1000       1  Right
11  5   100        9806       26135      26236      97         700        1  Left 
6   1   100        9747       26236      26336      100        800        1  Right
7   5   100        9842       26236      26337      99         100        1  Right
13  1   100        9797       26336      26436      101        200        1  Right
6   0   100        9751       26336      26437      101        500        1  Right
0   8   100        9807       26437      26537      103        300        1  Right
2   10  500        9807       26436      26937      102        4000       1  Left 
5   0   100        9755       26937      27037      106        700        1  Right
10  0   100        9793       27037      27137      107        200        1  Right
13  1   100        9849       27037      27138      106        200        1  Right
4   0   100        9798       27137      27238      108        100        1  Right
6   14  500        9787       27037      27537      107        2500       1  Left 
0   10  500        9839       27238      27739      109        1000       1  Right
1   6   500        9788       27537      28038      111        4000       1  Left 
0   4   500        9844       27739      28240      111        500        1  Right
5   11  500        9832       28038      28538      112        3500       1  Left 
1   13  500        9823       28038      28539      112        1000       1  Right
0   4   500        9922       28240      28742      113        500        1  Right
6   7   500        9841       28538      29039      114        1500       1  Left 
1   13  500        9875       28539      29040      115        1000       1  Right
4   9   500        9804       29039      29540      117        4000       1  Left 
1   5   500        9889       29040      29541      118        2000       1  Right
12  7   100        9846       29540      29542      119        700        1  Left 
5   0   100        9850       29541      29543      120        700        1  Right
5   1   100        9852       29543      29643      122        400        1  Right
4   0   100        9886       29543      29644      122        100        1  Right
13  3   100        9911       29644      29744      124        900        1  Right
13  8   100        9915       29744      29844      125        800        1  Right
2   9   500        9889       29542      29845      121        500        1  Left 
5   7   500        9868       29643      29947      123        500        1  Right
6   14  500        9917       29844      30147      126        5500       1  Right
7   1   100        9913       30147      30247      129        500        1  Right
9   6   100        9929       30147      30248      129        200        1  Left 
7   1   100        9913       30247      30348      130        500        1  Right
0   6   100        9950       30248      30349      131        500        1  Right
5   4   100        9933       30348      30449      132        600        1  Right
8   6   100        9956       30349      30450      133        200        1  Right
14  1   100        9945       30449      30451      134        300        1  Right
4   5   500        9957       30450      30452      135        5000       1  Left 
1   14  500        9966       30451      30552      136        1500       1  Right
4   1   100        9958       30552      30652      138        200        1  Right
14  2   100        9999       30552      30653      138        400        1  Left 
4   0   100        10032      30652      30753      139        100        1  Right
6   8   500        9969       30452      30953      137        1000       1  Right
0   9   100        10022      30953      31053      142        700        1  Left 
9   6   100        10060      31053      31153      143        200        1  Left 
1   7   500        9972       30653      31155      140        2500       1  Right
3   15  100        9937       31155      31255      145        800        1  Right
7   2   100        10020      31155      31256      145        200        1  Left 
15  3   500        9966       31255      31756      146        4000       1  Right
2   14  500        10025      31256      31757      147        2000       1  Left 
14  2   100        10052      31757      31857      149        400        1  Left 
8   13  500        10003      31756      32257      148        4000       1  Right
1   7   500        9975       32257      32757      151        2500       1  Right
3   13  100        10010      32757      32857      152        700        1  Left 
7   0   100        10036      32857      32957      153        800        1  Left 
11  5   100        10057      32957      33057      154        700        1  Left 
1   4   500        9999       32757      33257      152        1000       1  Right
6   1   100        10021      33257      33357      156        800        1  Right
10  0   100        10046      33357      33457      157        200        1  Right
2   7   500        10063      33057      33458      155        1000       1  Left 
6   14  500        10049      33457      33858      158        5500       1  Right
6   9   500        10060      33858      34358      160        1000       1  Left 
0   4   500        10070      33858      34359      160        500        1  Right
1   6   500        10062      34358      34859      161        4000       1  Left 
2   14  500        10078      34859      35359      163        2000       1  Left 
6   9   500        10081      35359      35859      164        1000       1  Left 
5   11  500        10083      35359      35860      164        4500       1  Right
7   3   500        10138      35859      36360      164        2000       1  Left 
5   14  500        10170      35860      36361      165        500        1  Right
0   7   500        10087      36360      36861      167        4000       1  Left 
9   1   100        10101      36861      36961      169        600        1  Right
0   10  500        10092      36861      37361      169        1000       1  Right
6   11  500        10093      36861      37362      169        1500       1  Right
1   9   500        10147      36961      37462      169        3000       1  Right
0   6   100        10099      37362      37463      172        500        1  Right
9   2   100        10205      37462      37562      171        100        1  Left 
6   0   100        10116      37463      37564      173        500        1  Right
14  6   100        10104      37564      37664      175        500        1  Left 
14  5   100        10129      37664      37764      176        100        1  Right
1   4   500        10151      37462      37963      172        1000       1  Right
4   0   100        10117      37963      38063      178        100        1  Right
4   1   100        10119      38063      38163      179        200        1  Right
7   12  500        10153      37664      38166      176        3500       1  Left 
10  0   100        10156      38163      38167      180        200        1  Right
11  1   100        10128      38166      38170      181        1100       1  Left 
11  1   100        10128      38170      38270      183        500        1  Right
3   7   100        10184      38170      38271      183        400        1  Left 
1   11  500        10164      38270      38771      184        2500       1  Right
6   9   500        10201      38271      38772      185        1000       1  Left 
5   4   100        10185      38771      38871      186        600        1  Right
8   0   500        10165      38771      39272      186        1500       1  Right
2   9   500        10246      38772      39273      186        500        1  Left 
4   5   500        10206      38871      39371      187        3000       1  Right
0   6   500        10162      39272      39772      189        2500       1  Right
5   6   100        10186      39772      39872      192        400        1  Left 
1   11  500        10167      39772      40272      192        2500       1  Right
12  7   100        10204      40272      40372      193        700        1  Left 
11  2   100        10216      40372      40472      194        400        1  Right
5   2   100        10230      40472      40572      195        300        1  Left 
0   10  500        10202      40272      40772      194        1000       1  Right
2   11  500        10249      40572      41073      196        2000       1  Right
6   0   100        10211      41073      41173      198        500        1  Right
0   8   100        10222      41173      41273      199        300        1  Right
11  0   100        10232      41273      41373      200        200        1  Right
10  0   100        10249      41373      41473      201        200        1  Right
2   5   500        10261      41073      41574      198        1500       1  Left 
0   6   500        10261      41473      41575      202        2500       1  Right
2   4   500        10494      41574      41676      202        4500       1  Left 
9   6   100        10293      41676      41776      205        200        1  Left 
5   6   100        10298      41776      41876      206        400        1  Left 
6   1   100        10315      41876      41976      206        800        1  Left 
0   11  500        10273      41575      42076      204        1000       1  Right
9   5   100        10318      41976      42077      207        200        1  Right
0   10  500        10295      42076      42577      209        1000       1  Right
5   9   500        10344      42077      42578      209        1000       1  Right
15  8   100        10557      42577      42678      210        700        1  Right
5   6   100        10352      42578      42679      211        400        1  Left 
7   0   100        10289      42679      42779      214        800        1  Right
0   5   100        10324      42779      42879      214        700        1  Right
0   7   500        10340      42879      43379      215        4000       1  Right
10  0   100        10341      43379      43479      216        200        1  Right
1   6   500        10358      43379      43880      216        4000       1  Left 
0   10  500        10387      43479      43980      217        1000       1  Right
6   5   500        10376      43880      44381      218        2000       1  Left 
14  5   100        10380      44381      44481      220        100        1  Right
4   6   100        10444      44381      44482      220        600        1  Right
14  1   100        10481      44481      44582      221        300        1  Right
4   2   100        10468      44582      44583      223        900        1  Left 
14  1   100        10481      44583      44683      224        300        1  Right
14  2   100        10520      44683      44783      225        400        1  Left 
0   6   500        10448      44482      44884      222        2500       1  Right
6   14  500        10391      44884      45384      227        2500       1  Left 
6   0   100        10401      45384      45484      228        500        1  Right
7   0   100        10403      45484      45584      229        800        1  Left 
10  0   100        10438      45584      45684      230        200        1  Right
11  0   100        10485      45684      45784      231        200        1  Right
5   14  500        10421      45384      45885      228        500        1  Right
5   1   100        10483      45885      45985      233        400        1  Right
7   3   500        10490      45584      46086      230        2000       1  Left 
1   14  500        10502      45985      46486      234        1500       1  Right
0   7   500        10454      46086      46587      235        4000       1  Left 
1   14  500        10505      46486      46987      236        1500       1  Right
0   10  500        10484      46587      47087      237        1000       1  Right
6   5   500        10463      46587      47088      237        2000       1  Left 
3   7   100        10547      47088      47188      240        400        1  Left 
0   11  500        10526      47087      47588      239        1000       1  Right
1   5   500        10519      47088      47589      240        2000       1  Right
6   0   100        10500      47588      47689      242        500        1  Right
6   1   100        10502      47689      47789      244        800        1  Right
4   6   100        10530      47789      47889      245        600        1  Right
2   14  500        10546      47589      48090      243        2000       1  Left 
9   5   100        10569      48090      48190      247        200        1  Right
5   2   100        10572      48190      48290      248        300        1  Left 
1   6   500        10550      47889      48390      246        4000       1  Right
7   12  500        10505      48390      48391      250        3500       1  Left 
0   14  500        10562      48390      48392      250        3000       1  Right
7   0   100        10511      48392      48492      252        800        1  Right
10  0   100        10530      48492      48592      253        200        1  Right
14  0   100        10536      48592      48692      254        600        1  Right
10  1   100        10636      48692      48792      254        100        1  Right
6   9   500        10565      48391      48892      251        1000       1  Left 
8   0   500        10549      48692      49193      255        1500       1  Right
11  0   100        10583      49193      49293      258        200        1  Right
6   5   500        10587      48892      49393      257        2000       1  Left 
1   8   100        10589      49293      49394      259        600        1  Right
6   4   100        10593      49394      49494      261        600        1  Right
5   9   500        10595      49393      49894      260        1000       1  Right
8   15  500        10608      49494      49995      261        3500       1  Right
2   5   500        10603      49894      50395      263        1500       1  Left 
9   1   100        10640      50395      50495      264        600        1  Right
4   6   500        10624      49995      50496      263        3000       1  Right
9   1   100        10640      50495      50596      265        600        1  Right
2   8   100        10617      50496      50597      266        300        1  Right
12  7   100        10569      50596      50697      268        900        1  Right
0   7   500        10569      50697      51197      270        4000       1  Right
5   6   100        10648      51197      51297      270        400        1  Left 
0   10  500        10576      51197      51697      271        1000       1  Right
8   1   500        10648      51297      51798      271        5000       1  Left 
0   2   100        10603      51798      51898      274        600        1  Right
0   2   100        10606      51898      51998      274        600        1  Right
1   10  500        10677      51798      52299      273        500        1  Right
8   2   500        10677      51998      52498      275        1500       1  Right
0   11  500        10624      51998      52499      275        1000       1  Right
0   4   100        10626      52499      52599      278        100        1  Right
4   6   100        10658      52599      52699      279        600        1  Right
1   9   500        10686      52299      52801      276        3000       1  Right
6   4   500        10684      52699      53200      280        3000       1  Right
1   9   500        10689      52801      53302      281        3000       1  Right
10  1   100        10719      53302      53402      283        100        1  Right
9   2   100        10742      53302      53403      283        100        1  Left 
6   4   500        10725      53200      53701      282        3000       1  Right
7   0   100        10632      53701      53801      286        800        1  Right
11  0   100        10666      53801      53901      287        200        1  Right
4   1   100        10721      53801      53902      287        200        1  Right
2   9   500        10783      53403      53904      285        500        1  Left 
0   7   500        10683      53902      54403      289        4000       1  Right
0   11  500        10715      54403      54903      291        1000       1  Right
1   4   500        10752      54403      54904      291        1000       1  Right
7   0   100        10732      54903      55004      292        800        1  Left 
11  0   100        10757      55004      55104      294        200        1  Right
9   0   100        10758      55104      55204      295        700        1  Left 
1   10  500        10760      54904      55405      293        500        1  Right
10  1   100        10800      55405      55505      297        100        1  Right
0   7   500        10783      55204      55705      296        4000       1  Left 
14  0   100        10789      55705      55805      299        1000       1  Left 
4   2   100        10795      55805      55905      300        700        1  Right
1   10  500        10841      55505      56006      297        500        1  Right
0   11  500        10798      55905      56406      301        1000       1  Right
6   4   500        10807      56006      56507      301        5000       1  Left 
0   9   500        10809      56507      57007      303        3500       1  Left 
0   14  500        10815      57007      57507      304        3000       1  Right
2   4   500        10821      57507      58007      305        3500       1  Right
7   0   100        10836      58007      58107      306        800        1  Right
11  0   100        10844      58107      58207      307        200        1  Right
6   4   100        10845      58107      58208      307        1000       1  Left 
14  0   100        10858      58208      58308      309        600        1  Right
7   3   500        10853      58208      58708      309        2000       1  Left 
0   14  500        10884      58308      58709      310        3000       1  Right
7   12  500        10868      58708      58710      311        3500       1  Left 
5   4   500        10908      58709      58811      312        3000       1  Right
2   0   500        10880      58710      59211      313        3000       1  Right
4   6   100        10862      59211      59311      315        600        1  Right
4   6   500        10871      59311      59811      316        3000       1  Right
3   0   100        10885      59811      59911      317        400        1  Right
6   2   100        10900      59811      59911      317        100        1  Right
4   5   100        10887      59811      59912      317        600        1  Right
10  3   100        10892      59912      60012      319        1000       1  Left 
10  8   100        10896      60012      60013      320        1100       1  Left 
3   8   100        10923      60013      60113      321        100        1  Right
0   11  500        10887      59911      60313      318        1000       1  Right
6   5   500        10922      60013      60514      321        2000       1  Left 
8   10  500        10922      60313      60814      323        2500       1  Right
8   3   100        10960      60814      60914      325        100        1  Right
0   7   500        10887      60814      61314      325        4000       1  Right
2   0   500        10891      61314      61814      327        3000       1  Right
1   10  500        10994      61314      61815      327        500        1  Right
12  0   100        10905      61814      61915      328        100        1  Right
3   10  100        11001      61915      62015      330        600        1  Right
2   6   500        10936      61814      62315      328        500        1  Right
1   5   500        11001      61815      62316      329        2000       1  Right
6   4   500        11144      62315      62816      331        3000       1  Right
1   5   500        11004      62316      62817      333        2000       1  Right
14  0   100        10911      62817      62917      335        600        1  Right
0   1   100        10922      62917      63017      336        300        1  Right
11  0   100        10936      63017      63117      337        200        1  Right
10  1   100        10953      63017      63118      337        100        1  Right
2   5   500        11071      62817      63318      335        1500       1  Left 
0   14  500        10937      63118      63619      339        3000       1  Right
0   6   100        10941      63619      63719      341        500        1  Right
5   1   100        10965      63619      63720      341        400        1  Right
5   1   100        10965      63720      63820      343        400        1  Right
5   2   100        11040      63820      63920      344        300        1  Left 
0   11  500        10977      63719      64220      342        1000       1  Right
14  0   100        10963      64220      64320      346        600        1  Right
0   14  500        10989      64320      64820      347        3000       1  Right
7   0   100        10997      64820      64920      348        800        1  Right
9   0   100        11011      64920      65020      349        700        1  Left 
11  1   100        11014      65020      65120      350        500        1  Right
14  0   100        11020      65120      65220      351        600        1  Right
10  1   100        11038      65220      65320      352        100        1  Right
0   14  500        11046      65220      65721      352        5000       1  Left 
0   7   500        11048      65721      66221      354        4000       1  Right
1   11  500        11050      66221      66721      355        2500       1  Right
5   0   100        11056      66721      66821      356        700        1  Right
0   9   500        11062      66821      67321      357        3500       1  Left 
1   10  500        11079      66821      67322      357        500        1  Right
14  0   100        11072      67321      67422      358        1000       1  Left 
11  1   100        11087      67422      67522      360        500        1  Right
0   5   500        11097      67522      68022      361        3500       1  Right
0   14  500        11098      68022      68522      362        3000       1  Right
7   0   100        11104      68522      68622      363        800        1  Right
1   11  500        11123      68622      69122      363        2500       1  Right
14  1   100        11130      69122      69123      364        300        1  Right
4   5   100        11138      69122      69124      364        1000       1  Left 
9   0   100        11142      69124      69224      366        700        1  Left 
1   14  500        11151      69123      69624      365        1500       1  Right
0   7   500        11155      69224      69625      367        4000       1  Left 
5   4   500        11159      69624      70025      368        3000       1  Right
6   1   100        11153      70025      70125      370        800        1  Left 
0   3   500        11178      69625      70126      369        2000       1  Right
11  1   100        11155      70126      70226      372        500        1  Right
14  1   100        11173      70226      70326      373        300        1  Right
11  3   100        11240      70226      70326      373        200        1  Right
0   12  500        11193      70226      70727      373        500        1  Right
1   11  500        11191      70326      70827      374        5500       1  Left 
0   9   500        11193      70827      71327      376        3500       1  Left 
1   14  500        11194      70827      71328      376        1500       1  Right
11  8   100        11244      71327      71428      377        100        1  Right
8   3   100        11255      71428      71528      379        100        1  Right
1   0   500        11195      71328      71829      378        1500       1  Right
4   1   100        11199      71829      71929      381        200        1  Right
8   11  500        11275      71528      72029      380        500        1  Right
4   1   100        11199      71929      72030      382        200        1  Right
9   0   100        11263      72029      72130      383        700        1  Left 
7   1   100        11204      72030      72131      384        500        1  Right
3   10  100        11266      72130      72132      385        600        1  Right
3   0   100        11267      72132      72232      387        400        1  Right
1   6   500        11205      72131      72533      386        4000       1  Left 
0   6   100        11220      72533      72633      389        500        1  Right
14  1   100        11221      72533      72634      389        300        1  Right
4   2   100        11269      72633      72734      390        700        1  Right
7   15  100        11320      72634      72735      390        400        1  Right
6   2   100        11283      72734      72834      392        100        1  Right
14  3   100        11292      72834      72934      394        600        1  Left 
14  8   100        11296      72934      73034      395        700        1  Left 
3   13  100        11323      73034      73134      395        700        1  Left 
3   11  100        11334      73134      73234      396        200        1  Right
1   4   500        11230      72734      73235      392        1000       1  Right
3   11  100        11336      73234      73335      397        200        1  Right
1   4   500        11233      73235      73736      399        1000       1  Right
0   1   100        11234      73736      73836      401        300        1  Right
0   6   100        11235      73836      73936      402        500        1  Right
4   0   100        11288      73936      74036      403        100        1  Right
1   14  500        11242      73836      74337      402        1500       1  Right
10  3   500        11293      74036      74537      404        3000       1  Right
12  0   100        11294      74537      74637      406        100        1  Right
1   7   500        11250      74337      74838      405        2500       1  Right
2   4   500        11295      74637      75138      407        3500       1  Right
15  7   500        11376      74838      75339      407        2000       1  Right
2   6   500        11319      75138      75638      408        500        1  Right
0   3   500        11309      75138      75639      408        2000       1  Right
11  1   100        11311      75639      75739      411        500        1  Right
15  7   500        11629      75339      75841      406        2000       1  Right
0   9   500        11314      75739      76240      412        3500       1  Left 
5   0   100        11309      76240      76340      414        700        1  Right
0   4   500        11324      76340      76840      415        500        1  Right
13  3   500        11336      76340      76841      415        3500       1  Left 
0   12  500        11330      76840      77341      416        500        1  Right
8   14  500        11342      76841      77342      417        3500       1  Left 
3   14  100        11370      77342      77442      419        600        1  Left 
1   11  500        11347      77341      77842      418        2500       1  Right
5   6   500        11407      77442      77942      419        2000       1  Left 
3   8   500        11385      77442      77943      420        500        1  Right
7   6   100        11431      77942      78042      421        300        1  Left 
7   15  100        11573      78042      78142      423        400        1  Right
7   15  100        11744      78142      78242      421        400        1  Right
1   11  500        11430      77842      78344      420        2500       1  Right
0   5   500        11350      78344      78844      427        3500       1  Right
11  3   500        11351      78344      78845      427        1000       1  Right
9   0   100        11381      78844      78945      428        900        1  Right
6   5   100        11386      78945      79045      430        400        1  Left 
11  1   100        11394      78945      79046      430        500        1  Right
3   0   100        11414      79046      79146      431        400        1  Right
0   9   500        11432      79146      79646      432        3500       1  Left 
5   0   100        11434      79646      79746      433        700        1  Right
0   3   500        11445      79746      80246      434        2000       1  Right
12  0   100        11463      80246      80346      435        100        1  Right
0   5   500        11475      80346      80846      436        3500       1  Right
3   0   100        11478      80846      80946      437        400        1  Right
9   0   100        11492      80946      81046      438        700        1  Left 
0   12  500        11499      81046      81546      439        500        1  Right
0   3   500        11509      81546      82046      440        2000       1  Right
5   0   100        11517      82046      82146      441        700        1  Right
6   0   500        11520      82146      82646      442        2500       1  Right
1   0   500        11534      82646      83146      443        1500       1  Right
6   0   500        11534      83146      83646      444        2500       1  Right
12  0   100        11535      83646      83746      445        100        1  Right
4   0   100        11541      83746      83846      446        100        1  Right
12  3   100        11617      83746      83847      444        300        1  Right
0   9   500        11543      83846      84347      447        4500       1  Right
3   0   100        11543      84347      84447      449        400        1  Right
0   5   500        11565      84447      84947      450        3500       1  Right
0   6   100        11567      84947      85047      451        500        1  Right
6   5   100        11637      85047      85147      450        400        1  Left 
3   14  100        11638      85147      85247      451        600        1  Left 
0   12  500        11571      85047      85547      452        500        1  Right
14  3   500        11656      85247      85748      452        3000       1  Left 
0   4   500        11582      85547      86048      455        500        1  Right
9   0   100        11594      86048      86148      457        900        1  Right
5   0   100        11606      86148      86248      458        700        1  Right
3   12  500        11695      85748      86249      454        1500       1  Right
4   0   100        11638      86248      86349      457        100        1  Right
5   6   500        11658      86248      86749      457        2000       1  Left 
0   9   500        11645      86749      87249      460        3500       1  Left 
0   5   500        11647      87249      87749      461        3500       1  Right
9   1   100        11692      87749      87849      462        600        1  Right
6   1   100        11698      87849      87949      463        800        1  Left 
6   1   100        11698      87949      88049      464        800        1  Left 
0   4   500        11674      87749      88249      462        500        1  Right
5   0   100        11702      88249      88349      466        700        1  Right
4   0   100        11711      88349      88449      466        100        1  Right
12  0   100        11719      88449      88549      467        100        1  Right
6   7   500        11703      88049      88550      465        1500       1  Left 
6   2   100        11798      88550      88650      469        100        1  Right
0   5   500        11743      88549      89050      468        3500       1  Right
1   9   500        11738      89050      89550      471        3000       1  Right
0   4   500        11749      89050      89551      471        500        1  Right
1   6   500        11741      89550      90051      472        4000       1  Left 
0   12  500        11755      89551      90052      473        500        1  Right
1   6   500        11747      90051      90552      474        4000       1  Left 
5   0   100        11785      90552      90652      476        700        1  Right
9   1   100        11785      90652      90752      477        600        1  Right
4   0   100        11802      90652      90753      477        100        1  Right
12  1   100        11843      90753      90853      478        400        1  Right
2   6   500        11834      90552      91053      475        500        1  Right
6   0   100        11825      91053      91153      480        500        1  Right
15  7   500        11800      90752      91154      478        2000       1  Right
1   9   500        11831      91153      91554      481        5000       1  Left 
0   5   500        11826      91554      92054      483        3500       1  Right
0   4   500        11838      92054      92055      484        500        1  Right
1   12  500        11874      92054      92056      484        6000       1  Left 
9   1   100        11882      92056      92156      486        600        1  Right
5   1   100        11883      92156      92256      487        400        1  Right
0   6   500        11871      92056      92556      486        2500       1  Right
0   3   100        11872      92556      92656      489        400        1  Right
6   0   500        11873      92656      93156      490        2500       1  Right
12  1   100        11894      93156      93256      491        400        1  Right
4   0   100        11898      93256      93356      492        100        1  Right
3   1   100        11924      93256      93357      491        900        1  Left 
0   4   500        11934      93356      93358      492        500        1  Right
1   12  500        11925      93357      93359      493        6000       1  Left 
4   0   100        11978      93358      93459      494        100        1  Right
0   2   100        11960      93459      93559      496        600        1  Right
1   5   500        11925      93359      93860      495        2000       1  Right
0   4   500        12014      93559      94060      496        500        1  Right
3   0   100        12017      94060      94160      498        400        1  Right
3   11  100        12051      94160      94260      499        200        1  Right
6   0   100        12078      94260      94360      500        500        1  Right
1   9   500        11928      93860      94361      498        3000       1  Right
1   3   500        11937      94361      94861      503        3500       1  Right
12  1   100        11957      94861      94961      504        400        1  Right
9   3   100        12014      94861      94962      503        300        1  Left 
5   1   100        11973      94961      95062      505        400        1  Right
9   8   100        12018      94962      95063      505        400        1  Left 
1   12  500        11988      95062      95563      507        2000       1  Right
8   9   500        12039      95063      95564      507        2000       1  Left 
3   8   100        12051      95564      95664      509        100        1  Right
1   5   500        12012      95563      96064      508        2000       1  Right
12  1   100        12020      96064      96164      511        400        1  Right
12  3   100        12028      96164      96264      512        300        1  Right
5   1   100        12044      96164      96265      512        400        1  Right
4   1   100        12050      96265      96365      514        200        1  Right
9   1   100        12065      96365      96465      515        600        1  Right
0   3   500        12048      96264      96765      513        2000       1  Right
11  3   100        12065      96765      96865      517        200        1  Right
8   3   100        12083      96865      96965      518        100        1  Right
1   12  500        12051      96765      97265      517        2000       1  Right
1   5   500        12080      97265      97765      520        2000       1  Right
0   6   500        12124      97265      97766      520        2500       1  Right
1   4   500        12083      97765      98266      521        1000       1  Right
8   5   500        12161      97766      98267      522        3000       1  Left 
3   1   100        12087      98267      98367      524        700        1  Right
1   9   500        12111      98367      98867      525        3000       1  Right
1   3   500        12113      98867      99367      526        3500       1  Right
4   1   100        12123      99367      99467      527        200        1  Right
3   9   100        12124      99367      99468      527        300        1  Left 
5   3   100        12126      99468      99568      529        500        1  Left 
5   8   100        12130      99568      99668      530        600        1  Left 
5   3   100        12131      99668      99768      531        500        1  Left 
3   0   100        12150      99768      99868      532        400        1  Right
1   4   500        12154      99467      99968      528        1000       1  Right
3   7   100        12159      99868      99969      533        400        1  Left 
9   1   100        12160      99969      100069     535        600        1  Right
4   1   100        12181      100069     100169     536        200        1  Right
0   3   500        12181      99969      100470     535        2000       1  Right
6   0   100        12186      100470     100570     538        500        1  Right
1   9   500        12206      100169     100670     537        3000       1  Right
0   6   500        12232      100570     101071     539        2500       1  Right
1   4   500        12212      100670     101171     540        1000       1  Right
7   3   500        12182      101071     101572     541        2000       1  Left 
7   0   100        12186      101572     101672     543        800        1  Right
3   5   500        12228      101672     102172     544        2500       1  Left 
2   0   500        12241      102172     102672     545        3000       1  Right
0   7   500        12246      102672     103172     546        4000       1  Right
4   3   100        12258      103172     103272     547        500        1  Right
4   8   100        12262      103272     103372     548        400        1  Right
4   3   100        12263      103372     103472     549        500        1  Right
0   2   100        12269      103472     103572     550        600        1  Right
6   0   100        12280      103572     103672     551        500        1  Right
3   4   500        12287      103672     104172     552        2500       1  Right
8   4   500        12300      104172     104672     553        2000       1  Right
3   12  500        12313      104672     104673     553        1500       1  Right
0   6   500        12326      104672     104674     553        5500       1  Left 
12  3   100        12330      104673     104774     554        300        1  Right
7   0   100        12356      104674     104775     555        800        1  Right
3   14  100        12351      104775     104875     557        600        1  Left 
14  3   100        12369      104875     104975     558        600        1  Left 
6   0   100        12372      104975     105075     559        500        1  Right
12  3   100        12392      105075     105175     560        300        1  Right
12  8   100        12396      105175     105275     561        200        1  Right
3   12  100        12400      105275     105375     562        300        1  Right
0   7   500        12407      105075     105576     560        4000       1  Right
8   12  500        12432      105375     105577     563        1000       1  Right
3   4   500        12405      105576     105778     564        5500       1  Left 
3   9   100        12413      105778     105878     566        300        1  Left 
12  1   100        12473      105778     105879     566        400        1  Right
3   4   100        12414      105879     105979     568        500        1  Right
0   6   500        12418      105979     106479     569        2500       1  Right
4   3   500        12427      106479     106979     570        2500       1  Right
9   3   500        12439      106979     107479     571        1500       1  Left 
8   3   100        12449      107479     107579     572        100        1  Right
6   0   100        12469      107479     107580     572        1100       1  Left 
12  3   500        12503      107579     107581     573        1500       1  Right
0   6   500        12515      107580     107582     572        5500       1  Left 
3   5   100        12456      107582     107682     576        500        1  Left 
3   12  100        12492      107682     107782     577        300        1  Right
7   0   100        12522      107682     107783     575        800        1  Right
3   12  100        12495      107782     107784     578        300        1  Right
2   0   500        12546      107783     108185     577        5000       1  Left 
3   8   500        12532      107784     108285     578        500        1  Right
3   5   100        12774      108285     108385     580        500        1  Left 
1   12  500        12504      108185     108686     581        2000       1  Right
6   0   100        12561      108686     108786     582        500        1  Right
0   2   100        12569      108786     108886     583        600        1  Right
0   7   500        12583      108886     109386     584        4000       1  Right
0   6   500        12607      109386     109886     585        2500       1  Right
7   0   100        12634      109886     109986     586        800        1  Right
6   1   100        12649      109986     110086     587        800        1  Right
0   7   500        12685      110086     110586     588        4000       1  Right
1   6   500        12690      110586     111086     589        4000       1  Right
7   3   100        12738      111086     111186     590        400        1  Left 
6   1   100        12743      111186     111286     591        800        1  Right
1   6   500        12787      111286     111786     592        4000       1  Right
5   3   500        12787      111786     112286     593        2500       1  Left 
3   7   500        12821      112286     112786     593        2000       1  Left 
6   1   100        12824      112786     112886     594        800        1  Right
2   0   500        12846      112886     113386     595        3000       1  Right
7   0   100        12860      113386     113486     596        800        1  Right
6   3   100        12916      113386     113487     596        100        1  Right
0   1   100        12874      113486     113587     597        300        1  Right
6   3   100        12921      113487     113588     598        100        1  Right
1   6   500        12865      113588     114088     600        4000       1  Right
0   6   100        12875      114088     114188     601        500        1  Right
0   7   500        12911      114188     114688     602        4000       1  Right
3   5   100        12947      114688     114788     603        500        1  Left 
3   7   100        12947      114788     114888     604        400        1  Left 
3   6   500        12952      114888     115388     605        500        1  Right
1   7   500        13027      114888     115389     605        2500       1  Right
3   6   100        13009      115388     115489     606        100        1  Right
5   3   100        12960      115489     115589     608        500        1  Left 
7   3   100        12973      115589     115689     609        400        1  Left 
3   6   100        13020      115689     115789     610        100        1  Right
1   0   500        13146      115389     115890     607        1500       1  Right
3   7   500        13077      115789     116290     611        2000       1  Left 
7   1   100        12981      116290     116390     613        500        1  Right
7   3   100        12982      116390     116490     614        400        1  Left 
7   1   100        13156      116490     116590     615        500        1  Right
0   7   100        13169      116590     116690     616        800        1  Right
6   3   500        13038      116490     116990     615        500        1  Right
1   7   500        13202      116690     117191     617        2500       1  Right
7   1   100        13249      117191     117291     619        500        1  Right
6   0   500        13175      116990     117491     618        2500       1  Right
1   7   500        13295      117291     117792     620        2500       1  Right
7   1   100        13342      117792     117892     621        500        1  Right
7   3   100        13350      117892     117992     622        400        1  Left 
0   1   100        13532      117892     117993     621        300        1  Right
1   7   500        13388      117993     118493     624        2500       1  Right
7   0   500        13481      118493     118993     624        4000       1  Right
3   7   500        13647      118993     119493     625        2000       1  Left 
1   0   500        13804      118993     119494     625        1500       1  Right
7   3   100        13679      119493     119594     626        400        1  Left 
3   6   100        13715      119594     119694     628        100        1  Right
6   3   100        13733      119694     119794     629        100        1  Right
7   3   100        13741      119794     119894     630        400        1  Left 
7   8   100        13745      119894     119994     631        500        1  Left 
3   7   100        13764      119994     120094     632        400        1  Left 
8   7   500        13766      120094     120594     633        2500       1  Left 
3   12  100        13777      120594     120694     634        300        1  Right
7   1   100        13792      120594     120695     634        500        1  Right
3   8   100        13777      120694     120795     635        100        1  Right
0   7   100        13827      120695     120796     636        800        1  Right
12  3   100        13785      120795     120896     637        300        1  Right
8   3   100        13808      120896     120996     639        100        1  Right
0   6   100        14189      120996     121096     639        500        1  Right
8   3   100        14747      121096     121196     638        100        1  Right
1   7   500        13838      120796     121297     638        2500       1  Right
3   7   100        13849      121297     121397     643        400        1  Left 
0   1   100        14190      121297     121398     642        300        1  Right
3   7   100        14788      121397     121498     641        400        1  Left 
0   1   100        14236      121398     121499     644        300        1  Right
3   8   500        14855      121498     121999     643        500        1  Right
7   0   500        14139      121499     122000     646        4000       1  Right
1   0   500        14213      122000     122500     648        1500       1  Right
7   3   500        14811      122000     122501     646        2000       1  Left 
0   1   100        14528      122500     122601     647        300        1  Right
6   0   500        14486      122601     123101     650        2500       1  Right
1   0   500        14508      123101     123601     651        1500       1  Right
0   1   100        14530      123601     123701     651        300        1  Right
1   0   500        14800      123701     124201     652        1500       1  Right
1   0   500        14811      124201     124701     653        1500       1  Right
0   2   100        14829      124701     124801     654        600        1  Right
2   0   500        15106      124801     125301     654        3000       1  Right
0   1   100        15146      125301     125401     654        300        1  Right
0   2   100        15149      125401     125501     655        600        1  Right
1   0   500        15418      125501     126001     654        1500       1  Right
2   0   500        15426      126001     126501     655        3000       1  Right
0   1   100        15437      126501     126601     656        300        1  Right
1   0   500        15458      126601     127101     657        1500       1  Right
0   1   100        15490      127101     127201     658        300        1  Right
1   0   500        15762      127201     127701     659        1500       1  Right
0   8   100        15788      127701     127801     660        300        1  Right
0   2   100        15790      127801     127901     661        600        1  Right
2   0   500        16068      127901     128401     659        3000       1  Right
0   2   100        16092      128401     128501     660        600        1  Right
0   6   100        16093      128501     128601     661        500        1  Right
8   0   500        16115      128601     129101     661        1500       1  Right
2   0   500        16369      129101     129601     662        3000       1  Right
6   0   500        16392      129601     130101     663        2500       1  Right
0   2   100        16402      130101     130201     664        600        1  Right
2   0   500        16679      130201     130701     663        3000       1  Right
0   8   100        16704      130701     130801     664        300        1  Right
0   2   100        16706      130801     130901     665        600        1  Right
2   0   500        16984      130901     131401     665        3000       1  Right
0   1   100        17018      131401     131501     666        300        1  Right
8   0   500        17031      131501     132001     667        1500       1  Right
0   2   100        17090      132001     132101     668        600        1  Right
1   0   500        17290      132101     132601     668        1500       1  Right
2   0   500        17367      132601     133101     669        3000       1  Right
0   2   100        17398      133101     133201     670        600        1  Right
2   0   500        17675      133201     133701     670        3000       1  Right
0   2   100        17702      133701     133801     671        600        1  Right
2   0   500        17979      133801     134301     672        3000       1  Right
0   2   100        18010      134301     134401     673        600        1  Right
2   0   500        18287      134401     134901     671        3000       1  Right
0   2   100        18320      134901     135001     670        600        1  Right
0   6   100        18322      135001     135101     671        500        1  Right
2   0   500        18597      135101     135601     669        3000       1  Right
6   0   500        18620      135601     136101     670        2500       1  Right
0   8   100        18624      136101     136201     671        300        1  Right
0   2   100        18624      136201     136301     672        600        1  Right
2   0   500        18904      136301     136801     672        3000       1  Right
0   2   100        18931      136801     136901     672        600        1  Right
8   0   500        18951      136901     137401     673        1500       1  Right
2   0   500        19208      137401     137901     672        3000       1  Right
0   2   100        19230      137901     138001     673        600        1  Right
2   0   500        19507      138001     138501     674        3000       1  Right
0   2   100        19821      138501     138601     673        600        1  Right
2   0   500        20098      138601     139101     673        3000       1  Right
0   2   100        20121      139101     139201     673        600        1  Right
2   0   500        20398      139201     139701     674        3000       1  Right
0   2   100        20425      139701     139801     675        600        1  Right
2   0   500        20702      139801     140301     673        3000       1  Right
0   2   100        20729      140301     140401     673        600        1  Right
2   0   500        21006      140401     140901     673        3000       1  Right
0   3   100        21028      140901     141001     674        400        1  Right
0   8   100        21030      141001     141101     675        300        1  Right
3   0   500        21320      141101     141601     674        2000       1  Right
0   3   100        21348      141601     141701     675        400        1  Right
8   0   500        21358      141701     142201     676        1500       1  Right
