
458
C:/Users/nxconrad/Desktop/REU 2.0/Benchmark Data/16-core/7/flow_freqmine100#3.txt
745
[10, 13, 15, 11, 14, 9, 0, 12, 7, 8, 3, 4, 1, 2, 5, 6]
0   8   100        9400       9402       9502       0          300        1  Right
6   3   500        9399       9401       9901       0          2500       1  Right
0   13  500        9411       9502       10003      0          2500       1  Right
9   0   100        9424       10003      10103      2          100        1  Right
1   7   500        9401       9901       10402      1          2000       1  Right
2   11  500        9400       10003      10403      3          3000       1  Left 
11  6   100        9430       10403      10503      5          400        1  Left 
4   14  500        9401       10402      10802      4          3500       1  Right
0   11  100        9417       10802      10902      7          300        1  Right
9   1   100        9426       10902      11002      8          900        1  Left 
4   8   500        9408       10802      11302      7          1000       1  Right
1   8   100        9416       11302      11402      10         300        1  Right
6   12  500        9433       11002      11503      9          4000       1  Left 
1   5   500        9428       11402      11903      11         1000       1  Right
15  3   500        9428       11503      12004      12         4000       1  Right
3   15  500        9432       12004      12504      14         4000       1  Right
15  12  500        9443       12504      13004      15         2500       1  Right
8   6   500        9456       12504      13005      15         3000       1  Right
13  0   100        9457       13004      13105      16         500        1  Right
6   7   500        9464       13005      13506      17         3500       1  Right
0   13  500        9488       13105      13606      18         2500       1  Right
7   2   100        9478       13506      13607      19         500        1  Right
11  6   100        9467       13606      13707      20         400        1  Left 
1   9   500        9473       13607      14108      21         3500       1  Right
6   11  500        9498       13707      14208      22         2000       1  Left 
0   5   100        9488       14108      14209      23         800        1  Right
8   15  500        9458       14209      14709      25         3500       1  Right
1   6   500        9558       14209      14710      24         1500       1  Right
3   15  100        9485       14709      14810      26         800        1  Right
5   0   100        9489       14810      14910      28         800        1  Right
2   8   100        9491       14910      15010      29         400        1  Right
12  15  100        9495       14910      15011      29         500        1  Right
13  0   100        9519       15011      15111      30         500        1  Right
8   1   500        9500       15010      15112      30         1500       1  Right
2   7   500        9519       15111      15213      31         5500       1  Left 
6   1   100        9517       15213      15313      33         300        1  Right
9   4   100        9521       15213      15314      33         600        1  Right
6   11  500        9606       15313      15814      34         2000       1  Left 
0   5   500        9532       15314      15815      35         4000       1  Right
8   2   500        9537       15815      16315      37         2000       1  Right
0   13  500        9550       15815      16316      37         2500       1  Right
7   6   100        9566       16315      16416      38         700        1  Right
4   9   500        9552       16416      16417      40         3000       1  Right
1   11  500        9655       16416      16418      40         3500       1  Left 
14  4   100        9617       16417      16518      41         700        1  Right
5   0   100        9573       16518      16519      43         800        1  Right
14  6   100        9618       16518      16520      43         500        1  Left 
7   5   100        9591       16519      16620      44         600        1  Right
13  0   100        9586       16520      16621      45         500        1  Right
10  5   100        9605       16620      16721      46         200        1  Left 
4   14  500        9653       16621      17122      47         3500       1  Right
6   0   100        9609       17122      17123      49         700        1  Left 
13  0   100        9656       17123      17223      50         500        1  Right
5   7   500        9617       17122      17524      49         3000       1  Right
6   8   100        9611       17524      17624      52         600        1  Right
0   5   500        9614       17624      18124      53         4000       1  Right
6   10  500        9617       17624      18125      53         500        1  Left 
4   8   100        9675       18124      18224      54         200        1  Right
6   1   100        9618       18125      18226      55         300        1  Right
2   8   100        9682       18226      18326      57         400        1  Right
0   13  500        9617       18124      18625      54         2500       1  Right
11  1   100        9619       18625      18725      59         900        1  Right
5   10  500        9626       18226      18727      57         1000       1  Left 
0   4   100        9635       18725      18826      60         500        1  Right
8   1   100        9646       18826      18926      62         300        1  Right
2   14  500        9718       18727      18927      61         3500       1  Left 
1   0   500        9684       18926      19126      63         3000       1  Right
8   2   100        9646       19126      19226      65         400        1  Right
8   4   100        9646       19226      19326      66         200        1  Right
5   1   100        9655       19226      19327      66         200        1  Right
0   13  500        9687       19126      19627      65         2500       1  Right
8   15  100        9646       19627      19727      69         700        1  Right
6   4   500        9650       19327      19828      68         2000       1  Right
10  1   100        9668       19828      19928      71         400        1  Left 
10  1   100        9668       19928      20028      72         400        1  Left 
4   1   100        9683       20028      20128      73         100        1  Right
3   15  500        9686       19727      20129      70         4000       1  Right
13  1   100        9714       20128      20130      74         500        1  Left 
3   7   100        9836       20129      20229      75         200        1  Right
0   14  100        9719       20129      20230      75         200        1  Right
1   8   100        9684       20229      20329      77         300        1  Right
14  2   100        9692       20329      20330      79         900        1  Right
6   11  500        9712       20130      20533      76         2000       1  Left 
8   0   500        9750       20330      20831      80         1500       1  Right
15  8   100        9693       20831      20931      82         700        1  Right
1   6   500        9695       20533      21034      81         1500       1  Right
15  3   500        9792       20931      21432      83         4000       1  Right
14  6   100        9741       21432      21532      85         500        1  Left 
1   5   500        9698       21034      21535      84         1000       1  Right
14  6   100        9745       21532      21536      86         500        1  Left 
0   5   500        9796       21535      21939      87         4000       1  Right
11  2   100        9703       21939      22039      89         600        1  Left 
1   10  500        9709       22039      22539      90         2000       1  Left 
15  12  500        9807       22039      22540      90         2500       1  Right
3   15  100        9937       22540      22640      91         800        1  Right
1   10  500        9716       22539      23040      91         2000       1  Left 
1   4   500        9727       23040      23540      94         500        1  Right
2   11  500        9734       23040      23541      94         3000       1  Left 
9   4   100        9773       23540      23641      95         600        1  Right
0   4   100        9796       23641      23741      97         500        1  Right
0   8   100        9807       23741      23841      98         300        1  Right
1   13  500        9740       23541      24042      96         2500       1  Left 
6   1   100        9747       24042      24142      100        300        1  Right
6   0   100        9751       24142      24242      101        700        1  Left 
8   6   100        9754       24242      24342      102        600        1  Right
5   0   100        9755       24342      24343      103        800        1  Right
9   6   100        9774       24342      24344      103        600        1  Left 
10  2   100        9766       24344      24345      105        300        1  Left 
13  1   100        9797       24344      24346      105        1100       1  Right
13  1   100        9849       24346      24347      107        1100       1  Right
13  3   100        9911       24347      24447      107        900        1  Right
13  8   100        9915       24447      24547      108        800        1  Right
2   10  500        9807       24345      24747      106        1500       1  Left 
15  3   500        9966       24547      25048      109        4000       1  Right
11  6   100        9781       25048      25148      112        400        1  Left 
9   2   100        9848       25048      25149      112        800        1  Right
6   14  500        9787       25148      25649      113        2500       1  Left 
10  0   100        9793       25649      25749      115        600        1  Right
4   0   100        9798       25749      25849      116        500        1  Right
1   6   500        9788       25649      26149      115        1500       1  Right
11  5   100        9806       26149      26249      118        500        1  Left 
4   9   500        9804       25849      26350      117        3000       1  Right
1   13  500        9823       26249      26750      119        2500       1  Left 
5   11  500        9832       26750      26751      121        2500       1  Left 
2   9   500        9889       26750      26752      121        4000       1  Right
0   10  500        9839       26752      26753      123        3000       1  Right
6   7   500        9841       26752      26754      123        3500       1  Right
7   5   100        9842       26754      26854      125        600        1  Right
6   14  500        9917       26754      27255      124        2500       1  Left 
0   4   500        9844       26854      27355      126        2500       1  Right
12  7   100        9846       27355      27455      128        100        1  Right
1   13  500        9875       27255      27756      127        2500       1  Left 
9   6   100        9929       27756      27757      129        600        1  Left 
0   4   500        9922       27455      27857      128        2500       1  Right
0   6   100        9950       27857      27957      131        700        1  Left 
8   6   100        9956       27957      28057      132        1000       1  Left 
1   5   500        9889       27756      28158      130        1000       1  Right
6   8   500        9969       28057      28558      133        5000       1  Left 
5   0   100        9850       28558      28559      136        800        1  Right
9   6   100        10060      28558      28560      134        600        1  Left 
4   0   100        9886       28559      28659      137        500        1  Right
5   1   100        9852       28559      28660      137        200        1  Right
8   13  500        10003      28659      29160      137        4000       1  Right
4   5   500        9957       28660      29161      139        1500       1  Right
3   13  100        10010      29160      29261      139        900        1  Right
0   9   100        10022      29261      29361      141        100        1  Right
5   7   500        9868       29261      29761      143        3000       1  Right
7   1   100        9913       29761      29861      144        400        1  Right
11  5   100        10057      29761      29862      143        500        1  Left 
7   1   100        9913       29861      29962      145        400        1  Right
5   4   100        9933       29962      30062      147        300        1  Right
14  1   100        9945       30062      30063      148        800        1  Right
4   1   100        9958       30063      30163      149        100        1  Right
5   11  500        10083      30062      30164      147        2500       1  Left 
1   14  500        9966       30163      30364      150        4000       1  Right
14  2   100        9999       30364      30464      152        700        1  Left 
1   7   500        9972       30364      30864      152        2000       1  Right
2   14  500        10025      30464      30965      152        3500       1  Left 
1   7   500        9975       30864      31365      154        2000       1  Right
7   2   100        10020      31365      31465      155        1100       1  Left 
14  2   100        10052      31465      31565      156        700        1  Left 
1   4   500        9999       31365      31865      156        500        1  Right
2   7   500        10063      31565      32066      157        5500       1  Left 
6   1   100        10021      32066      32166      159        300        1  Right
4   0   100        10032      32066      32167      159        500        1  Right
7   0   100        10036      32167      32267      161        200        1  Right
6   14  500        10049      32166      32667      160        2500       1  Left 
0   4   500        10070      32267      32768      162        2500       1  Right
6   9   500        10060      32667      33168      163        3000       1  Left 
0   7   500        10087      32768      33269      164        1000       1  Right
10  0   100        10046      33269      33369      166        600        1  Right
1   6   500        10062      33168      33669      165        1500       1  Right
7   3   500        10138      33269      33771      165        1000       1  Right
0   10  500        10092      33369      33870      167        3000       1  Right
7   12  500        10153      33771      34272      168        500        1  Right
2   14  500        10078      33870      34273      170        3500       1  Left 
9   1   100        10101      34272      34274      171        700        1  Right
3   7   100        10184      34274      34374      172        200        1  Right
12  7   100        10204      34374      34474      173        100        1  Right
9   2   100        10205      34474      34475      174        800        1  Right
5   14  500        10170      34273      34674      171        3000       1  Left 
6   9   500        10081      34674      35174      177        3000       1  Left 
6   11  500        10093      35174      35674      178        2000       1  Left 
1   9   500        10147      35174      35675      177        3500       1  Right
0   6   100        10099      35675      35775      180        700        1  Left 
14  6   100        10104      35775      35875      180        500        1  Left 
6   0   100        10116      35875      35975      181        700        1  Left 
14  5   100        10129      35975      36075      182        600        1  Left 
1   4   500        10151      35675      36176      179        500        1  Right
5   4   100        10185      36176      36276      184        300        1  Right
0   6   500        10162      36075      36576      183        3500       1  Left 
4   0   100        10117      36576      36676      186        500        1  Right
1   11  500        10164      36576      37077      186        3500       1  Left 
4   1   100        10119      37077      37177      188        100        1  Right
5   6   100        10186      37077      37177      188        100        1  Right
10  0   100        10156      37077      37178      188        600        1  Right
4   5   500        10206      37177      37179      189        1500       1  Right
6   9   500        10201      37178      37179      190        3000       1  Left 
8   0   500        10165      37178      37180      190        1500       1  Right
11  1   100        10128      37179      37280      191        700        1  Left 
11  1   100        10128      37280      37380      193        700        1  Left 
1   11  500        10167      37380      37880      194        3500       1  Left 
0   10  500        10202      37880      38380      195        3000       1  Right
6   0   100        10211      38380      38480      196        700        1  Left 
11  2   100        10216      38480      38580      197        600        1  Left 
0   8   100        10222      38480      38581      197        300        1  Right
5   2   100        10230      38580      38681      198        100        1  Right
11  0   100        10232      38581      38682      199        300        1  Right
6   1   100        10315      38681      38782      200        300        1  Right
10  0   100        10249      38682      38783      201        600        1  Right
2   9   500        10246      38783      39283      203        4000       1  Right
7   0   100        10289      39283      39383      204        200        1  Right
2   11  500        10249      39283      39783      204        3000       1  Left 
0   6   500        10261      39783      40283      206        3500       1  Left 
2   5   500        10261      39783      40284      206        500        1  Right
0   11  500        10273      40283      40784      207        1500       1  Right
2   4   500        10494      40284      40785      206        1000       1  Right
9   6   100        10293      40784      40885      209        600        1  Left 
5   6   100        10298      40885      40985      211        100        1  Right
0   10  500        10295      40885      41385      211        3000       1  Right
9   5   100        10318      41385      41485      213        700        1  Left 
0   5   100        10324      41485      41585      214        800        1  Right
0   7   500        10340      41585      42085      215        1000       1  Right
5   9   500        10344      41585      42086      215        3500       1  Left 
10  0   100        10341      42086      42186      217        600        1  Right
5   6   100        10352      42086      42187      217        100        1  Right
0   10  500        10387      42186      42687      218        3000       1  Right
1   6   500        10358      42187      42688      219        1500       1  Right
15  8   100        10557      42687      42788      217        700        1  Right
6   5   500        10376      42688      43189      221        500        1  Right
14  5   100        10380      43189      43289      223        600        1  Left 
6   14  500        10391      43289      43789      224        2500       1  Left 
6   0   100        10401      43789      43889      224        700        1  Left 
7   0   100        10403      43889      43989      224        200        1  Right
5   14  500        10421      43889      44390      224        3000       1  Left 
7   3   500        10490      43989      44391      225        1000       1  Right
4   6   100        10444      44390      44391      226        400        1  Right
10  0   100        10438      44390      44392      226        600        1  Right
4   2   100        10468      44391      44491      227        200        1  Right
11  0   100        10485      44392      44492      228        300        1  Right
6   5   500        10463      44391      44892      227        500        1  Right
7   12  500        10505      44391      44893      226        500        1  Right
0   6   500        10448      44892      45393      231        3500       1  Left 
14  1   100        10481      45393      45493      233        800        1  Left 
14  1   100        10481      45493      45593      234        800        1  Left 
5   1   100        10483      45593      45693      235        200        1  Right
0   7   500        10454      45393      45893      233        1000       1  Right
3   7   100        10547      45893      45993      236        200        1  Right
12  7   100        10569      45993      46093      237        100        1  Right
1   14  500        10502      45693      46194      235        4000       1  Left 
4   6   100        10530      46194      46294      239        400        1  Right
0   10  500        10484      46194      46694      240        3000       1  Right
6   0   100        10500      46694      46794      242        700        1  Left 
6   1   100        10502      46794      46894      242        300        1  Right
7   0   100        10511      46794      46895      242        200        1  Right
1   14  500        10505      46894      47395      243        4000       1  Left 
1   5   500        10519      47395      47895      245        1000       1  Right
0   11  500        10526      47395      47896      245        1500       1  Right
10  0   100        10530      47896      47996      247        600        1  Right
1   6   500        10550      47895      48396      246        1500       1  Right
14  2   100        10520      48396      48496      249        700        1  Left 
1   8   100        10589      48396      48497      249        300        1  Right
5   2   100        10572      48496      48596      250        100        1  Right
14  0   100        10536      48496      48597      250        200        1  Right
4   6   500        10624      48596      49097      252        2000       1  Right
8   0   500        10549      48597      49098      253        1500       1  Right
2   14  500        10546      49097      49598      254        3500       1  Left 
0   14  500        10562      49598      50098      256        1000       1  Right
8   15  500        10608      49598      50099      256        4500       1  Left 
0   7   500        10569      50098      50599      257        1000       1  Right
6   9   500        10565      50099      50600      258        3000       1  Left 
9   5   100        10569      50600      50700      260        700        1  Left 
0   10  500        10576      50700      51200      261        3000       1  Right
6   5   500        10587      50700      51201      261        500        1  Right
11  0   100        10583      51200      51301      262        300        1  Right
6   4   100        10593      51201      51302      263        400        1  Right
7   0   100        10632      51301      51402      264        200        1  Right
0   2   100        10603      51402      51403      266        700        1  Right
0   2   100        10606      51403      51404      267        700        1  Right
5   9   500        10595      51302      51605      265        3500       1  Left 
2   5   500        10603      51605      52105      269        500        1  Right
0   11  500        10624      51605      52106      269        1500       1  Right
5   6   100        10648      52105      52205      270        100        1  Right
2   8   100        10617      52105      52206      270        400        1  Right
11  0   100        10666      52106      52208      271        300        1  Right
10  1   100        10636      52206      52307      273        400        1  Left 
0   4   100        10626      52208      52308      274        500        1  Right
9   1   100        10640      52307      52407      275        900        1  Left 
9   1   100        10640      52407      52507      277        900        1  Left 
0   7   500        10683      52308      52809      276        1000       1  Right
8   1   500        10648      52507      53008      278        1500       1  Right
4   6   100        10658      53008      53108      280        400        1  Right
0   11  500        10715      52809      53310      279        1500       1  Right
7   0   100        10732      53310      53410      282        200        1  Right
11  0   100        10757      53410      53510      283        300        1  Right
1   10  500        10677      53108      53609      281        2000       1  Left 
0   7   500        10783      53510      54011      284        1000       1  Right
8   2   500        10677      53609      54110      285        2000       1  Right
0   11  500        10798      54011      54512      286        1500       1  Right
6   4   500        10684      54110      54611      287        2000       1  Right
1   9   500        10686      54611      55111      289        3500       1  Right
1   9   500        10689      55111      55611      290        3500       1  Right
10  1   100        10719      55611      55711      291        400        1  Left 
4   1   100        10721      55711      55811      292        100        1  Right
9   2   100        10742      55711      55812      292        800        1  Left 
9   0   100        10758      55812      55912      294        100        1  Right
14  0   100        10789      55912      56012      295        200        1  Right
7   0   100        10836      56012      56112      295        200        1  Right
11  0   100        10844      56112      56212      296        300        1  Right
6   4   500        10725      55812      56312      294        2000       1  Right
14  0   100        10858      56212      56312      297        200        1  Right
7   3   500        10853      56112      56614      296        1000       1  Right
2   9   500        10783      56312      56812      299        4000       1  Left 
1   4   500        10752      56312      56813      299        500        1  Right
7   12  500        10868      56614      57116      299        500        1  Right
0   9   500        10809      56812      57313      300        500        1  Right
1   10  500        10760      56813      57314      302        2000       1  Left 
4   2   100        10795      57314      57414      305        200        1  Right
10  1   100        10800      57414      57514      306        400        1  Left 
0   14  500        10815      57313      57814      303        1000       1  Right
6   4   500        10807      57514      58015      306        2000       1  Right
0   14  500        10884      57814      58315      307        1000       1  Right
2   4   500        10821      58015      58516      308        1000       1  Right
0   11  500        10887      58315      58816      309        1500       1  Right
1   10  500        10841      58516      59017      310        2000       1  Left 
6   4   100        10845      59017      59117      312        400        1  Right
4   6   100        10862      59117      59217      313        400        1  Right
0   7   500        10887      58816      59317      311        1000       1  Right
10  3   100        10892      59317      59318      315        1000       1  Right
10  8   100        10896      59318      59319      316        900        1  Right
4   6   500        10871      59217      59320      314        2000       1  Right
4   5   100        10887      59320      59420      318        300        1  Right
6   2   100        10900      59420      59520      319        200        1  Right
8   10  500        10922      59319      59620      316        4500       1  Right
8   3   100        10960      59620      59720      320        100        1  Right
5   4   500        10908      59520      60021      319        1500       1  Right
2   0   500        10880      60021      60521      323        3500       1  Right
6   5   500        10922      60021      60522      322        500        1  Right
3   0   100        10885      60521      60622      324        400        1  Right
3   8   100        10923      60622      60722      325        100        1  Right
1   10  500        10994      60522      61023      324        2000       1  Left 
2   0   500        10891      61023      61523      328        3500       1  Right
12  0   100        10905      61523      61623      328        100        1  Right
14  0   100        10911      61623      61723      329        200        1  Right
0   1   100        10922      61723      61823      330        600        1  Right
11  0   100        10936      61823      61923      331        300        1  Right
2   6   500        10936      61523      62024      328        1000       1  Right
10  1   100        10953      62024      62124      333        400        1  Left 
5   1   100        10965      62124      62224      334        200        1  Right
5   1   100        10965      62224      62324      335        200        1  Right
0   14  500        10937      61923      62424      332        1000       1  Right
0   6   100        10941      62424      62524      337        700        1  Left 
14  0   100        10963      62524      62624      338        200        1  Right
1   5   500        11001      62324      62825      335        1000       1  Right
3   10  100        11001      62825      62925      339        600        1  Left 
0   11  500        10977      62624      63125      339        1500       1  Right
1   5   500        11004      62925      63426      340        1000       1  Right
11  1   100        11014      63426      63526      342        700        1  Left 
0   14  500        10989      63125      63626      342        1000       1  Right
10  1   100        11038      63526      63627      343        400        1  Left 
7   0   100        10997      63626      63727      345        200        1  Right
5   2   100        11040      63627      63728      345        100        1  Right
9   0   100        11011      63727      63828      346        100        1  Right
14  0   100        11020      63828      63928      348        200        1  Right
1   11  500        11050      63728      64229      347        3500       1  Left 
0   14  500        11046      63928      64429      349        1000       1  Right
2   5   500        11071      64229      64730      350        500        1  Right
0   7   500        11048      64429      64930      351        1000       1  Right
1   10  500        11079      64730      65231      352        2000       1  Left 
11  1   100        11087      65231      65331      354        700        1  Left 
0   9   500        11062      64930      65431      353        500        1  Right
1   11  500        11123      65331      65832      355        3500       1  Left 
5   0   100        11056      65832      65932      357        800        1  Right
14  0   100        11072      65932      66032      358        200        1  Right
7   0   100        11104      66032      66132      359        200        1  Right
9   0   100        11142      66132      66232      360        100        1  Right
3   10  100        11266      66232      66233      361        1000       1  Right
6   4   500        11144      65932      66334      358        2000       1  Right
0   5   500        11097      66334      66834      363        4000       1  Right
4   5   100        11138      66834      66934      364        300        1  Right
0   14  500        11098      66834      67334      364        1000       1  Right
5   4   500        11159      66934      67435      365        1500       1  Right
14  1   100        11130      67435      67535      367        800        1  Left 
0   7   500        11155      67334      67835      366        1000       1  Right
1   14  500        11151      67535      68036      368        4000       1  Left 
6   1   100        11153      68036      68136      370        300        1  Right
11  1   100        11155      68136      68236      371        700        1  Left 
0   3   500        11178      67835      68336      369        2000       1  Right
14  1   100        11173      68236      68337      372        800        1  Left 
0   12  500        11193      68336      68837      373        500        1  Right
1   11  500        11191      68337      68838      374        3500       1  Left 
0   9   500        11193      68837      69338      375        500        1  Right
1   14  500        11194      68838      69339      376        4000       1  Left 
1   0   500        11195      69339      69839      378        3000       1  Right
4   1   100        11199      69839      69939      379        100        1  Right
11  3   100        11240      69839      69940      379        700        1  Right
4   1   100        11199      69939      70040      380        100        1  Right
11  8   100        11244      69940      70041      381        600        1  Right
8   3   100        11255      70041      70141      383        100        1  Right
9   0   100        11263      70041      70142      383        100        1  Right
3   0   100        11267      70142      70242      385        400        1  Right
1   6   500        11205      70040      70541      382        1500       1  Right
8   11  500        11275      70242      70743      386        3000       1  Right
0   6   100        11220      70743      70843      388        700        1  Left 
3   13  100        11323      70843      70943      388        900        1  Right
1   4   500        11230      70541      71042      387        500        1  Right
3   11  100        11334      70943      71044      389        700        1  Right
3   11  100        11336      71044      71144      391        700        1  Right
1   4   500        11233      71042      71543      391        500        1  Right
7   1   100        11204      71543      71643      394        400        1  Right
14  1   100        11221      71643      71743      395        800        1  Right
0   1   100        11234      71743      71843      396        600        1  Right
0   6   100        11235      71843      71943      397        700        1  Left 
4   2   100        11269      71843      71944      397        200        1  Right
14  3   100        11292      71943      72044      398        600        1  Right
6   2   100        11283      71944      72045      399        200        1  Right
1   14  500        11242      72044      72545      400        4000       1  Right
1   7   500        11250      72545      73045      402        2000       1  Right
4   0   100        11288      73045      73145      403        500        1  Right
11  1   100        11311      73045      73146      402        700        1  Left 
12  0   100        11294      73145      73246      404        100        1  Right
14  8   100        11296      73246      73346      406        500        1  Right
7   15  100        11320      73346      73446      406        600        1  Right
10  3   500        11293      73146      73647      405        3000       1  Left 
8   14  500        11342      73446      73947      407        2500       1  Right
5   0   100        11309      73947      74047      409        800        1  Left 
2   4   500        11295      73647      74148      409        1000       1  Right
0   3   500        11309      74047      74548      410        2000       1  Right
2   6   500        11319      74148      74649      411        1000       1  Right
0   9   500        11314      74548      75049      412        500        1  Right
13  3   500        11336      74649      75050      413        3500       1  Left 
15  7   500        11376      75049      75450      414        3000       1  Right
5   6   500        11407      75050      75551      414        500        1  Right
0   4   500        11324      75450      75951      416        2500       1  Right
1   11  500        11347      75551      76052      417        3500       1  Left 
0   12  500        11330      75951      76452      418        500        1  Right
9   0   100        11381      76452      76552      420        100        1  Right
11  3   500        11351      76052      76553      419        4500       1  Left 
0   5   500        11350      76553      77053      422        4000       1  Right
3   14  100        11370      77053      77153      423        600        1  Right
6   5   100        11386      77053      77154      423        100        1  Right
11  1   100        11394      77154      77254      425        700        1  Left 
0   9   500        11432      77153      77653      423        500        1  Right
3   8   500        11385      77153      77654      424        500        1  Right
3   0   100        11414      77654      77754      427        400        1  Right
1   11  500        11430      77254      77756      425        3500       1  Left 
0   3   500        11445      77754      78255      428        2000       1  Right
7   6   100        11431      78255      78355      430        700        1  Right
5   0   100        11434      78355      78455      431        800        1  Right
12  0   100        11463      78455      78555      432        100        1  Right
7   15  100        11573      78455      78556      431        1000       1  Left 
0   5   500        11475      78556      79056      434        4000       1  Right
3   0   100        11478      79056      79156      435        400        1  Right
9   0   100        11492      79156      79256      436        100        1  Right
15  7   500        11629      79156      79657      435        5000       1  Left 
0   12  500        11499      79256      79757      437        500        1  Right
7   15  100        11744      79657      79758      437        1000       1  Left 
0   3   500        11509      79758      80258      439        2000       1  Right
5   0   100        11517      80258      80358      440        800        1  Right
6   0   500        11520      80358      80858      441        3500       1  Left 
1   0   500        11534      80858      81358      442        3000       1  Right
6   0   500        11534      81358      81858      443        3500       1  Left 
12  0   100        11535      81858      81958      444        100        1  Right
4   0   100        11541      81958      82058      445        500        1  Right
3   0   100        11543      82058      82158      446        400        1  Right
12  3   100        11617      82158      82258      447        300        1  Right
3   14  100        11638      82258      82358      448        1000       1  Left 
0   9   500        11543      82158      82658      447        500        1  Right
9   0   100        11594      82658      82758      450        100        1  Right
14  3   500        11656      82358      82859      449        5000       1  Left 
0   5   500        11565      82859      83359      452        4000       1  Right
0   6   100        11567      83359      83459      453        700        1  Left 
6   5   100        11637      83459      83559      454        100        1  Right
9   1   100        11692      83559      83659      455        900        1  Left 
6   1   100        11698      83659      83759      456        300        1  Right
6   1   100        11698      83759      83859      457        300        1  Right
0   12  500        11571      83459      83959      454        500        1  Right
6   7   500        11703      83859      84360      458        3500       1  Right
9   1   100        11785      84360      84361      460        900        1  Left 
6   2   100        11798      84361      84461      461        200        1  Right
0   4   500        11582      84360      84761      460        2500       1  Right
5   0   100        11606      84761      84861      463        800        1  Right
4   0   100        11638      84861      84961      464        500        1  Right
5   6   500        11658      84861      85362      464        500        1  Right
3   12  500        11695      84961      85461      465        1500       1  Right
0   9   500        11645      84961      85462      465        500        1  Right
15  7   500        11800      85461      85962      467        5000       1  Left 
0   5   500        11647      85962      86462      469        4000       1  Right
0   4   500        11674      86462      86463      470        2500       1  Right
1   9   500        11738      86462      86464      470        4500       1  Left 
5   0   100        11702      86464      86564      472        800        1  Right
4   0   100        11711      86564      86664      473        500        1  Right
12  0   100        11719      86664      86764      474        100        1  Right
1   6   500        11741      86564      87065      473        1500       1  Right
0   5   500        11743      87065      87565      476        4000       1  Right
1   6   500        11747      87565      88065      477        1500       1  Right
0   4   500        11749      87565      88066      477        2500       1  Right
1   9   500        11831      88065      88566      478        4500       1  Left 
0   12  500        11755      88066      88567      479        500        1  Right
12  1   100        11843      88567      88667      481        500        1  Right
2   6   500        11834      88566      89067      480        1000       1  Right
5   0   100        11785      89067      89068      483        800        1  Left 
1   12  500        11874      88667      89069      482        2500       1  Right
0   5   500        11826      89068      89070      484        4000       1  Left 
1   12  500        11925      89069      89071      484        2500       1  Right
4   0   100        11802      89071      89072      487        500        1  Right
9   1   100        11882      89071      89073      487        900        1  Left 
5   1   100        11883      89073      89173      489        200        1  Right
0   4   500        11838      89072      89573      488        2500       1  Right
6   0   100        11825      89573      89673      491        700        1  Left 
1   5   500        11925      89173      89674      489        1000       1  Right
12  1   100        11894      89674      89774      493        500        1  Right
3   1   100        11924      89774      89874      493        200        1  Right
12  1   100        11957      89874      89974      494        500        1  Right
5   1   100        11973      89974      90074      495        200        1  Right
0   6   500        11871      89673      90174      492        3500       1  Left 
12  1   100        12020      90074      90175      495        500        1  Right
5   1   100        12044      90175      90275      497        200        1  Right
6   0   500        11873      90174      90675      498        3500       1  Left 
0   3   100        11872      90675      90676      501        400        1  Right
4   0   100        11898      90676      90677      502        500        1  Right
1   9   500        11928      90675      90678      500        4500       1  Left 
0   4   500        11934      90677      90878      502        2500       1  Right
0   2   100        11960      90878      90978      504        900        1  Left 
1   3   500        11937      90878      91378      504        1000       1  Right
8   9   500        12039      90978      91479      504        2000       1  Right
4   0   100        11978      91479      91579      507        500        1  Right
1   12  500        11988      91579      92079      508        2500       1  Right
9   3   100        12014      92079      92179      508        500        1  Right
1   5   500        12012      92079      92579      508        1000       1  Right
0   4   500        12014      92179      92680      509        2500       1  Right
3   0   100        12017      92680      92780      511        400        1  Right
4   1   100        12050      92680      92781      511        100        1  Right
9   8   100        12018      92780      92782      512        400        1  Right
3   11  100        12051      92781      92783      513        900        1  Left 
12  3   100        12028      92783      92883      515        300        1  Right
9   1   100        12065      92783      92884      515        900        1  Left 
0   3   500        12048      92883      93384      516        2000       1  Right
6   0   100        12078      93384      93484      518        700        1  Left 
1   12  500        12051      93384      93884      518        2500       1  Right
3   8   100        12051      93884      93984      520        100        1  Right
0   6   500        12124      93484      93985      519        3500       1  Left 
11  3   100        12065      93985      94085      522        700        1  Right
8   3   100        12083      94085      94185      523        100        1  Right
1   5   500        12080      93884      94386      520        1000       1  Right
1   4   500        12083      94386      94886      525        500        1  Right
8   5   500        12161      94386      94887      525        5500       1  Left 
3   1   100        12087      94886      94987      526        200        1  Right
1   9   500        12111      94987      95487      528        3500       1  Right
1   3   500        12113      95487      95987      529        1000       1  Right
4   1   100        12123      95987      96087      530        100        1  Right
3   9   100        12124      95987      96088      530        500        1  Right
5   3   100        12126      96088      96089      532        1200       1  Left 
5   8   100        12130      96089      96189      533        1100       1  Left 
5   3   100        12131      96189      96190      534        1200       1  Left 
3   0   100        12150      96190      96290      535        400        1  Right
1   4   500        12154      96087      96390      531        500        1  Right
6   0   100        12186      96290      96390      536        700        1  Left 
3   7   100        12159      96290      96391      536        200        1  Right
9   1   100        12160      96390      96392      537        900        1  Left 
4   1   100        12181      96392      96492      539        100        1  Right
0   3   500        12181      96391      96493      538        2000       1  Right
1   9   500        12206      96492      96693      540        4500       1  Left 
7   3   500        12182      96493      96994      541        1000       1  Right
0   6   500        12232      96693      97193      542        3500       1  Left 
1   4   500        12212      96693      97194      542        500        1  Right
7   0   100        12186      97193      97294      544        200        1  Right
3   5   500        12228      97194      97695      545        2000       1  Right
0   7   500        12246      97294      97795      546        1000       1  Right
4   3   100        12258      97695      97796      547        100        1  Right
4   8   100        12262      97796      97896      549        200        1  Right
4   3   100        12263      97896      97996      550        100        1  Right
2   0   500        12241      97795      98296      548        4500       1  Left 
0   2   100        12269      98296      98396      552        900        1  Left 
6   0   100        12280      98396      98496      553        700        1  Left 
3   4   500        12287      97996      98497      551        500        1  Right
0   6   500        12326      98496      98997      554        3500       1  Left 
8   4   500        12300      98497      98998      555        1000       1  Right
7   0   100        12356      98997      99098      556        200        1  Right
6   0   100        12372      99098      99198      558        700        1  Left 
6   0   100        12469      99198      99298      559        700        1  Left 
3   12  500        12313      99098      99598      558        1500       1  Right
12  3   100        12330      99598      99698      561        300        1  Right
3   14  100        12351      99698      99798      562        600        1  Right
14  3   100        12369      99798      99898      563        600        1  Right
12  3   100        12392      99898      99998      564        300        1  Right
12  8   100        12396      99998      100098     565        200        1  Right
4   3   500        12427      99998      100499     565        500        1  Right
0   7   500        12407      100098     100500     566        1000       1  Right
7   0   100        12522      100500     100501     567        200        1  Right
9   3   500        12439      100499     100802     567        5500       1  Left 
3   12  100        12400      100802     100902     570        300        1  Right
0   6   500        12418      100802     101303     570        3500       1  Left 
8   12  500        12432      100902     101402     571        1000       1  Right
3   4   500        12405      100902     101403     571        500        1  Right
8   3   100        12449      101403     101503     574        100        1  Right
12  1   100        12473      101503     101603     575        500        1  Right
0   6   500        12515      101303     101805     571        3500       1  Left 
12  3   500        12503      101603     102104     575        1500       1  Right
2   0   500        12546      101805     102306     576        4500       1  Left 
3   9   100        12413      102306     102406     579        500        1  Right
3   4   100        12414      102406     102506     580        100        1  Right
6   0   100        12561      102406     102507     579        700        1  Left 
3   5   100        12456      102506     102607     581        400        1  Right
7   0   100        12634      102507     102608     581        200        1  Right
6   1   100        12649      102607     102708     582        300        1  Right
3   12  100        12492      102608     102709     584        300        1  Right
0   2   100        12569      102708     102809     584        900        1  Left 
3   12  100        12495      102709     102810     586        300        1  Right
6   1   100        12743      102809     102910     586        300        1  Right
6   1   100        12824      102910     103010     588        300        1  Right
0   7   500        12583      102810     103310     587        1000       1  Right
3   8   500        12532      102810     103311     587        500        1  Right
7   3   100        12738      103311     103312     591        200        1  Right
1   12  500        12504      103310     103712     590        5500       1  Left 
3   5   100        12774      103712     103812     593        400        1  Right
0   6   500        12607      103712     104212     593        3500       1  Left 
5   3   500        12787      103812     104313     594        2000       1  Right
0   7   500        12685      104212     104713     595        1000       1  Right
1   6   500        12690      104313     104814     596        1500       1  Right
3   7   500        12821      104713     105214     597        1000       1  Right
1   6   500        12787      104814     105315     598        1500       1  Right
2   0   500        12846      105315     105815     600        3500       1  Right
7   0   100        12860      105815     105915     601        200        1  Right
1   6   500        12865      105815     106316     601        1500       1  Right
0   1   100        12874      106316     106416     603        600        1  Right
0   6   100        12875      106416     106516     604        700        1  Left 
3   5   100        12947      106416     106517     604        400        1  Right
6   3   100        12916      106517     106617     606        500        1  Right
6   3   100        12921      106617     106717     607        500        1  Right
5   3   100        12960      106717     106817     608        400        1  Right
0   7   500        12911      106516     107017     605        1000       1  Right
3   7   100        12947      107017     107117     610        200        1  Right
3   6   500        12952      107117     107617     611        2500       1  Right
7   3   100        12973      107617     107717     612        200        1  Right
7   1   100        12981      107717     107817     613        400        1  Right
7   3   100        12982      107817     107917     614        200        1  Right
3   6   100        13009      107917     108017     613        500        1  Right
3   6   100        13020      108017     108117     614        500        1  Right
1   7   500        13027      108117     108617     615        2000       1  Right
6   3   500        13038      108617     109117     616        2500       1  Right
3   7   500        13077      109117     109617     617        1000       1  Right
1   0   500        13146      109117     109618     616        5000       1  Left 
7   1   100        13156      109618     109718     618        400        1  Right
7   1   100        13249      109718     109818     619        400        1  Right
7   1   100        13342      109818     109918     620        400        1  Right
7   3   100        13350      109918     110018     621        200        1  Right
6   0   500        13175      109618     110119     618        3500       1  Left 
0   7   100        13169      110119     110219     623        200        1  Right
1   7   500        13202      110219     110719     624        2000       1  Right
1   7   500        13295      110719     111219     625        2000       1  Right
1   7   500        13388      111219     111719     626        2000       1  Right
7   0   500        13481      111719     112219     627        1000       1  Right
0   1   100        13532      112219     112319     627        600        1  Right
3   7   500        13647      112319     112819     626        1000       1  Right
1   0   500        13804      112319     112820     625        5000       1  Left 
7   3   100        13679      112819     112920     627        200        1  Right
3   6   100        13715      112920     113020     628        500        1  Right
6   3   100        13733      113020     113120     629        500        1  Right
7   3   100        13741      113120     113220     630        200        1  Right
7   8   100        13745      113220     113221     631        100        1  Right
12  3   100        13785      113220     113222     631        1300       1  Left 
3   7   100        13764      113222     113322     633        200        1  Right
3   12  100        13777      113322     113323     634        1300       1  Left 
8   7   500        13766      113322     113723     634        500        1  Right
3   8   100        13777      113723     113724     636        100        1  Right
7   1   100        13792      113723     113725     636        1200       1  Left 
8   3   100        13808      113724     113825     637        100        1  Right
0   7   100        13827      113725     113826     638        200        1  Right
8   3   100        14747      113825     113827     634        100        1  Right
1   7   500        13838      113826     114228     640        6000       1  Left 
3   7   100        13849      114228     114328     642        200        1  Right
0   6   100        14189      114228     114329     641        700        1  Left 
3   7   100        14788      114328     114429     638        200        1  Right
0   1   100        14190      114329     114430     643        1000       1  Left 
3   8   500        14855      114429     114930     639        500        1  Right
7   0   500        14139      114430     114931     645        1000       1  Right
1   0   500        14213      114931     115431     645        3000       1  Right
0   1   100        14236      115431     115531     646        600        1  Right
6   0   500        14486      115531     116031     647        3500       1  Left 
7   3   500        14811      115531     116032     644        1000       1  Right
1   0   500        14508      116031     116532     648        5000       1  Left 
0   1   100        14528      116532     116632     650        600        1  Right
0   1   100        14530      116632     116732     651        600        1  Right
1   0   500        14800      116732     117232     650        3000       1  Right
1   0   500        14811      117232     117732     650        3000       1  Right
0   2   100        14829      117732     117832     651        700        1  Right
2   0   500        15106      117832     118332     649        3500       1  Right
0   1   100        15146      118332     118432     648        600        1  Right
0   2   100        15149      118432     118532     649        700        1  Right
1   0   500        15418      118532     119032     647        3000       1  Right
2   0   500        15426      119032     119532     648        3500       1  Right
0   1   100        15437      119532     119632     649        600        1  Right
1   0   500        15458      119632     120132     650        3000       1  Right
0   1   100        15490      120132     120232     651        600        1  Right
1   0   500        15762      120232     120732     652        3000       1  Right
0   8   100        15788      120732     120832     653        300        1  Right
0   2   100        15790      120832     120932     654        700        1  Right
2   0   500        16068      120932     121432     653        3500       1  Right
0   2   100        16092      121432     121532     654        700        1  Right
0   6   100        16093      121532     121632     655        700        1  Left 
8   0   500        16115      121632     122132     656        1500       1  Right
2   0   500        16369      122132     122632     655        3500       1  Right
6   0   500        16392      122632     123132     656        3500       1  Left 
0   2   100        16402      123132     123232     657        700        1  Right
2   0   500        16679      123232     123732     650        3500       1  Right
0   8   100        16704      123732     123832     651        300        1  Right
0   2   100        16706      123832     123932     652        700        1  Right
2   0   500        16984      123932     124432     652        3500       1  Right
0   1   100        17018      124432     124532     653        600        1  Right
8   0   500        17031      124532     125032     654        1500       1  Right
0   2   100        17090      125032     125132     655        700        1  Right
1   0   500        17290      125132     125632     653        3000       1  Right
2   0   500        17367      125632     126132     654        3500       1  Right
0   2   100        17398      126132     126232     655        700        1  Right
2   0   500        17675      126232     126732     654        3500       1  Right
0   2   100        17702      126732     126832     655        700        1  Right
2   0   500        17979      126832     127332     656        3500       1  Right
0   2   100        18010      127332     127432     657        700        1  Right
2   0   500        18287      127432     127932     654        3500       1  Right
0   2   100        18320      127932     128032     655        700        1  Right
0   6   100        18322      128032     128132     656        700        1  Left 
2   0   500        18597      128132     128632     656        3500       1  Right
6   0   500        18620      128632     129132     657        3500       1  Left 
0   8   100        18624      129132     129232     657        300        1  Right
0   2   100        18624      129232     129332     658        700        1  Right
2   0   500        18904      129332     129832     656        3500       1  Right
0   2   100        18931      129832     129932     655        700        1  Right
8   0   500        18951      129932     130432     656        1500       1  Right
2   0   500        19208      130432     130932     656        3500       1  Right
0   2   100        19230      130932     131032     656        700        1  Right
2   0   500        19507      131032     131532     655        3500       1  Right
0   2   100        19821      131532     131632     654        700        1  Right
2   0   500        20098      131632     132132     652        3500       1  Right
0   2   100        20121      132132     132232     653        700        1  Right
2   0   500        20398      132232     132732     647        3500       1  Right
0   2   100        20425      132732     132832     648        700        1  Right
2   0   500        20702      132832     133332     648        3500       1  Right
0   2   100        20729      133332     133432     649        700        1  Right
2   0   500        21006      133432     133932     648        3500       1  Right
0   3   100        21028      133932     134032     649        400        1  Right
0   8   100        21030      134032     134132     650        300        1  Right
3   0   500        21320      134132     134632     650        2000       1  Right
0   3   100        21348      134632     134732     651        400        1  Right
8   0   500        21358      134732     135232     652        1500       1  Right
