
526
C:/Users/nxconrad/Desktop/REU 2.0/Benchmark Data/16-core/7/flow_freqmine100#3.txt
745
[7, 2, 4, 14, 8, 0, 5, 11, 13, 1, 3, 10, 9, 15, 6, 12]
0   8   100        9400       9402       9502       0          100        1  Right
6   3   500        9399       9401       9901       0          2000       1  Right
2   11  500        9400       9502       9902       1          3000       1  Right
1   7   500        9401       9901       10301      1          3500       1  Left 
7   2   100        9478       10301      10401      3          100        1  Right
0   13  500        9411       9902       10402      2          1500       1  Right
4   14  500        9401       9902       10403      2          500        1  Right
0   11  100        9417       10402      10502      5          200        1  Right
6   12  500        9433       10301      10801      3          500        1  Right
15  3   500        9428       10301      10803      3          1500       1  Right
4   8   500        9408       10403      10906      6          1000       1  Right
0   13  500        9488       10502      11003      7          1500       1  Right
1   8   100        9416       11003      11103      11         500        1  Right
2   8   100        9491       11103      11104      12         300        1  Right
6   7   500        9464       10801      11203      8          1000       1  Left 
3   15  500        9432       10803      11205      9          1500       1  Right
1   5   500        9428       11103      11505      12         1500       1  Right
9   0   100        9424       11505      11605      16         700        1  Right
2   7   500        9519       11203      11704      13         500        1  Right
9   1   100        9426       11605      11705      17         300        1  Right
15  12  500        9443       11205      11706      15         1000       1  Right
13  0   100        9457       11605      11707      17         300        1  Right
11  6   100        9430       11707      11807      21         900        1  Left 
0   5   100        9488       11807      11907      22         100        1  Right
5   0   100        9489       11907      12007      23         100        1  Right
13  0   100        9519       12007      12008      23         300        1  Right
1   9   500        9473       11705      12107      19         1500       1  Right
8   6   500        9456       11807      12209      22         3000       1  Left 
0   5   500        9532       12008      12509      24         500        1  Right
8   15  500        9458       12209      12710      27         3500       1  Left 
3   15  100        9485       12710      12810      29         300        1  Right
12  15  100        9495       12810      12910      30         200        1  Right
0   13  500        9550       12509      12911      27         1500       1  Right
5   0   100        9573       12911      13011      31         100        1  Right
13  0   100        9586       13011      13012      32         300        1  Right
8   1   500        9500       12910      13213      31         5500       1  Left 
11  6   100        9467       13213      13313      35         700        1  Right
8   2   500        9537       13213      13714      34         1500       1  Right
6   11  500        9498       13313      13715      36         3500       1  Right
6   1   100        9517       13715      13815      37         500        1  Right
5   7   500        9617       13714      14116      36         3000       1  Right
1   6   500        9558       13815      14316      38         2500       1  Right
9   4   100        9521       14316      14416      40         600        1  Left 
4   9   500        9552       14416      14916      41         3000       1  Left 
7   6   100        9566       14916      15016      42         200        1  Left 
14  4   100        9617       14916      15017      42         100        1  Right
7   5   100        9591       15016      15117      43         1000       1  Left 
10  5   100        9605       15117      15217      45         500        1  Right
4   14  500        9653       15017      15518      44         500        1  Right
0   5   500        9614       15217      15717      46         500        1  Right
6   11  500        9606       15217      15718      46         3500       1  Right
6   0   100        9609       15718      15818      49         700        1  Left 
6   8   100        9611       15818      15918      50         600        1  Left 
4   8   100        9675       15918      16018      51         200        1  Right
2   8   100        9682       16018      16118      52         300        1  Right
1   11  500        9655       15718      16219      49         1000       1  Right
6   10  500        9617       15918      16419      51         1500       1  Right
6   1   100        9618       16419      16519      55         500        1  Right
2   14  500        9718       16118      16619      53         1000       1  Right
14  6   100        9618       16619      16719      57         500        1  Left 
0   13  500        9617       16219      16720      54         1500       1  Right
11  1   100        9619       16720      16721      59         200        1  Right
5   10  500        9626       16720      17122      59         5500       1  Left 
0   4   100        9635       17122      17222      61         300        1  Right
8   1   100        9646       17222      17322      62         500        1  Right
8   2   100        9646       17322      17422      63         300        1  Right
5   1   100        9655       17322      17423      63         300        1  Right
8   4   100        9646       17422      17523      64         200        1  Right
10  1   100        9668       17423      17523      65         200        1  Right
13  0   100        9656       17423      17524      65         300        1  Right
10  1   100        9668       17523      17525      66         200        1  Right
8   15  100        9646       17523      17526      66         700        1  Left 
0   13  500        9687       17524      17928      67         1500       1  Right
3   15  500        9686       17526      18026      69         1500       1  Right
6   4   500        9650       17526      18027      69         2000       1  Left 
14  2   100        9692       18027      18028      72         200        1  Right
3   7   100        9836       18027      18029      72         600        1  Left 
3   15  100        9937       18029      18129      72         300        1  Right
1   0   500        9684       17928      18331      70         2000       1  Right
4   1   100        9683       18331      18431      76         700        1  Right
1   8   100        9684       18431      18531      77         500        1  Right
15  8   100        9693       18531      18631      78         700        1  Left 
13  1   100        9714       18531      18632      78         100        1  Right
11  2   100        9703       18631      18732      79         600        1  Right
15  3   500        9792       18631      18733      79         1500       1  Right
1   6   500        9695       18732      18834      81         5500       1  Left 
0   14  100        9719       18834      18934      83         200        1  Right
10  2   100        9766       18834      18935      83         600        1  Left 
14  6   100        9741       18935      19035      85         500        1  Left 
14  6   100        9745       19035      19135      86         500        1  Left 
1   5   500        9698       18834      19334      83         1500       1  Right
8   0   500        9750       18934      19436      84         500        1  Right
15  12  500        9807       19135      19636      87         1000       1  Right
8   6   100        9754       19636      19736      90         600        1  Left 
1   10  500        9709       19334      19835      88         1000       1  Right
0   5   500        9796       19436      19937      89         500        1  Right
6   11  500        9712       19835      20336      92         3500       1  Right
1   10  500        9716       20336      20836      94         1000       1  Right
2   11  500        9734       20336      20837      94         3000       1  Right
6   1   100        9747       20836      20937      95         500        1  Right
1   4   500        9727       20937      20938      97         3500       1  Right
2   10  500        9807       20937      20939      97         3000       1  Left 
6   0   100        9751       20939      21039      99         700        1  Left 
5   0   100        9755       21039      21139      100        100        1  Right
9   4   100        9773       21039      21140      100        600        1  Left 
9   6   100        9774       21140      21240      102        200        1  Right
0   4   100        9796       21140      21241      102        300        1  Right
9   2   100        9848       21240      21341      103        500        1  Left 
0   8   100        9807       21241      21342      104        100        1  Right
1   13  500        9740       20938      21439      98         500        1  Right
13  1   100        9797       21439      21539      107        100        1  Right
13  1   100        9849       21539      21639      108        100        1  Right
5   11  500        9832       21139      21641      101        500        1  Right
13  3   100        9911       21639      21739      107        200        1  Right
10  0   100        9793       21739      21839      111        600        1  Right
6   14  500        9787       21341      21843      105        2500       1  Left 
0   10  500        9839       21839      22340      112        3000       1  Right
6   7   500        9841       21843      22344      113        1000       1  Left 
4   0   100        9798       22340      22441      114        300        1  Right
12  7   100        9846       22344      22444      115        100        1  Left 
15  3   500        9966       22340      22841      112        1500       1  Right
11  6   100        9781       22841      22941      118        700        1  Right
0   4   500        9844       22441      22943      116        1500       1  Right
11  5   100        9806       22941      23041      119        100        1  Right
1   6   500        9788       22941      23442      119        2500       1  Right
0   4   500        9922       22943      23445      118        1500       1  Right
9   6   100        9929       23442      23542      120        200        1  Right
7   5   100        9842       23445      23546      123        600        1  Right
5   0   100        9850       23546      23646      125        100        1  Right
1   13  500        9823       23442      23943      122        500        1  Right
5   1   100        9852       23943      24043      127        300        1  Right
4   9   500        9804       23546      24047      125        3000       1  Left 
1   13  500        9875       24043      24544      128        500        1  Right
5   7   500        9868       24047      24548      129        3000       1  Right
4   0   100        9886       24548      24648      131        300        1  Right
2   9   500        9889       24548      25048      131        2500       1  Left 
1   5   500        9889       24548      25049      131        1500       1  Right
13  8   100        9915       25049      25149      132        400        1  Right
6   14  500        9917       25048      25549      131        2500       1  Left 
7   1   100        9913       25549      25649      134        700        1  Left 
5   4   100        9933       25549      25650      134        400        1  Right
7   1   100        9913       25649      25750      135        700        1  Left 
4   5   500        9957       25650      26151      136        2000       1  Right
14  1   100        9945       26151      26251      138        600        1  Right
0   6   100        9950       26251      26351      139        700        1  Left 
11  5   100        10057      26251      26352      139        100        1  Right
8   6   100        9956       26351      26353      140        600        1  Left 
0   9   100        10022      26352      26354      141        700        1  Right
6   8   500        9969       26353      26854      142        3000       1  Left 
5   11  500        10083      26354      26855      143        500        1  Right
4   1   100        9958       26854      26856      144        900        1  Left 
8   13  500        10003      26855      26857      145        2000       1  Right
1   14  500        9966       26856      26957      146        5000       1  Left 
14  2   100        9999       26957      27057      148        200        1  Right
1   7   500        9972       26957      27457      148        3500       1  Left 
2   14  500        10025      27057      27558      149        1000       1  Right
4   0   100        10032      27558      27658      151        300        1  Right
1   7   500        9975       27457      27958      150        3500       1  Left 
7   2   100        10020      27958      28058      153        100        1  Right
9   6   100        10060      27958      28059      153        200        1  Right
1   4   500        9999       27958      28458      153        3500       1  Right
3   13  100        10010      28458      28558      156        200        1  Right
2   7   500        10063      28058      28560      154        500        1  Right
6   1   100        10021      28558      28658      157        500        1  Right
0   4   500        10070      28458      28960      156        1500       1  Right
7   0   100        10036      28960      29060      160        500        1  Right
1   6   500        10062      28658      29159      159        2500       1  Right
14  2   100        10052      29060      29161      161        200        1  Right
10  0   100        10046      29159      29260      162        600        1  Right
9   1   100        10101      29260      29360      164        300        1  Right
6   14  500        10049      29161      29662      163        2500       1  Left 
6   9   500        10060      29662      30162      166        1000       1  Right
2   14  500        10078      29662      30163      166        1000       1  Right
6   9   500        10081      30162      30663      167        1000       1  Right
0   7   500        10087      30163      30664      168        2500       1  Right
6   11  500        10093      30663      31164      169        3500       1  Right
5   14  500        10170      30664      31165      170        1500       1  Right
7   3   500        10138      31164      31665      171        3000       1  Left 
0   10  500        10092      31665      32165      173        3000       1  Right
7   12  500        10153      31665      32166      173        500        1  Left 
0   6   100        10099      32165      32266      174        900        1  Right
14  6   100        10104      32266      32366      176        500        1  Left 
6   0   100        10116      32366      32466      177        700        1  Left 
4   0   100        10117      32466      32566      178        300        1  Right
14  5   100        10129      32566      32666      179        300        1  Right
1   9   500        10147      32266      32767      176        1500       1  Right
0   6   500        10162      32666      33167      180        3500       1  Left 
4   1   100        10119      33167      33168      182        700        1  Right
3   7   100        10184      33167      33169      182        600        1  Left 
11  1   100        10128      33168      33269      183        200        1  Right
12  7   100        10204      33169      33269      184        100        1  Left 
11  1   100        10128      33269      33369      185        200        1  Right
4   5   500        10206      33168      33669      183        2000       1  Right
6   9   500        10201      33169      33670      184        1000       1  Right
9   2   100        10205      33670      33770      188        500        1  Left 
1   4   500        10151      33669      34170      187        3500       1  Right
10  0   100        10156      34170      34270      190        600        1  Right
2   9   500        10246      33770      34271      189        2500       1  Left 
8   0   500        10165      34270      34770      191        500        1  Right
1   11  500        10164      34270      34771      191        1000       1  Right
5   4   100        10185      34770      34871      193        400        1  Right
5   6   100        10186      34871      34971      195        800        1  Left 
1   11  500        10167      34771      35272      194        1000       1  Right
0   10  500        10202      34971      35472      196        5000       1  Left 
6   0   100        10211      35472      35572      198        700        1  Left 
11  2   100        10216      35572      35672      199        600        1  Right
6   1   100        10315      35572      35673      198        500        1  Right
0   8   100        10222      35672      35773      200        100        1  Right
5   2   100        10230      35673      35774      201        1100       1  Left 
11  0   100        10232      35774      35874      203        200        1  Right
15  8   100        10557      35774      35875      198        700        1  Left 
10  0   100        10249      35874      35975      204        600        1  Right
2   11  500        10249      35975      36475      206        3000       1  Right
0   6   500        10261      36475      36975      207        3500       1  Left 
9   6   100        10293      36975      37075      208        200        1  Right
2   5   500        10261      36975      37475      208        2500       1  Right
0   11  500        10273      37475      37975      210        1000       1  Right
2   4   500        10494      37475      37976      206        500        1  Right
7   0   100        10289      37975      38076      211        1100       1  Left 
0   10  500        10295      38076      38576      213        3000       1  Right
5   6   100        10298      38576      38676      214        800        1  Right
9   5   100        10318      38676      38776      214        600        1  Right
0   5   100        10324      38776      38876      215        100        1  Right
0   7   500        10340      38876      39376      216        2500       1  Right
5   9   500        10344      38876      39377      216        3000       1  Right
10  0   100        10341      39377      39477      218        600        1  Right
5   6   100        10352      39477      39577      219        800        1  Right
1   6   500        10358      39577      40077      220        2500       1  Right
6   5   500        10376      40077      40577      221        4000       1  Right
14  5   100        10380      40577      40677      222        300        1  Right
4   6   100        10444      40577      40678      219        400        1  Left 
0   10  500        10387      40677      41178      223        3000       1  Right
6   14  500        10391      40678      41179      224        2500       1  Left 
6   0   100        10401      41179      41279      224        700        1  Left 
7   0   100        10403      41279      41280      224        500        1  Right
4   2   100        10468      41280      41380      225        100        1  Right
6   5   500        10463      41279      41681      224        4000       1  Right
5   14  500        10421      41681      42181      227        1500       1  Right
7   3   500        10490      41681      42182      227        3000       1  Left 
14  1   100        10481      42181      42282      228        600        1  Right
10  0   100        10438      42282      42382      230        600        1  Right
7   12  500        10505      42182      42683      228        500        1  Left 
0   6   500        10448      42382      42883      231        4500       1  Right
0   7   500        10454      42883      43383      233        2500       1  Right
14  1   100        10481      43383      43483      234        600        1  Right
4   6   100        10530      43383      43484      233        400        1  Left 
5   1   100        10483      43483      43485      235        300        1  Right
0   10  500        10484      43484      43886      236        5000       1  Left 
11  0   100        10485      43886      43986      238        200        1  Right
1   14  500        10502      43886      44387      237        5000       1  Left 
0   11  500        10526      43986      44487      238        1000       1  Right
1   14  500        10505      44387      44888      239        5000       1  Left 
6   0   100        10500      44888      44988      242        700        1  Left 
7   0   100        10511      44988      45088      242        500        1  Right
14  2   100        10520      45088      45188      243        200        1  Right
3   7   100        10547      45088      45189      243        600        1  Left 
12  7   100        10569      45189      45289      245        100        1  Left 
1   5   500        10519      44888      45389      241        1500       1  Right
6   1   100        10502      45389      45489      247        500        1  Right
10  0   100        10530      45489      45589      248        600        1  Right
10  1   100        10636      45589      45689      249        200        1  Right
2   14  500        10546      45188      45690      244        1000       1  Right
14  0   100        10536      45690      45790      251        200        1  Right
6   9   500        10565      45489      45991      248        1000       1  Right
8   0   500        10549      45790      46291      252        500        1  Right
1   6   500        10550      45991      46492      253        2500       1  Right
9   5   100        10569      46492      46493      255        600        1  Right
9   1   100        10640      46493      46593      256        300        1  Right
0   14  500        10562      46291      46693      254        1000       1  Right
9   1   100        10640      46593      46693      257        300        1  Right
11  0   100        10583      46693      46793      258        200        1  Right
1   8   100        10589      46793      46893      259        500        1  Right
4   6   500        10624      46492      46894      255        2000       1  Left 
8   15  500        10608      46893      47393      260        4500       1  Right
0   7   500        10569      47393      47394      262        2500       1  Right
6   5   500        10587      47393      47395      262        4000       1  Right
7   0   100        10632      47394      47495      263        500        1  Right
5   2   100        10572      47495      47595      265        500        1  Right
6   4   100        10593      47595      47695      266        400        1  Left 
0   10  500        10576      47595      48095      266        3000       1  Right
0   2   100        10603      48095      48195      268        400        1  Right
0   2   100        10606      48195      48295      269        400        1  Right
5   9   500        10595      48095      48595      268        3000       1  Right
2   5   500        10603      48595      49095      271        2500       1  Right
1   10  500        10677      48595      49096      271        1000       1  Right
2   8   100        10617      49095      49196      272        300        1  Right
0   11  500        10624      49095      49596      272        1000       1  Right
1   9   500        10686      49096      49597      273        1500       1  Right
0   4   100        10626      49596      49697      275        300        1  Right
5   6   100        10648      49597      49698      276        800        1  Right
0   7   500        10683      49697      50198      277        2500       1  Right
1   9   500        10689      49698      50199      278        1500       1  Right
11  0   100        10666      50198      50298      279        200        1  Right
4   6   100        10658      50198      50299      279        400        1  Left 
8   1   500        10648      50298      50799      281        2500       1  Right
6   4   500        10684      50299      50800      282        2000       1  Left 
10  1   100        10719      50799      50899      283        200        1  Right
0   11  500        10715      50799      51300      283        1000       1  Right
8   2   500        10677      50800      51301      284        1500       1  Right
7   0   100        10732      51300      51400      286        1100       1  Left 
4   1   100        10721      51400      51500      288        700        1  Right
9   2   100        10742      51400      51501      288        500        1  Left 
10  1   100        10800      51500      51600      288        200        1  Right
11  0   100        10757      51500      51601      289        200        1  Right
9   0   100        10758      51601      51701      292        700        1  Right
14  0   100        10789      51701      51801      293        200        1  Right
6   4   500        10725      51501      52003      290        2000       1  Left 
1   4   500        10752      52003      52503      295        3500       1  Right
2   9   500        10783      52003      52504      295        2500       1  Left 
1   10  500        10760      52503      53004      296        1000       1  Right
0   7   500        10783      52504      53005      297        2500       1  Right
4   2   100        10795      53005      53105      299        100        1  Right
1   10  500        10841      53004      53505      296        1000       1  Right
0   11  500        10798      53005      53507      299        1000       1  Right
6   4   500        10807      53105      53606      298        2000       1  Left 
0   9   500        10809      53507      54008      300        3500       1  Right
2   4   500        10821      53606      54107      301        500        1  Right
6   4   100        10845      54107      54207      303        400        1  Left 
4   6   100        10862      54207      54307      304        400        1  Left 
0   14  500        10815      54008      54509      302        1000       1  Right
4   6   500        10871      54307      54808      305        2000       1  Left 
4   5   100        10887      54808      54809      307        1200       1  Left 
6   2   100        10900      54809      54909      308        300        1  Left 
0   14  500        10884      54509      54910      306        1000       1  Right
5   4   500        10908      54909      55409      308        6000       1  Left 
7   0   100        10836      55409      55410      311        500        1  Right
6   5   500        10922      55409      55811      310        4000       1  Right
11  0   100        10844      55811      55911      313        200        1  Right
14  0   100        10858      55911      56011      314        200        1  Right
7   3   500        10853      55811      56312      313        3000       1  Left 
10  3   100        10892      56312      56412      316        100        1  Right
2   0   500        10880      56011      56512      315        2000       1  Right
3   0   100        10885      56512      56612      318        500        1  Right
7   12  500        10868      56312      56813      316        500        1  Left 
10  8   100        10896      56813      56913      320        900        1  Left 
0   11  500        10887      56612      57113      319        1000       1  Right
8   10  500        10922      56913      57414      320        4500       1  Left 
0   7   500        10887      57414      57914      323        2500       1  Right
1   10  500        10994      57414      57915      322        1000       1  Right
2   0   500        10891      57914      58415      324        2000       1  Right
1   5   500        11001      57915      58416      324        1500       1  Right
12  0   100        10905      58415      58516      325        600        1  Left 
14  0   100        10911      58516      58616      327        200        1  Right
1   5   500        11004      58416      58917      325        1500       1  Right
0   1   100        10922      58917      59017      329        400        1  Right
2   6   500        10936      58516      59018      327        1500       1  Left 
3   8   100        10923      59017      59118      330        600        1  Right
11  0   100        10936      59118      59218      332        200        1  Right
10  1   100        10953      59118      59219      332        200        1  Right
5   1   100        10965      59219      59319      334        300        1  Right
3   10  100        11001      59219      59320      334        100        1  Right
5   1   100        10965      59319      59420      335        300        1  Right
6   4   500        11144      59018      59519      328        2000       1  Left 
11  1   100        11014      59420      59520      336        200        1  Right
10  1   100        11038      59520      59620      338        200        1  Right
0   14  500        10937      59218      59621      333        1000       1  Right
5   2   100        11040      59620      59622      339        1100       1  Left 
14  0   100        10963      59621      59623      341        200        1  Right
2   5   500        11071      59622      60024      341        5500       1  Left 
0   6   100        10941      60024      60124      344        700        1  Left 
11  1   100        11087      60024      60125      343        200        1  Right
8   3   100        10960      60124      60225      345        1000       1  Left 
0   11  500        10977      60125      60626      346        1000       1  Right
0   14  500        10989      60626      61126      348        1000       1  Right
1   11  500        11050      60626      61127      347        1000       1  Right
7   0   100        10997      61126      61227      349        500        1  Right
9   0   100        11011      61227      61327      350        900        1  Left 
14  0   100        11020      61327      61427      351        200        1  Right
1   10  500        11079      61127      61628      349        1000       1  Right
3   10  100        11266      61628      61728      349        100        1  Right
0   14  500        11046      61427      61928      352        1000       1  Right
1   11  500        11123      61628      62129      351        1000       1  Right
0   7   500        11048      61928      62429      355        2500       1  Right
5   0   100        11056      62429      62529      357        100        1  Right
0   9   500        11062      62529      63029      358        3500       1  Right
14  0   100        11072      63029      63030      359        200        1  Right
5   4   500        11159      63029      63431      357        6000       1  Left 
14  1   100        11130      63431      63531      359        1000       1  Left 
6   1   100        11153      63531      63631      360        500        1  Right
11  1   100        11155      63631      63731      361        200        1  Right
14  1   100        11173      63731      63831      362        1000       1  Left 
0   5   500        11097      63431      63931      361        500        1  Right
4   5   100        11138      63931      63932      364        1200       1  Left 
4   1   100        11199      63932      64032      365        900        1  Left 
4   1   100        11199      64032      64132      366        900        1  Left 
4   2   100        11269      64132      64232      365        100        1  Right
0   14  500        11098      63931      64332      366        1000       1  Right
6   2   100        11283      64232      64333      366        300        1  Left 
1   14  500        11151      64332      64833      369        3000       1  Right
7   0   100        11104      64833      64933      371        500        1  Right
9   0   100        11142      64933      65033      372        900        1  Left 
1   11  500        11191      64833      65334      371        1000       1  Right
0   7   500        11155      65033      65534      373        2500       1  Right
0   3   500        11178      65534      66034      375        2500       1  Right
11  3   100        11240      66034      66134      374        300        1  Right
0   12  500        11193      66034      66534      376        3000       1  Left 
0   9   500        11193      66534      67034      378        3500       1  Right
1   14  500        11194      67034      67534      379        3000       1  Right
8   3   100        11255      67534      67535      378        1000       1  Left 
1   0   500        11195      67534      67935      380        2000       1  Right
7   1   100        11204      67935      68035      380        700        1  Left 
11  8   100        11244      67935      68036      380        300        1  Right
1   6   500        11205      68035      68536      381        2500       1  Right
8   11  500        11275      68036      68537      382        1500       1  Right
14  1   100        11221      68536      68637      383        1000       1  Left 
0   6   100        11220      68637      68737      385        700        1  Left 
7   15  100        11320      68737      68837      386        300        1  Left 
1   4   500        11230      68737      69237      386        3500       1  Right
1   4   500        11233      69237      69737      388        3500       1  Right
0   1   100        11234      69737      69738      389        400        1  Right
14  3   100        11292      69737      69739      389        900        1  Left 
11  1   100        11311      69738      69839      390        200        1  Right
0   6   100        11235      69739      69840      391        700        1  Left 
10  3   500        11293      69739      70240      391        500        1  Right
2   4   500        11295      69840      70340      393        500        1  Right
1   14  500        11242      69840      70341      393        3000       1  Right
9   0   100        11263      70341      70441      396        700        1  Right
14  8   100        11296      70341      70442      396        100        1  Right
3   0   100        11267      70441      70542      397        500        1  Right
2   6   500        11319      70340      70841      395        1500       1  Left 
8   14  500        11342      70442      70944      398        500        1  Right
0   3   500        11309      70542      71043      399        2500       1  Right
4   0   100        11288      71043      71143      402        300        1  Right
1   7   500        11250      71043      71543      402        3500       1  Left 
12  0   100        11294      71543      71643      404        600        1  Left 
3   13  100        11323      71543      71644      404        200        1  Right
5   0   100        11309      71643      71744      405        100        1  Right
3   11  100        11334      71644      71744      406        300        1  Right
15  7   500        11376      71643      72144      405        1500       1  Left 
0   9   500        11314      71744      72245      407        3500       1  Right
3   11  100        11336      72245      72345      409        300        1  Right
15  7   500        11629      72144      72645      406        1500       1  Left 
0   4   500        11324      72245      72746      409        1500       1  Right
13  3   500        11336      72345      72846      410        1000       1  Right
0   12  500        11330      72746      73247      412        3000       1  Left 
1   11  500        11347      72846      73248      413        1000       1  Right
3   14  100        11370      73247      73248      414        900        1  Left 
0   5   500        11350      73247      73649      414        500        1  Right
11  3   500        11351      73248      73749      415        1500       1  Right
9   0   100        11381      73649      73750      416        900        1  Left 
11  1   100        11394      73749      73850      417        200        1  Right
3   8   500        11385      73750      74251      418        5000       1  Left 
1   11  500        11430      73850      74351      419        1000       1  Right
6   5   100        11386      74251      74352      420        800        1  Left 
5   6   500        11407      74352      74852      422        4000       1  Right
3   0   100        11414      74852      74952      423        500        1  Right
7   6   100        11431      74852      74953      423        200        1  Left 
7   15  100        11573      74953      75053      424        300        1  Left 
7   15  100        11744      75053      75153      420        300        1  Left 
0   9   500        11432      74952      75453      424        3500       1  Right
5   0   100        11434      75453      75553      428        100        1  Right
0   3   500        11445      75553      76053      429        2500       1  Right
12  0   100        11463      76053      76153      430        600        1  Left 
0   5   500        11475      76153      76653      431        500        1  Right
3   0   100        11478      76653      76753      432        500        1  Right
9   0   100        11492      76753      76853      433        700        1  Right
0   12  500        11499      76853      77353      434        3000       1  Left 
0   3   500        11509      77353      77853      434        2500       1  Right
5   0   100        11517      77853      77953      435        100        1  Right
6   0   500        11520      77953      78453      436        3500       1  Left 
1   0   500        11534      78453      78953      437        2000       1  Right
6   0   500        11534      78953      79453      438        3500       1  Left 
12  0   100        11535      79453      79553      439        600        1  Left 
4   0   100        11541      79553      79653      440        300        1  Right
12  3   100        11617      79553      79654      439        500        1  Right
3   0   100        11543      79654      79754      442        500        1  Right
0   9   500        11543      79754      80254      443        3500       1  Right
3   14  100        11638      80254      80354      443        900        1  Left 
0   5   500        11565      80254      80754      444        500        1  Right
14  3   500        11656      80354      80855      444        4500       1  Left 
0   6   100        11567      80855      80955      447        700        1  Left 
6   5   100        11637      80955      80956      447        800        1  Right
0   12  500        11571      80955      81356      448        3000       1  Left 
0   4   500        11582      81356      81856      450        1500       1  Right
3   12  500        11695      81356      81857      449        2500       1  Right
9   0   100        11594      81857      81957      452        700        1  Right
5   0   100        11606      81957      82057      452        100        1  Right
9   1   100        11692      81957      82058      452        300        1  Right
4   0   100        11638      82057      82158      453        300        1  Right
5   6   500        11658      82058      82559      454        4000       1  Right
0   9   500        11645      82559      83059      456        3500       1  Right
6   1   100        11698      83059      83159      457        500        1  Right
6   1   100        11698      83159      83259      458        500        1  Right
0   5   500        11647      83059      83559      457        500        1  Right
1   9   500        11738      83259      83759      455        1500       1  Right
6   7   500        11703      83259      83760      458        1000       1  Left 
9   1   100        11785      83759      83859      457        300        1  Right
6   2   100        11798      83760      83861      458        300        1  Left 
0   4   500        11674      83559      84061      460        1500       1  Right
5   0   100        11702      84061      84161      465        100        1  Right
4   0   100        11711      84161      84261      462        300        1  Right
12  0   100        11719      84261      84361      463        600        1  Left 
1   6   500        11741      83861      84362      460        2500       1  Right
0   5   500        11743      84361      84862      464        500        1  Right
1   6   500        11747      84362      84863      465        2500       1  Right
0   4   500        11749      84862      85363      466        1500       1  Right
1   9   500        11831      84863      85363      466        1500       1  Right
15  7   500        11800      84863      85364      467        1500       1  Left 
5   0   100        11785      85363      85464      468        100        1  Right
4   0   100        11802      85464      85564      470        300        1  Right
2   6   500        11834      85364      85865      468        1500       1  Left 
0   12  500        11755      85865      86365      472        3000       1  Left 
6   0   100        11825      86365      86465      472        700        1  Left 
12  1   100        11843      86465      86565      473        600        1  Right
0   5   500        11826      86465      86965      473        500        1  Right
1   12  500        11874      86565      87066      474        3000       1  Right
9   1   100        11882      87066      87166      476        300        1  Right
5   1   100        11883      87166      87266      477        300        1  Right
12  1   100        11894      87266      87366      478        600        1  Right
0   4   500        11838      86965      87466      475        1500       1  Right
3   1   100        11924      87366      87467      478        100        1  Right
0   6   500        11871      87466      87967      480        3500       1  Left 
0   3   100        11872      87967      88067      482        500        1  Right
6   0   500        11873      88067      88567      483        3500       1  Left 
4   0   100        11898      88567      88667      484        300        1  Right
1   12  500        11925      88567      89068      483        3000       1  Right
0   4   500        11934      88667      89168      484        1500       1  Right
0   2   100        11960      89168      89268      486        400        1  Right
4   0   100        11978      89268      89368      487        300        1  Right
1   5   500        11925      89068      89569      485        1500       1  Right
0   4   500        12014      89368      89869      486        1500       1  Right
1   9   500        11928      89569      90070      489        1500       1  Right
1   3   500        11937      90070      90570      491        500        1  Right
8   9   500        12039      90070      90571      489        4000       1  Left 
3   0   100        12017      90570      90671      490        500        1  Right
12  1   100        11957      90671      90771      494        600        1  Right
5   1   100        11973      90771      90772      495        300        1  Right
6   0   100        12078      90771      90772      493        700        1  Left 
9   3   100        12014      90771      90773      493        200        1  Right
1   12  500        11988      90772      91273      496        5000       1  Left 
9   8   100        12018      91273      91373      496        800        1  Left 
1   5   500        12012      91273      91773      496        1500       1  Right
12  1   100        12020      91773      91873      498        600        1  Right
12  3   100        12028      91873      91973      499        500        1  Right
5   1   100        12044      91873      91974      499        300        1  Right
0   3   500        12048      91973      92474      500        5500       1  Left 
4   1   100        12050      92474      92574      502        700        1  Right
1   12  500        12051      92574      93074      503        3000       1  Right
3   11  100        12051      93074      93174      504        300        1  Right
9   1   100        12065      93174      93274      505        300        1  Right
11  3   100        12065      93274      93374      506        300        1  Right
0   6   500        12124      93074      93575      503        3500       1  Left 
3   8   100        12051      93575      93576      508        1000       1  Left 
8   3   100        12083      93576      93577      509        1000       1  Left 
1   5   500        12080      93374      93677      507        1500       1  Right
1   4   500        12083      93677      94177      511        3500       1  Right
3   1   100        12087      94177      94277      512        100        1  Right
8   5   500        12161      94177      94678      511        1000       1  Right
1   9   500        12111      94277      94778      512        1500       1  Right
1   3   500        12113      94778      95278      514        500        1  Right
4   1   100        12123      95278      95378      515        700        1  Right
3   9   100        12124      95278      95379      515        200        1  Right
1   4   500        12154      95378      95879      516        3500       1  Right
5   3   100        12126      95879      95979      518        400        1  Right
5   8   100        12130      95979      96079      519        200        1  Right
9   1   100        12160      95979      96080      519        300        1  Right
5   3   100        12131      96080      96180      521        400        1  Right
3   0   100        12150      96180      96280      522        500        1  Right
3   7   100        12159      96280      96281      523        600        1  Left 
4   1   100        12181      96280      96282      523        700        1  Right
0   3   500        12181      96282      96782      525        2500       1  Right
7   3   500        12182      96782      97282      526        3000       1  Left 
6   0   100        12186      97282      97382      527        700        1  Left 
7   0   100        12186      97382      97482      528        500        1  Right
1   9   500        12206      97282      97783      527        1500       1  Right
0   6   500        12232      97482      97983      528        3500       1  Left 
3   5   500        12228      97783      98284      529        2000       1  Right
2   0   500        12241      97983      98484      530        2000       1  Right
1   4   500        12212      98484      98984      532        3500       1  Right
0   7   500        12246      98984      99484      533        2500       1  Right
4   3   100        12258      99484      99584      534        800        1  Right
4   8   100        12262      99584      99585      535        200        1  Right
0   2   100        12269      99584      99586      535        1200       1  Left 
4   3   100        12263      99586      99686      537        800        1  Right
6   0   100        12280      99686      99786      538        700        1  Left 
3   4   500        12287      99786      100286     539        4000       1  Right
8   4   500        12300      100286     100786     540        1000       1  Right
3   12  500        12313      100286     100787     540        2500       1  Right
7   0   100        12356      100786     100887     541        500        1  Right
12  3   100        12330      100787     100888     542        500        1  Right
0   6   500        12326      100888     101388     544        3500       1  Left 
3   14  100        12351      101388     101488     545        700        1  Right
14  3   100        12369      101488     101588     546        700        1  Right
6   0   100        12372      101588     101688     547        700        1  Left 
12  3   100        12392      101688     101788     548        500        1  Right
3   12  100        12400      101788     101888     549        500        1  Right
0   7   500        12407      101688     102189     548        2500       1  Right
12  8   100        12396      102189     102190     551        500        1  Left 
0   6   500        12418      102189     102191     551        4500       1  Right
8   12  500        12432      102190     102192     552        2500       1  Left 
6   0   100        12469      102191     102193     553        900        1  Right
3   4   500        12405      102193     102693     555        4000       1  Right
3   9   100        12413      102693     102793     556        200        1  Right
12  1   100        12473      102693     102794     556        1000       1  Left 
3   4   100        12414      102794     102894     558        800        1  Right
4   3   500        12427      102894     103394     559        4000       1  Right
9   3   500        12439      103394     103894     560        1000       1  Right
0   6   500        12515      103394     103895     559        3500       1  Left 
3   5   100        12456      103894     103995     561        400        1  Right
7   0   100        12522      103895     103996     561        500        1  Right
3   12  100        12492      103995     104096     563        500        1  Right
3   12  100        12495      104096     104196     565        500        1  Right
2   0   500        12546      103996     104497     563        2000       1  Right
0   2   100        12569      104497     104597     566        400        1  Right
1   12  500        12504      104196     104697     566        3000       1  Right
0   7   500        12583      104597     105098     567        2500       1  Right
8   3   100        12449      105098     105198     570        600        1  Right
12  3   500        12503      105198     105698     571        2500       1  Right
3   8   500        12532      105698     106198     571        3000       1  Right
6   0   100        12561      106198     106298     572        700        1  Left 
3   5   100        12774      106198     106299     571        400        1  Right
0   6   500        12607      106298     106799     573        3500       1  Left 
7   0   100        12634      106799     106899     575        500        1  Right
6   1   100        12649      106799     106900     575        500        1  Right
0   7   500        12685      106899     107400     576        2500       1  Right
1   6   500        12690      106900     107401     577        2500       1  Right
7   3   100        12738      107401     107501     578        600        1  Left 
6   1   100        12743      107501     107601     579        500        1  Right
2   0   500        12846      107400     107901     576        2000       1  Right
7   0   100        12860      107901     108001     580        500        1  Right
1   6   500        12787      107601     108102     580        2500       1  Right
5   3   500        12787      108102     108602     583        2000       1  Right
3   7   500        12821      108602     109102     583        3000       1  Left 
6   1   100        12824      109102     109202     584        500        1  Right
1   6   500        12865      109202     109702     585        2500       1  Right
0   1   100        12874      109702     109802     586        400        1  Right
6   3   100        12916      109702     109803     584        400        1  Right
0   6   100        12875      109803     109903     588        700        1  Left 
3   5   100        12947      109803     109904     586        400        1  Right
6   3   100        12921      109904     110004     588        400        1  Right
5   3   100        12960      110004     110104     589        400        1  Right
0   7   500        12911      109903     110404     587        2500       1  Right
3   7   100        12947      110404     110504     591        600        1  Left 
3   6   500        12952      110504     110505     592        2000       1  Right
1   7   500        13027      110504     110506     590        4500       1  Right
3   6   100        13009      110505     110606     593        400        1  Right
7   3   100        12973      110606     110706     595        600        1  Left 
3   6   100        13020      110706     110806     594        400        1  Right
1   0   500        13146      110506     111007     592        2000       1  Right
3   7   500        13077      110806     111307     595        3000       1  Left 
7   1   100        12981      111307     111407     599        700        1  Left 
7   3   100        12982      111407     111507     600        600        1  Left 
7   1   100        13156      111507     111508     599        900        1  Right
0   7   100        13169      111508     111608     600        500        1  Right
6   3   500        13038      111507     111609     599        2000       1  Right
1   7   500        13202      111608     111810     601        4500       1  Right
6   0   500        13175      111810     112310     603        3500       1  Left 
7   1   100        13249      112310     112410     603        700        1  Left 
1   7   500        13295      112410     112910     604        3500       1  Left 
7   1   100        13342      112910     113010     604        700        1  Left 
7   3   100        13350      113010     113110     605        600        1  Left 
0   1   100        13532      113010     113111     605        400        1  Right
1   7   500        13388      113111     113611     607        3500       1  Left 
7   0   500        13481      113611     114111     608        2500       1  Right
3   7   500        13647      114111     114611     609        3000       1  Left 
1   0   500        13804      114111     114612     607        2000       1  Right
7   3   100        13679      114611     114712     610        600        1  Left 
3   6   100        13715      114712     114812     610        400        1  Right
6   3   100        13733      114812     114912     611        400        1  Right
7   3   100        13741      114912     115012     612        600        1  Left 
7   8   100        13745      115012     115112     613        400        1  Right
12  3   100        13785      115012     115113     613        500        1  Right
7   1   100        13792      115112     115213     614        900        1  Right
3   7   100        13764      115213     115313     616        600        1  Left 
3   12  100        13777      115313     115413     617        500        1  Right
8   7   500        13766      115313     115813     617        2000       1  Right
3   8   100        13777      115813     115913     619        600        1  Right
8   3   100        13808      115913     116013     620        600        1  Right
0   7   100        13827      116013     116113     620        500        1  Right
1   7   500        13838      116113     116613     621        3500       1  Left 
3   7   100        13849      116613     116713     622        600        1  Left 
7   0   500        14139      116713     117213     622        2500       1  Right
0   6   100        14189      117213     117313     623        700        1  Left 
0   1   100        14190      117313     117314     624        400        1  Right
8   3   100        14747      117313     117315     622        1000       1  Left 
3   7   100        14788      117315     117415     624        600        1  Left 
1   0   500        14213      117314     117815     625        2000       1  Right
0   1   100        14236      117815     117915     628        400        1  Right
7   3   500        14811      117415     117916     625        3000       1  Left 
0   1   100        14528      117915     117917     627        400        1  Right
0   1   100        14530      117917     117918     629        400        1  Right
3   8   500        14855      117916     118219     628        5000       1  Left 
6   0   500        14486      118219     118719     631        3500       1  Left 
1   0   500        14508      118719     119219     632        2000       1  Right
1   0   500        14800      119219     119719     633        2000       1  Right
1   0   500        14811      119719     120219     634        2000       1  Right
0   2   100        14829      120219     120319     635        400        1  Right
2   0   500        15106      120319     120819     633        2000       1  Right
0   1   100        15146      120819     120919     633        400        1  Right
0   2   100        15149      120919     121019     634        400        1  Right
1   0   500        15418      121019     121519     634        2000       1  Right
2   0   500        15426      121519     122019     635        2000       1  Right
0   1   100        15437      122019     122119     636        400        1  Right
1   0   500        15458      122119     122619     637        2000       1  Right
0   1   100        15490      122619     122719     638        400        1  Right
1   0   500        15762      122719     123219     636        2000       1  Right
0   8   100        15788      123219     123319     637        100        1  Right
0   2   100        15790      123319     123419     638        400        1  Right
2   0   500        16068      123419     123919     636        2000       1  Right
0   2   100        16092      123919     124019     637        400        1  Right
0   6   100        16093      124019     124119     638        700        1  Left 
8   0   500        16115      124119     124619     639        500        1  Right
2   0   500        16369      124619     125119     638        2000       1  Right
6   0   500        16392      125119     125619     639        3500       1  Left 
0   2   100        16402      125619     125719     640        400        1  Right
2   0   500        16679      125719     126219     638        2000       1  Right
0   8   100        16704      126219     126319     639        100        1  Right
0   2   100        16706      126319     126419     640        400        1  Right
2   0   500        16984      126419     126919     638        2000       1  Right
0   1   100        17018      126919     127019     639        400        1  Right
8   0   500        17031      127019     127519     640        500        1  Right
0   2   100        17090      127519     127619     641        400        1  Right
1   0   500        17290      127619     128119     640        2000       1  Right
2   0   500        17367      128119     128619     640        2000       1  Right
0   2   100        17398      128619     128719     641        400        1  Right
2   0   500        17675      128719     129219     636        2000       1  Right
0   2   100        17702      129219     129319     637        400        1  Right
2   0   500        17979      129319     129819     637        2000       1  Right
0   2   100        18010      129819     129919     638        400        1  Right
2   0   500        18287      129919     130419     634        2000       1  Right
0   2   100        18320      130419     130519     635        400        1  Right
0   6   100        18322      130519     130619     636        700        1  Left 
2   0   500        18597      130619     131119     634        2000       1  Right
6   0   500        18620      131119     131619     635        3500       1  Left 
0   8   100        18624      131619     131719     636        100        1  Right
0   2   100        18624      131719     131819     637        400        1  Right
2   0   500        18904      131819     132319     633        2000       1  Right
0   2   100        18931      132319     132419     634        400        1  Right
8   0   500        18951      132419     132919     633        500        1  Right
2   0   500        19208      132919     133419     632        2000       1  Right
0   2   100        19230      133419     133519     633        400        1  Right
2   0   500        19507      133519     134019     632        2000       1  Right
0   2   100        19821      134019     134119     631        400        1  Right
2   0   500        20098      134119     134619     630        2000       1  Right
0   2   100        20121      134619     134719     631        400        1  Right
2   0   500        20398      134719     135219     631        2000       1  Right
0   2   100        20425      135219     135319     632        400        1  Right
2   0   500        20702      135319     135819     633        2000       1  Right
0   2   100        20729      135819     135919     634        400        1  Right
2   0   500        21006      135919     136419     630        2000       1  Right
0   3   100        21028      136419     136519     631        500        1  Right
0   8   100        21030      136519     136619     632        100        1  Right
3   0   500        21320      136619     137119     628        2500       1  Right
0   3   100        21348      137119     137219     627        500        1  Right
8   0   500        21358      137219     137719     628        500        1  Right
