
53
C:/Users/nxconrad/Desktop/REU 2.0/Benchmark Data/16-core/7/flow_freqmine100#3.txt
745
[6, 12, 15, 0, 5, 13, 7, 9, 2, 8, 11, 4, 14, 1, 10, 3]
0   8   100        9400       9402       9502       0          600        1  Right
6   3   500        9399       9401       9901       0          500        1  Left 
4   14  500        9401       9502       10002      0          500        1  Right
2   11  500        9400       9502       10003      1          1000       1  Right
0   13  500        9411       9502       10004      0          1000       1  Right
15  3   500        9428       9901       10402      1          1500       1  Left 
1   7   500        9401       10003      10504      3          3500       1  Right
9   0   100        9424       10504      10604      6          400        1  Right
13  0   100        9457       10604      10704      7          200        1  Right
7   2   100        9478       10604      10705      7          200        1  Right
5   0   100        9489       10704      10805      8          100        1  Right
3   15  500        9432       10402      10903      5          1500       1  Left 
13  0   100        9519       10805      10905      9          200        1  Right
4   8   500        9408       10504      11005      6          1000       1  Right
5   0   100        9573       10905      11005      11         100        1  Right
1   8   100        9416       11005      11105      13         400        1  Right
13  0   100        9586       11005      11106      12         200        1  Right
9   1   100        9426       11105      11206      14         600        1  Right
0   11  100        9417       11206      11306      16         700        1  Right
6   12  500        9433       10903      11405      11         500        1  Right
1   5   500        9428       11306      11807      17         4500       1  Right
15  12  500        9443       11405      11906      18         500        1  Right
2   8   100        9491       11807      11907      19         100        1  Right
11  6   100        9430       11807      11908      19         600        1  Left 
0   13  500        9488       11807      12308      19         1000       1  Right
0   5   100        9488       12308      12408      23         100        1  Right
8   6   500        9456       11908      12409      22         3500       1  Left 
0   5   500        9532       12408      12909      23         500        1  Right
8   15  500        9458       12409      12910      25         4500       1  Left 
0   13  500        9550       12909      13410      25         1000       1  Right
6   7   500        9464       12910      13411      27         5000       1  Left 
11  6   100        9467       13411      13511      29         600        1  Left 
3   15  100        9485       13511      13611      30         300        1  Left 
12  15  100        9495       13611      13711      31         100        1  Right
2   7   500        9519       13411      13912      28         1000       1  Right
8   1   500        9500       13511      14013      30         2000       1  Right
5   7   500        9617       13912      14413      32         1000       1  Right
1   9   500        9473       14013      14514      34         3000       1  Right
6   11  500        9498       14514      15014      36         3000       1  Left 
8   2   500        9537       14514      15015      35         500        1  Right
6   1   100        9517       15014      15115      36         300        1  Left 
9   4   100        9521       15015      15116      37         400        1  Right
1   6   500        9558       15115      15616      38         1500       1  Left 
4   9   500        9552       15116      15617      39         2000       1  Right
7   6   100        9566       15616      15717      40         600        1  Right
14  4   100        9617       15617      15718      41         100        1  Right
7   5   100        9591       15717      15818      42         200        1  Right
6   11  500        9606       15718      16219      43         3000       1  Left 
10  5   100        9605       16219      16319      45         600        1  Left 
6   0   100        9609       16319      16419      46         300        1  Right
6   8   100        9611       16419      16519      47         900        1  Right
4   14  500        9653       16219      16720      45         500        1  Right
6   10  500        9617       16519      17019      48         1000       1  Left 
0   5   500        9614       16519      17020      48         500        1  Right
1   11  500        9655       16720      17222      49         1500       1  Right
14  6   100        9618       17222      17322      52         400        1  Left 
4   8   100        9675       17222      17323      52         200        1  Right
6   1   100        9618       17322      17423      53         300        1  Left 
2   8   100        9682       17323      17424      54         100        1  Right
0   13  500        9617       17020      17521      51         1000       1  Right
11  1   100        9619       17423      17525      55         300        1  Right
8   1   100        9646       17525      17625      58         400        1  Right
8   2   100        9646       17625      17725      59         100        1  Right
14  2   100        9692       17725      17825      60         400        1  Right
11  2   100        9703       17825      17925      61         200        1  Right
5   10  500        9626       17521      18022      57         3000       1  Left 
5   1   100        9655       18022      18122      63         700        1  Left 
13  0   100        9656       18122      18222      64         200        1  Right
10  1   100        9668       18122      18223      64         100        1  Right
10  1   100        9668       18223      18323      66         100        1  Right
2   14  500        9718       17925      18426      62         2000       1  Right
1   0   500        9684       18323      18824      67         3000       1  Left 
0   4   100        9635       18824      18924      69         800        1  Right
8   4   100        9646       18924      19024      70         200        1  Right
8   15  100        9646       19024      19124      71         900        1  Left 
0   13  500        9687       18924      19425      70         1000       1  Right
6   4   500        9650       19124      19625      72         2500       1  Left 
4   1   100        9683       19625      19725      74         200        1  Right
8   0   500        9750       19425      19926      73         3000       1  Right
1   8   100        9684       19926      20026      76         400        1  Right
13  1   100        9714       20026      20126      77         800        1  Right
3   15  500        9686       19625      20127      74         1500       1  Left 
0   14  100        9719       20126      20227      78         900        1  Right
15  8   100        9693       20227      20327      80         700        1  Right
1   6   500        9695       20127      20628      79         1500       1  Left 
1   5   500        9698       20628      21128      82         3500       1  Left 
1   10  500        9709       21128      21628      83         500        1  Right
6   11  500        9712       21128      21629      83         5000       1  Right
1   10  500        9716       21628      22129      84         500        1  Right
15  3   500        9792       21629      22129      85         1500       1  Left 
2   11  500        9734       21629      22130      85         1000       1  Right
0   5   500        9796       21629      22131      85         500        1  Right
15  12  500        9807       22129      22629      86         500        1  Right
1   4   500        9727       22129      22630      86         1000       1  Right
10  2   100        9766       22629      22730      89         1000       1  Left 
1   13  500        9740       22730      23230      91         4000       1  Right
14  6   100        9741       23230      23330      92         400        1  Left 
9   4   100        9773       23230      23331      92         400        1  Right
14  6   100        9745       23330      23431      93         400        1  Left 
0   4   100        9796       23331      23432      94         800        1  Right
6   1   100        9747       23431      23532      95         300        1  Left 
0   8   100        9807       23432      23533      96         600        1  Right
6   0   100        9751       23533      23633      98         300        1  Right
13  1   100        9797       23533      23634      98         800        1  Right
5   0   100        9755       23633      23734      99         100        1  Right
8   6   100        9754       23634      23735      100        700        1  Left 
9   6   100        9774       23735      23736      102        700        1  Right
3   7   100        9836       23736      23737      103        700        1  Left 
3   15  100        9937       23737      23837      103        300        1  Left 
2   10  500        9807       23735      24038      102        3000       1  Right
11  6   100        9781       24038      24138      106        600        1  Left 
9   2   100        9848       24038      24139      106        100        1  Right
11  5   100        9806       24139      24239      108        600        1  Right
6   14  500        9787       24138      24639      107        2000       1  Left 
5   11  500        9832       24239      24740      109        3000       1  Right
7   5   100        9842       24740      24840      111        200        1  Right
1   6   500        9788       24639      25140      110        1500       1  Left 
10  0   100        9793       25140      25141      113        500        1  Left 
1   13  500        9823       25140      25142      113        4000       1  Right
0   10  500        9839       25141      25143      114        2500       1  Left 
13  1   100        9849       25142      25144      115        800        1  Right
4   0   100        9798       25144      25244      117        800        1  Right
4   9   500        9804       25244      25744      118        2000       1  Right
6   7   500        9841       25244      25745      118        3000       1  Right
2   9   500        9889       25744      26245      119        500        1  Right
0   4   500        9844       25745      26246      120        4000       1  Left 
12  7   100        9846       26246      26346      122        500        1  Right
5   0   100        9850       26346      26446      123        100        1  Right
4   0   100        9886       26446      26546      124        800        1  Right
6   14  500        9917       26246      26747      121        2000       1  Left 
0   4   500        9922       26546      27047      124        4000       1  Right
5   1   100        9852       27047      27147      127        700        1  Left 
9   6   100        9929       27147      27247      127        900        1  Left 
0   6   100        9950       27247      27347      128        300        1  Right
8   6   100        9956       27347      27447      129        700        1  Left 
0   9   100        10022      27447      27448      127        1200       1  Left 
5   7   500        9868       27147      27548      128        1000       1  Right
9   6   100        10060      27448      27549      128        900        1  Left 
1   13  500        9875       27549      28049      134        4000       1  Right
1   5   500        9889       28049      28549      135        3500       1  Left 
8   13  500        10003      28049      28550      131        2000       1  Right
5   4   100        9933       28549      28650      135        900        1  Left 
13  3   100        9911       28650      28651      137        600        1  Left 
7   1   100        9913       28650      28652      137        700        1  Right
7   1   100        9913       28652      28752      139        700        1  Right
13  8   100        9915       28752      28852      140        400        1  Right
14  1   100        9945       28752      28853      140        100        1  Right
15  3   500        9966       28651      29152      138        1500       1  Left 
1   14  500        9966       28853      29353      142        500        1  Right
4   5   500        9957       28852      29354      141        3500       1  Right
4   1   100        9958       29354      29454      145        200        1  Right
6   8   500        9969       29354      29855      145        4500       1  Right
3   13  100        10010      29855      29856      144        600        1  Left 
1   7   500        9972       29855      30256      147        3500       1  Right
1   7   500        9975       30256      30756      149        3500       1  Right
14  2   100        9999       30756      30856      150        400        1  Right
6   1   100        10021      30756      30857      147        300        1  Left 
7   2   100        10020      30856      30957      148        200        1  Right
11  5   100        10057      30957      31057      150        600        1  Right
1   4   500        9999       30857      31358      152        1000       1  Right
4   0   100        10032      31358      31359      152        800        1  Left 
5   11  500        10083      31057      31459      151        3000       1  Right
7   0   100        10036      31459      31559      154        300        1  Right
1   6   500        10062      31359      31860      153        1500       1  Left 
2   14  500        10025      31459      31960      154        2000       1  Right
10  0   100        10046      31860      31961      156        500        1  Left 
14  2   100        10052      31960      31962      157        400        1  Right
9   1   100        10101      31961      31963      158        1000       1  Left 
6   14  500        10049      31963      32463      160        2000       1  Left 
2   7   500        10063      31963      32464      160        1000       1  Right
9   2   100        10205      32464      32564      162        100        1  Right
0   4   500        10070      32463      32964      161        4000       1  Left 
6   9   500        10060      32964      33464      164        3500       1  Right
2   14  500        10078      32964      33465      164        2000       1  Right
6   9   500        10081      33464      33965      165        3500       1  Right
0   7   500        10087      33965      34465      167        1500       1  Right
6   11  500        10093      33965      34466      167        3000       1  Left 
0   10  500        10092      34466      34966      169        2500       1  Left 
1   9   500        10147      34466      34967      169        3000       1  Right
0   6   100        10099      34966      35067      170        300        1  Right
6   0   100        10116      35067      35167      172        300        1  Right
7   3   500        10138      34967      35468      171        4500       1  Right
14  6   100        10104      35468      35568      174        400        1  Left 
4   0   100        10117      35468      35569      174        800        1  Right
4   1   100        10119      35569      35669      176        200        1  Right
11  1   100        10128      35669      35769      177        300        1  Right
11  1   100        10128      35769      35869      178        300        1  Right
11  2   100        10216      35869      35969      179        200        1  Right
7   12  500        10153      35569      36070      176        2500       1  Right
10  0   100        10156      36070      36170      181        500        1  Left 
1   4   500        10151      35869      36370      179        1000       1  Right
14  5   100        10129      36370      36470      183        800        1  Right
0   6   500        10162      36170      36671      182        1500       1  Right
1   11  500        10164      36470      36971      184        1500       1  Right
8   0   500        10165      36671      37172      185        3000       1  Right
3   7   100        10184      37172      37272      187        700        1  Left 
1   11  500        10167      36971      37472      186        1500       1  Right
6   9   500        10201      37272      37773      188        3500       1  Right
5   14  500        10170      37773      37774      190        4000       1  Right
0   10  500        10202      37773      37775      190        2500       1  Left 
5   4   100        10185      37774      37875      191        700        1  Right
6   0   100        10211      37775      37876      192        300        1  Right
6   1   100        10315      37876      37976      194        300        1  Left 
4   5   500        10206      37875      38376      193        3500       1  Right
5   6   100        10186      38376      38476      196        400        1  Right
12  7   100        10204      38476      38576      197        500        1  Right
0   8   100        10222      38576      38676      198        1000       1  Left 
11  0   100        10232      38676      38776      199        900        1  Left 
10  0   100        10249      38776      38876      200        500        1  Left 
2   9   500        10246      38376      38877      196        500        1  Right
5   2   100        10230      38877      38977      202        400        1  Right
0   6   500        10261      38876      39377      201        1500       1  Right
7   0   100        10289      39377      39477      204        300        1  Right
2   11  500        10249      38977      39478      203        1000       1  Right
9   6   100        10293      39477      39578      205        700        1  Right
2   5   500        10261      39578      39579      207        2000       1  Right
0   11  500        10273      39578      39580      207        4500       1  Left 
9   5   100        10318      39579      39680      208        300        1  Right
2   4   500        10494      39580      40080      208        1500       1  Right
0   10  500        10295      39580      40081      209        2500       1  Left 
5   6   100        10298      40081      40181      212        400        1  Right
0   5   100        10324      40181      40281      213        100        1  Right
15  8   100        10557      40181      40282      211        900        1  Left 
0   7   500        10340      40281      40782      214        1500       1  Right
10  0   100        10341      40782      40882      216        500        1  Left 
5   9   500        10344      40782      41283      216        1500       1  Right
0   10  500        10387      40882      41383      217        2500       1  Left 
5   6   100        10352      41383      41483      219        400        1  Right
1   6   500        10358      41483      41983      220        1500       1  Left 
6   5   500        10376      41983      42483      221        2000       1  Right
14  5   100        10380      42483      42583      222        800        1  Right
6   14  500        10391      42583      43083      223        2000       1  Left 
6   0   100        10401      43083      43183      223        300        1  Right
5   14  500        10421      43083      43584      223        4000       1  Right
7   0   100        10403      43584      43684      225        300        1  Right
4   6   100        10444      43584      43685      225        500        1  Left 
10  0   100        10438      43685      43785      227        500        1  Left 
14  1   100        10481      43685      43785      227        100        1  Right
4   2   100        10468      43685      43786      227        300        1  Right
14  1   100        10481      43785      43885      228        100        1  Right
5   1   100        10483      43885      43985      230        900        1  Right
0   6   500        10448      43785      44286      228        1500       1  Right
7   3   500        10490      43985      44287      231        4500       1  Right
6   5   500        10463      44286      44588      232        2000       1  Right
1   14  500        10502      44287      44788      233        500        1  Right
0   7   500        10454      44588      45089      234        1500       1  Right
1   14  500        10505      44788      45289      234        500        1  Right
0   10  500        10484      45089      45290      236        2500       1  Left 
1   5   500        10519      45289      45490      236        4500       1  Right
11  0   100        10485      45490      45590      239        700        1  Right
4   6   100        10530      45490      45591      238        500        1  Left 
14  2   100        10520      45591      45592      240        400        1  Right
7   12  500        10505      45590      45593      239        2500       1  Right
1   6   500        10550      45591      45595      240        1500       1  Left 
9   5   100        10569      45593      45693      242        300        1  Right
2   14  500        10546      45592      45694      241        2000       1  Right
6   0   100        10500      45595      45697      244        300        1  Right
3   7   100        10547      45694      45795      245        900        1  Right
6   1   100        10502      45795      45895      248        300        1  Left 
7   0   100        10511      45795      45896      247        300        1  Right
12  7   100        10569      45896      45897      249        500        1  Right
6   9   500        10565      45895      46297      248        4500       1  Left 
0   11  500        10526      46297      46797      251        3500       1  Right
4   6   500        10624      46297      46798      250        2500       1  Left 
5   2   100        10572      46797      46799      252        400        1  Right
1   8   100        10589      46798      46799      253        400        1  Right
10  0   100        10530      46798      46800      253        500        1  Left 
14  0   100        10536      46800      46900      255        700        1  Left 
5   9   500        10595      46799      46901      254        1500       1  Right
8   0   500        10549      46900      47002      256        5000       1  Left 
0   14  500        10562      47002      47502      258        3500       1  Left 
0   7   500        10569      47502      48002      259        1500       1  Right
8   15  500        10608      47502      48003      258        4500       1  Left 
0   10  500        10576      48003      48503      261        2500       1  Left 
11  0   100        10583      48503      48603      262        700        1  Right
10  1   100        10636      48503      48604      261        100        1  Right
9   1   100        10640      48604      48704      263        600        1  Right
9   1   100        10640      48704      48804      264        600        1  Right
6   5   500        10587      48603      49104      263        2000       1  Right
0   2   100        10603      49104      49204      266        500        1  Right
8   1   500        10648      48804      49305      265        2000       1  Right
6   4   100        10593      49305      49405      269        500        1  Left 
2   5   500        10603      49204      49705      267        2000       1  Right
0   2   100        10606      49705      49805      270        500        1  Right
2   8   100        10617      49805      49905      271        100        1  Right
1   10  500        10677      49405      49906      269        500        1  Right
7   0   100        10632      49805      49907      271        300        1  Right
10  1   100        10719      49906      50006      271        100        1  Right
5   6   100        10648      49907      50008      274        400        1  Right
8   2   500        10677      49905      50406      272        500        1  Right
9   2   100        10742      50406      50506      275        100        1  Right
0   11  500        10624      50008      50509      276        4500       1  Left 
0   4   100        10626      50509      50609      279        800        1  Right
4   6   100        10658      50609      50709      280        500        1  Left 
11  0   100        10666      50609      50710      280        700        1  Right
6   4   500        10684      50709      51210      281        2500       1  Left 
0   7   500        10683      50710      51211      282        1500       1  Right
7   0   100        10732      51211      51311      282        300        1  Right
1   9   500        10686      51210      51711      283        3000       1  Right
1   9   500        10689      51711      52211      286        3000       1  Right
4   1   100        10721      52211      52311      285        200        1  Right
0   11  500        10715      52211      52711      285        3500       1  Right
11  0   100        10757      52711      52811      287        700        1  Right
6   4   500        10725      52311      52812      286        2500       1  Left 
9   0   100        10758      52811      52912      288        400        1  Right
1   4   500        10752      52812      53313      289        1000       1  Right
2   9   500        10783      52912      53412      290        500        1  Right
0   7   500        10783      52912      53413      290        1500       1  Right
4   2   100        10795      53412      53512      292        300        1  Right
14  0   100        10789      53512      53612      294        900        1  Right
1   10  500        10760      53313      53815      291        500        1  Right
10  1   100        10800      53815      53915      296        100        1  Right
0   11  500        10798      53612      54113      295        3500       1  Right
6   4   500        10807      53915      54416      296        2500       1  Left 
0   9   500        10809      54113      54614      297        2000       1  Right
7   0   100        10836      54614      54714      299        300        1  Right
1   10  500        10841      54416      54916      298        500        1  Right
2   4   500        10821      54416      54917      298        1500       1  Right
7   3   500        10853      54714      55216      300        3500       1  Left 
8   10  500        10922      54917      55418      300        2500       1  Right
6   4   100        10845      55418      55518      304        500        1  Left 
4   6   100        10862      55518      55618      305        500        1  Left 
7   12  500        10868      55216      55717      303        2500       1  Right
11  0   100        10844      55717      55817      307        700        1  Right
4   6   500        10871      55618      56119      306        2500       1  Left 
4   5   100        10887      56119      56120      309        700        1  Right
0   14  500        10815      56119      56121      309        3500       1  Left 
14  0   100        10858      56121      56122      311        700        1  Left 
5   4   500        10908      56120      56123      308        3500       1  Right
0   14  500        10884      56122      56623      312        3500       1  Left 
10  3   100        10892      56623      56723      314        100        1  Right
10  8   100        10896      56723      56823      315        500        1  Right
8   3   100        10960      56823      56923      314        600        1  Right
2   0   500        10880      56623      57123      314        2500       1  Right
3   0   100        10885      57123      57223      318        400        1  Left 
1   10  500        10994      56923      57424      315        500        1  Right
0   11  500        10887      57223      57724      319        3500       1  Right
6   2   100        10900      57724      57824      321        800        1  Left 
3   8   100        10923      57824      57924      320        600        1  Right
3   10  100        11001      57924      58024      321        100        1  Right
0   7   500        10887      57724      58224      321        1500       1  Right
2   0   500        10891      58224      58724      325        2500       1  Right
12  0   100        10905      58724      58725      324        200        1  Right
6   5   500        10922      58724      59126      324        6000       1  Left 
14  0   100        10911      59126      59226      326        700        1  Left 
0   1   100        10922      59226      59326      327        600        1  Left 
11  0   100        10936      59326      59426      328        700        1  Right
10  1   100        10953      59326      59427      328        100        1  Right
2   6   500        10936      59426      59927      329        4000       1  Right
0   14  500        10937      59927      60427      331        3500       1  Left 
0   6   100        10941      60427      60527      332        300        1  Right
5   1   100        10965      60427      60528      332        900        1  Right
14  0   100        10963      60528      60628      334        700        1  Left 
5   1   100        10965      60628      60728      335        700        1  Left 
0   11  500        10977      60728      61228      336        3500       1  Right
6   4   500        11144      60728      61229      333        2500       1  Left 
7   0   100        10997      61228      61329      337        300        1  Right
11  1   100        11014      61229      61330      337        300        1  Right
9   0   100        11011      61329      61430      338        400        1  Right
10  1   100        11038      61330      61431      339        100        1  Right
0   14  500        10989      61430      61931      341        4500       1  Right
1   5   500        11001      61931      62431      343        3500       1  Left 
1   5   500        11004      62431      62931      343        3500       1  Left 
14  0   100        11020      62931      63031      344        700        1  Left 
5   2   100        11040      62931      63032      344        400        1  Right
0   14  500        11046      63031      63532      345        3500       1  Left 
2   5   500        11071      63032      63533      346        2000       1  Right
1   11  500        11050      63532      64033      347        1500       1  Right
0   7   500        11048      63533      64034      348        1500       1  Right
5   0   100        11056      64034      64134      350        100        1  Right
1   10  500        11079      64033      64534      349        500        1  Right
11  1   100        11087      64534      64634      352        300        1  Right
0   9   500        11062      64134      64635      351        2000       1  Right
3   10  100        11266      64534      64636      349        100        1  Right
1   11  500        11123      64634      65135      351        1500       1  Right
0   5   500        11097      64635      65136      354        500        1  Right
14  0   100        11072      65136      65137      357        700        1  Left 
4   5   100        11138      65136      65138      355        700        1  Right
0   14  500        11098      65137      65139      358        3500       1  Left 
5   4   500        11159      65138      65140      357        3500       1  Right
14  1   100        11130      65139      65240      358        100        1  Right
7   0   100        11104      65140      65241      360        300        1  Right
9   0   100        11142      65241      65341      361        400        1  Right
1   14  500        11151      65240      65741      360        500        1  Right
6   1   100        11153      65741      65841      363        300        1  Left 
0   7   500        11155      65341      65842      362        1500       1  Right
11  1   100        11155      65841      65942      364        300        1  Right
14  1   100        11173      65942      66042      366        100        1  Right
0   3   500        11178      65842      66343      365        2000       1  Left 
1   11  500        11191      66042      66543      367        1500       1  Right
0   12  500        11193      66343      66844      368        1000       1  Right
1   14  500        11194      66543      67044      369        500        1  Right
4   1   100        11199      67044      67144      371        200        1  Right
4   1   100        11199      67144      67244      372        200        1  Right
11  3   100        11240      67244      67344      372        500        1  Right
0   9   500        11193      66844      67345      370        2000       1  Right
11  8   100        11244      67344      67445      373        100        1  Right
4   2   100        11269      67445      67545      375        300        1  Right
1   0   500        11195      67345      67846      375        3000       1  Left 
7   1   100        11204      67846      67946      378        700        1  Right
9   0   100        11263      67946      68046      378        400        1  Right
7   15  100        11320      68046      68146      378        400        1  Right
1   6   500        11205      67946      68446      378        1500       1  Left 
0   6   100        11220      68446      68546      381        300        1  Right
14  1   100        11221      68446      68547      381        100        1  Right
8   3   100        11255      68546      68647      382        1000       1  Left 
3   0   100        11267      68647      68747      384        400        1  Left 
6   2   100        11283      68747      68847      385        800        1  Right
3   13  100        11323      68847      68947      385        600        1  Left 
1   4   500        11230      68547      69048      383        1000       1  Right
8   11  500        11275      68647      69149      384        500        1  Right
3   11  100        11334      69149      69150      388        1100       1  Left 
3   11  100        11336      69150      69151      389        1100       1  Left 
1   4   500        11233      69048      69351      388        1000       1  Right
0   1   100        11234      69351      69451      392        600        1  Left 
0   6   100        11235      69451      69551      393        300        1  Right
2   4   500        11295      69351      69852      392        1500       1  Right
4   0   100        11288      69852      69952      395        800        1  Right
1   14  500        11242      69451      69953      393        500        1  Right
12  0   100        11294      69952      70053      396        200        1  Right
5   0   100        11309      70053      70153      397        100        1  Right
1   7   500        11250      69953      70454      397        3500       1  Right
14  3   100        11292      70454      70554      400        300        1  Right
14  8   100        11296      70554      70555      401        300        1  Right
11  1   100        11311      70555      70556      401        300        1  Right
2   6   500        11319      70454      70557      399        4000       1  Right
10  3   500        11293      70554      70657      401        500        1  Right
8   14  500        11342      70556      70857      402        1500       1  Right
15  7   500        11376      70557      71058      403        2000       1  Right
1   11  500        11347      70857      71358      405        1500       1  Right
0   3   500        11309      71058      71559      406        2000       1  Left 
1   11  500        11430      71358      71859      406        1500       1  Right
3   14  100        11370      71859      71959      409        300        1  Right
0   9   500        11314      71559      72060      408        2000       1  Right
9   0   100        11381      72060      72160      411        400        1  Right
3   8   500        11385      71959      72460      410        3000       1  Right
5   6   500        11407      72160      72461      411        2000       1  Right
13  3   500        11336      72460      72761      413        5000       1  Right
0   4   500        11324      72761      73261      415        4000       1  Right
0   12  500        11330      73261      73761      416        1000       1  Right
11  3   500        11351      73261      73762      416        2500       1  Right
11  1   100        11394      73762      73862      418        300        1  Right
7   6   100        11431      73862      73962      418        1000       1  Left 
7   15  100        11573      73962      73963      419        1200       1  Left 
0   5   500        11350      73761      73964      417        500        1  Right
15  7   500        11629      73963      74265      420        6000       1  Left 
6   5   100        11386      74265      74365      423        400        1  Right
3   0   100        11414      74365      74465      423        400        1  Left 
0   9   500        11432      74465      74965      424        2000       1  Right
5   0   100        11434      74965      74966      425        100        1  Right
7   15  100        11744      74965      74967      425        1200       1  Left 
0   3   500        11445      74967      75467      427        2000       1  Left 
12  0   100        11463      75467      75567      428        200        1  Right
0   5   500        11475      75567      76067      429        500        1  Right
3   0   100        11478      76067      76167      430        400        1  Left 
9   0   100        11492      76167      76267      431        400        1  Right
0   12  500        11499      76267      76767      432        1000       1  Right
0   3   500        11509      76767      77267      433        2000       1  Left 
5   0   100        11517      77267      77367      434        100        1  Right
6   0   500        11520      77367      77867      435        1500       1  Right
1   0   500        11534      77867      78367      436        3000       1  Left 
6   0   500        11534      78367      78867      437        1500       1  Right
12  0   100        11535      78867      78967      438        200        1  Right
4   0   100        11541      78967      79067      439        800        1  Right
12  3   100        11617      78967      79068      439        200        1  Left 
0   9   500        11543      79067      79568      440        2000       1  Right
14  3   500        11656      79068      79569      441        1500       1  Right
0   5   500        11565      79568      80069      442        500        1  Right
3   0   100        11543      80069      80169      444        400        1  Left 
0   6   100        11567      80169      80269      445        300        1  Right
3   14  100        11638      80169      80270      445        300        1  Right
6   5   100        11637      80270      80271      447        1200       1  Left 
0   12  500        11571      80269      80671      446        1000       1  Right
0   4   500        11582      80671      81171      449        4000       1  Right
3   12  500        11695      80671      81172      449        1000       1  Left 
9   0   100        11594      81171      81272      450        400        1  Right
5   0   100        11606      81272      81372      452        100        1  Right
9   1   100        11692      81272      81373      452        600        1  Right
5   6   500        11658      81372      81873      453        2000       1  Right
4   0   100        11638      81873      81973      455        800        1  Right
6   1   100        11698      81873      81974      455        300        1  Left 
6   1   100        11698      81974      82074      457        300        1  Left 
0   9   500        11645      81973      82474      456        2000       1  Right
0   5   500        11647      82474      82974      459        500        1  Right
6   7   500        11703      82474      82975      459        5000       1  Left 
5   0   100        11702      82974      83075      460        100        1  Right
1   9   500        11738      82975      83476      461        3000       1  Right
15  7   500        11800      83075      83576      462        2000       1  Right
1   6   500        11741      83476      83977      463        1500       1  Left 
0   4   500        11674      83576      84077      464        4000       1  Right
4   0   100        11711      84077      84177      466        800        1  Right
12  0   100        11719      84177      84277      467        200        1  Right
1   6   500        11747      83977      84478      465        1500       1  Left 
9   1   100        11785      84478      84578      469        600        1  Right
6   2   100        11798      84578      84678      470        800        1  Left 
0   5   500        11743      84277      84778      468        500        1  Right
5   0   100        11785      84778      84878      472        100        1  Right
1   9   500        11831      84678      85179      470        3000       1  Right
12  1   100        11843      85179      85279      473        400        1  Left 
0   4   500        11749      85179      85679      474        4000       1  Right
0   12  500        11755      85679      86179      476        1000       1  Right
2   6   500        11834      85679      86180      475        4000       1  Left 
0   5   500        11826      86179      86680      476        500        1  Right
1   12  500        11874      86180      86681      477        2000       1  Left 
4   0   100        11802      86680      86781      479        800        1  Right
1   12  500        11925      86681      87182      476        2000       1  Left 
0   4   500        11838      86781      87282      480        4000       1  Right
6   0   100        11825      87282      87382      482        300        1  Right
9   1   100        11882      87282      87383      482        600        1  Right
5   1   100        11883      87383      87483      484        900        1  Right
0   6   500        11871      87382      87883      483        1500       1  Right
0   3   100        11872      87883      87884      486        400        1  Left 
1   5   500        11925      87483      87885      482        4500       1  Right
6   0   500        11873      87884      88385      487        1500       1  Right
1   9   500        11928      87885      88386      485        3000       1  Right
12  1   100        11894      88386      88486      490        400        1  Left 
4   0   100        11898      88386      88487      490        800        1  Right
3   1   100        11924      88486      88587      488        200        1  Right
0   4   500        11934      88487      88988      489        4000       1  Right
1   3   500        11937      88587      89088      490        1000       1  Right
0   2   100        11960      88988      89089      491        500        1  Right
12  1   100        11957      89088      89189      492        400        1  Left 
4   0   100        11978      89089      89190      493        800        1  Right
1   12  500        11988      89189      89690      494        2000       1  Left 
0   4   500        12014      89190      89691      495        4000       1  Right
5   1   100        11973      89691      89791      497        700        1  Left 
8   9   500        12039      89691      90192      497        1000       1  Right
1   5   500        12012      89791      90292      498        3500       1  Left 
9   3   100        12014      90292      90392      500        800        1  Right
3   0   100        12017      90392      90492      501        400        1  Left 
9   8   100        12018      90392      90493      501        200        1  Right
12  1   100        12020      90492      90593      502        400        1  Left 
12  3   100        12028      90593      90693      504        200        1  Left 
5   1   100        12044      90593      90694      504        900        1  Right
4   1   100        12050      90694      90794      506        200        1  Right
9   1   100        12065      90794      90894      507        600        1  Right
0   3   500        12048      90693      91194      505        2000       1  Left 
1   12  500        12051      91194      91694      509        2000       1  Left 
3   11  100        12051      91694      91794      510        500        1  Right
6   0   100        12078      91694      91795      510        300        1  Right
3   8   100        12051      91794      91895      511        600        1  Right
11  3   100        12065      91895      91995      513        500        1  Right
0   6   500        12124      91795      92296      512        1500       1  Right
1   5   500        12080      91995      92496      514        4500       1  Right
8   3   100        12083      92496      92596      516        1000       1  Left 
1   4   500        12083      92496      92996      516        1000       1  Right
3   1   100        12087      92996      93096      518        200        1  Right
8   5   500        12161      92596      93097      517        2500       1  Right
4   1   100        12123      93096      93197      519        200        1  Right
1   9   500        12111      93197      93697      521        3000       1  Right
1   3   500        12113      93697      94197      522        1000       1  Right
3   9   100        12124      94197      94297      523        800        1  Right
5   3   100        12126      94297      94397      524        500        1  Left 
5   8   100        12130      94397      94497      525        500        1  Right
3   0   100        12150      94397      94498      525        400        1  Left 
5   3   100        12131      94498      94598      527        500        1  Left 
3   7   100        12159      94598      94698      528        700        1  Left 
1   4   500        12154      94297      94798      524        1000       1  Right
9   1   100        12160      94798      94898      530        600        1  Right
4   1   100        12181      94898      94998      531        200        1  Right
0   3   500        12181      94698      95199      529        2000       1  Left 
1   9   500        12206      94998      95200      532        3000       1  Right
7   3   500        12182      95199      95401      533        3500       1  Left 
6   0   100        12186      95401      95501      535        300        1  Right
7   0   100        12186      95501      95601      536        300        1  Right
1   4   500        12212      95200      95701      534        1000       1  Right
3   5   500        12228      95601      96102      537        2500       1  Left 
4   3   100        12258      96102      96202      539        400        1  Right
4   8   100        12262      96202      96302      540        200        1  Right
4   3   100        12263      96302      96402      541        400        1  Right
0   6   500        12232      96102      96602      539        1500       1  Right
3   4   500        12287      96402      96903      542        2000       1  Right
2   0   500        12241      96602      97103      543        2500       1  Right
3   12  500        12313      96903      97403      543        1000       1  Left 
8   4   500        12300      96903      97404      544        1000       1  Right
12  3   100        12330      97403      97503      545        200        1  Left 
3   14  100        12351      97503      97603      547        300        1  Right
0   7   500        12246      97103      97605      545        1500       1  Right
14  3   100        12369      97603      97704      548        300        1  Right
0   2   100        12269      97605      97706      550        500        1  Right
12  3   100        12392      97704      97805      550        200        1  Left 
6   0   100        12280      97805      97905      553        300        1  Right
4   3   500        12427      97805      98306      550        2000       1  Right
0   6   500        12326      97905      98406      553        1500       1  Right
7   0   100        12356      98406      98506      555        300        1  Right
6   0   100        12372      98506      98606      556        300        1  Right
9   3   500        12439      98306      98807      552        4000       1  Right
12  8   100        12396      98807      98907      558        800        1  Left 
3   12  100        12400      98907      99007      559        200        1  Left 
0   7   500        12407      98606      99107      556        1500       1  Right
3   4   500        12405      99007      99508      560        2000       1  Right
0   6   500        12418      99107      99608      559        1500       1  Right
3   9   100        12413      99508      99609      560        800        1  Right
6   0   100        12469      99608      99709      561        300        1  Right
3   4   100        12414      99609      99710      562        400        1  Right
8   12  500        12432      99709      100210     563        4000       1  Right
8   3   100        12449      100210     100310     565        600        1  Right
3   5   100        12456      100310     100311     566        1100       1  Right
0   6   500        12515      100210     100612     565        1500       1  Right
12  1   100        12473      100612     100712     568        400        1  Left 
7   0   100        12522      100612     100713     568        300        1  Right
3   12  100        12492      100712     100813     569        200        1  Left 
3   12  100        12495      100813     100913     571        200        1  Left 
2   0   500        12546      100713     101214     570        2500       1  Right
0   2   100        12569      101214     101314     573        500        1  Right
12  3   500        12503      100913     101414     572        1000       1  Left 
0   7   500        12583      101314     101815     574        1500       1  Right
1   12  500        12504      101414     101915     575        2000       1  Left 
6   0   100        12561      101915     102015     577        300        1  Right
3   8   500        12532      101915     102415     577        3000       1  Right
3   5   100        12774      102415     102416     579        1100       1  Right
0   6   500        12607      102015     102417     578        1500       1  Right
7   0   100        12634      102417     102517     581        300        1  Right
6   1   100        12649      102417     102518     581        300        1  Left 
0   7   500        12685      102517     103018     582        1500       1  Right
1   6   500        12690      102518     103019     583        1500       1  Left 
6   1   100        12743      103019     103119     585        300        1  Left 
2   0   500        12846      103018     103519     584        2500       1  Right
1   6   500        12787      103119     103620     586        1500       1  Left 
7   3   100        12738      103620     103720     588        700        1  Left 
5   3   500        12787      103720     104220     589        2500       1  Left 
3   7   500        12821      104220     104720     590        3500       1  Left 
6   1   100        12824      104720     104820     591        300        1  Left 
7   0   100        12860      104720     104821     591        300        1  Right
1   6   500        12865      104820     105321     592        1500       1  Left 
0   1   100        12874      105321     105421     594        600        1  Left 
0   6   100        12875      105421     105422     595        300        1  Right
3   5   100        12947      105421     105423     593        1100       1  Right
6   3   100        12916      105423     105523     595        100        1  Left 
6   3   100        12921      105523     105623     596        100        1  Left 
0   7   500        12911      105423     105923     595        1500       1  Right
3   7   100        12947      105923     106023     598        700        1  Left 
3   6   500        12952      106023     106523     599        500        1  Left 
1   7   500        13027      106023     106524     599        3500       1  Right
5   3   100        12960      106523     106624     600        500        1  Left 
7   3   100        12973      106624     106724     602        700        1  Left 
7   1   100        12981      106724     106824     603        700        1  Right
3   6   100        13009      106724     106825     603        100        1  Left 
3   6   100        13020      106825     106925     605        100        1  Left 
1   0   500        13146      106824     107325     604        5000       1  Right
7   3   100        12982      107325     107425     607        700        1  Left 
7   1   100        13156      107425     107525     608        700        1  Right
7   1   100        13249      107525     107625     609        700        1  Right
7   1   100        13342      107625     107725     610        700        1  Right
6   3   500        13038      107425     107925     608        500        1  Left 
3   7   500        13077      107925     108425     612        3500       1  Left 
0   7   100        13169      108425     108525     613        300        1  Right
6   0   500        13175      108525     109025     614        1500       1  Right
1   7   500        13202      108525     109026     614        3500       1  Right
1   7   500        13295      109026     109526     616        3500       1  Right
7   3   100        13350      109526     109626     617        700        1  Left 
1   7   500        13388      109626     110126     618        3500       1  Right
7   0   500        13481      110126     110626     617        1500       1  Right
0   1   100        13532      110626     110726     617        600        1  Left 
3   7   500        13647      110726     111226     617        3500       1  Left 
7   3   100        13679      111226     111326     618        700        1  Left 
3   6   100        13715      111326     111426     618        100        1  Left 
6   3   100        13733      111426     111526     619        100        1  Left 
1   0   500        13804      111326     111827     618        5000       1  Right
7   3   100        13741      111827     111927     621        700        1  Left 
7   8   100        13745      111927     112027     622        300        1  Right
12  3   100        13785      111927     112028     622        200        1  Left 
7   1   100        13792      112027     112128     623        700        1  Right
3   7   100        13764      112128     112228     625        700        1  Left 
3   12  100        13777      112228     112328     626        200        1  Left 
8   7   500        13766      112228     112728     626        1500       1  Right
3   8   100        13777      112728     112828     628        600        1  Right
0   7   100        13827      112728     112829     628        300        1  Right
8   3   100        13808      112828     112929     629        600        1  Right
8   3   100        14747      112929     113029     627        600        1  Right
7   0   500        14139      112829     113330     628        1500       1  Right
0   6   100        14189      113330     113430     631        300        1  Right
1   7   500        13838      113330     113830     633        3500       1  Right
3   7   100        13849      113830     113930     635        700        1  Left 
0   1   100        14190      113930     114030     634        600        1  Left 
1   0   500        14213      114030     114530     635        3000       1  Left 
0   1   100        14236      114530     114630     636        600        1  Left 
3   7   100        14788      114630     114730     635        900        1  Right
6   0   500        14486      114630     115130     636        1500       1  Right
7   3   500        14811      114730     115231     636        4500       1  Right
1   0   500        14508      115231     115731     639        3000       1  Left 
0   1   100        14528      115731     115831     639        600        1  Left 
0   1   100        14530      115831     115931     640        600        1  Left 
1   0   500        14800      115931     116431     641        3000       1  Left 
1   0   500        14811      116431     116931     642        3000       1  Left 
0   2   100        14829      116931     117031     643        500        1  Right
3   8   500        14855      116931     117432     643        3000       1  Right
2   0   500        15106      117031     117532     642        2500       1  Right
0   1   100        15146      117532     117632     642        600        1  Left 
0   2   100        15149      117632     117732     643        500        1  Right
1   0   500        15418      117732     118232     644        3000       1  Left 
2   0   500        15426      118232     118732     645        2500       1  Right
0   1   100        15437      118732     118832     646        600        1  Left 
1   0   500        15458      118832     119332     647        3000       1  Left 
0   1   100        15490      119332     119432     648        600        1  Left 
1   0   500        15762      119432     119932     645        3000       1  Left 
0   8   100        15788      119932     120032     646        600        1  Right
0   2   100        15790      120032     120132     647        500        1  Right
2   0   500        16068      120132     120632     647        2500       1  Right
0   2   100        16092      120632     120732     648        500        1  Right
0   6   100        16093      120732     120832     649        300        1  Right
8   0   500        16115      120832     121332     650        3000       1  Right
2   0   500        16369      121332     121832     649        2500       1  Right
6   0   500        16392      121832     122332     650        1500       1  Right
0   2   100        16402      122332     122432     651        500        1  Right
2   0   500        16679      122432     122932     650        2500       1  Right
0   8   100        16704      122932     123032     651        600        1  Right
0   2   100        16706      123032     123132     652        500        1  Right
2   0   500        16984      123132     123632     652        2500       1  Right
0   1   100        17018      123632     123732     652        600        1  Left 
8   0   500        17031      123732     124232     652        3000       1  Right
0   2   100        17090      124232     124332     653        500        1  Right
1   0   500        17290      124332     124832     653        3000       1  Left 
2   0   500        17367      124832     125332     652        2500       1  Right
0   2   100        17398      125332     125432     653        500        1  Right
2   0   500        17675      125432     125932     649        2500       1  Right
0   2   100        17702      125932     126032     650        500        1  Right
2   0   500        17979      126032     126532     648        2500       1  Right
0   2   100        18010      126532     126632     649        500        1  Right
2   0   500        18287      126632     127132     646        2500       1  Right
0   2   100        18320      127132     127232     647        500        1  Right
0   6   100        18322      127232     127332     647        300        1  Right
2   0   500        18597      127332     127832     647        2500       1  Right
6   0   500        18620      127832     128332     648        1500       1  Right
0   8   100        18624      128332     128432     649        600        1  Right
0   2   100        18624      128432     128532     650        500        1  Right
2   0   500        18904      128532     129032     650        2500       1  Right
0   2   100        18931      129032     129132     650        500        1  Right
8   0   500        18951      129132     129632     651        3000       1  Right
2   0   500        19208      129632     130132     650        2500       1  Right
0   2   100        19230      130132     130232     651        500        1  Right
2   0   500        19507      130232     130732     651        2500       1  Right
0   2   100        19821      130732     130832     650        500        1  Right
2   0   500        20098      130832     131332     649        2500       1  Right
0   2   100        20121      131332     131432     650        500        1  Right
2   0   500        20398      131432     131932     647        2500       1  Right
0   2   100        20425      131932     132032     648        500        1  Right
2   0   500        20702      132032     132532     648        2500       1  Right
0   2   100        20729      132532     132632     649        500        1  Right
2   0   500        21006      132632     133132     650        2500       1  Right
0   3   100        21028      133132     133232     651        400        1  Left 
0   8   100        21030      133232     133332     652        600        1  Right
3   0   500        21320      133332     133832     652        2000       1  Left 
0   3   100        21348      133832     133932     653        400        1  Left 
8   0   500        21358      133932     134432     654        3000       1  Right
