
55
C:/Users/nxconrad/Desktop/REU 2.0/Benchmark Data/16-core/7/flow_freqmine100#3.txt
745
[0, 8, 6, 5, 11, 2, 10, 15, 9, 12, 1, 4, 7, 14, 3, 13]
6   3   500        9399       9401       9901       0          2000       1  Left 
0   8   100        9400       9901       10001      1          100        1  Right
1   7   500        9401       9901       10401      0          1000       1  Right
2   11  500        9400       9901       10402      0          500        1  Right
11  6   100        9430       10402      10502      3          200        1  Right
0   13  500        9411       10001      10503      1          500        1  Left 
4   14  500        9401       10401      10902      2          1000       1  Right
6   12  500        9433       10502      10903      4          3500       1  Right
4   8   500        9408       10902      11303      6          3000       1  Left 
1   8   100        9416       11303      11403      8          700        1  Left 
0   11  100        9417       11403      11503      9          400        1  Right
15  3   500        9428       11403      11904      9          3500       1  Right
0   13  500        9488       11503      12003      10         500        1  Left 
8   6   500        9456       11503      12004      10         500        1  Right
1   5   500        9428       11904      12005      11         3500       1  Right
6   7   500        9464       12004      12104      13         3000       1  Left 
11  6   100        9467       12104      12204      15         200        1  Right
7   2   100        9478       12204      12304      16         900        1  Left 
0   5   100        9488       12304      12404      17         300        1  Right
2   8   100        9491       12404      12504      18         400        1  Right
15  12  500        9443       12005      12506      14         1000       1  Right
9   0   100        9424       12506      12606      20         800        1  Left 
9   1   100        9426       12606      12706      21         200        1  Right
13  0   100        9457       12606      12707      21         100        1  Left 
6   11  500        9498       12504      13005      19         1000       1  Right
5   0   100        9489       13005      13105      24         300        1  Right
13  0   100        9519       13105      13205      25         100        1  Left 
3   15  500        9432       12706      13208      22         3500       1  Right
0   5   500        9532       13205      13706      26         1500       1  Right
1   9   500        9473       13208      13709      27         1000       1  Right
9   4   100        9521       13709      13809      29         300        1  Right
0   13  500        9550       13706      14206      28         500        1  Left 
8   15  500        9458       13706      14207      28         3000       1  Right
3   15  100        9485       14207      14307      32         900        1  Left 
4   9   500        9552       13809      14311      30         1500       1  Right
12  15  100        9495       14311      14411      34         200        1  Right
2   7   500        9519       14307      14808      33         4500       1  Left 
8   1   500        9500       14808      15308      36         3500       1  Left 
6   1   100        9517       15308      15408      37         800        1  Right
14  4   100        9617       15308      15409      37         200        1  Right
8   2   500        9537       15408      15909      38         2000       1  Right
4   14  500        9653       15409      15910      39         1000       1  Right
1   6   500        9558       15909      16410      40         4000       1  Right
7   6   100        9566       16410      16510      42         600        1  Left 
5   0   100        9573       16510      16610      43         300        1  Right
13  0   100        9586       16610      16710      44         100        1  Left 
7   5   100        9591       16610      16711      44         900        1  Right
14  6   100        9618       16710      16811      45         500        1  Left 
10  5   100        9605       16711      16812      46         300        1  Right
6   11  500        9606       16812      17312      48         1000       1  Right
6   0   100        9609       17312      17412      49         200        1  Right
6   8   100        9611       17412      17512      50         100        1  Right
13  0   100        9656       17412      17513      50         100        1  Left 
5   7   500        9617       17312      17813      49         4500       1  Right
0   5   500        9614       17813      18313      53         1500       1  Right
1   11  500        9655       17813      18314      53         3000       1  Right
0   13  500        9617       18313      18814      54         500        1  Left 
6   10  500        9617       18314      18815      55         2000       1  Right
0   4   100        9635       18814      18816      56         500        1  Left 
6   1   100        9618       18815      18817      57         800        1  Right
4   8   100        9675       18816      18917      58         600        1  Left 
11  1   100        9619       18817      18918      59         600        1  Right
0   13  500        9687       18917      19418      60         500        1  Left 
5   10  500        9626       18918      19419      61         1500       1  Right
8   1   100        9646       19418      19519      62         700        1  Left 
8   2   100        9646       19519      19619      64         400        1  Right
2   8   100        9682       19619      19719      65         400        1  Right
1   0   500        9684       19519      20020      64         3000       1  Left 
8   4   100        9646       20020      20021      67         600        1  Left 
5   1   100        9655       20020      20022      67         700        1  Right
10  1   100        9668       20022      20122      69         400        1  Right
10  1   100        9668       20122      20222      70         400        1  Right
6   4   500        9650       20021      20522      68         3500       1  Left 
8   15  100        9646       20522      20622      72         600        1  Right
4   1   100        9683       20522      20623      72         100        1  Right
3   15  500        9686       20622      21123      73         4500       1  Left 
1   8   100        9684       21123      21223      75         700        1  Left 
14  2   100        9692       21223      21323      76         800        1  Right
13  1   100        9714       21323      21423      77         500        1  Right
6   11  500        9712       21123      21624      75         1000       1  Right
8   0   500        9750       21223      21725      76         500        1  Right
2   14  500        9718       21423      21924      78         4000       1  Right
15  8   100        9693       21924      22024      81         600        1  Right
0   14  100        9719       21924      22025      81         300        1  Left 
3   7   100        9836       22025      22125      83         200        1  Right
1   6   500        9695       22024      22525      82         4000       1  Right
14  6   100        9741       22525      22625      85         500        1  Left 
14  6   100        9745       22625      22725      86         500        1  Left 
8   6   100        9754       22725      22825      87         100        1  Right
1   5   500        9698       22525      23025      85         3500       1  Right
11  2   100        9703       23025      23125      89         100        1  Right
0   5   500        9796       23025      23525      89         1500       1  Right
1   10  500        9709       23025      23526      89         2000       1  Right
2   11  500        9734       23125      23627      90         500        1  Right
1   10  500        9716       23526      24027      92         2000       1  Right
10  2   100        9766       24027      24127      94         100        1  Right
1   4   500        9727       24027      24527      94         500        1  Right
9   4   100        9773       24527      24627      96         300        1  Right
15  3   500        9792       24127      24628      95         4500       1  Left 
9   6   100        9774       24628      24728      98         600        1  Right
11  6   100        9781       24728      24828      99         200        1  Right
11  5   100        9806       24828      24928      100        100        1  Right
1   13  500        9740       24628      25128      98         2500       1  Right
15  12  500        9807       24728      25228      99         1000       1  Right
6   1   100        9747       25128      25229      102        800        1  Left 
2   10  500        9807       24728      25230      99         500        1  Right
13  1   100        9797       25229      25329      104        500        1  Right
6   0   100        9751       25229      25330      104        200        1  Right
9   2   100        9848       25230      25332      105        300        1  Right
13  1   100        9849       25329      25430      106        500        1  Right
5   0   100        9755       25330      25431      107        300        1  Right
13  3   100        9911       25430      25531      108        100        1  Right
6   14  500        9787       25431      25932      110        5500       1  Right
0   4   100        9796       25932      25933      112        500        1  Left 
0   8   100        9807       25933      26033      113        100        1  Right
13  8   100        9915       26033      26133      113        200        1  Left 
1   6   500        9788       25932      26333      112        4000       1  Right
10  0   100        9793       26333      26433      116        600        1  Right
1   13  500        9823       26333      26834      116        2500       1  Right
5   11  500        9832       26433      26934      117        500        1  Right
4   0   100        9798       26834      26935      118        500        1  Left 
9   6   100        9929       26934      27035      118        600        1  Right
1   13  500        9875       26935      27436      120        2500       1  Right
0   10  500        9839       27035      27536      121        3000       1  Right
4   9   500        9804       27436      27937      122        1500       1  Right
6   7   500        9841       27536      28037      123        3000       1  Left 
7   5   100        9842       28037      28137      125        700        1  Left 
2   9   500        9889       27937      28438      124        1500       1  Right
0   4   500        9844       28137      28638      126        2500       1  Left 
1   5   500        9889       28438      28939      127        3500       1  Right
12  7   100        9846       28939      29039      129        300        1  Right
6   14  500        9917       28638      29139      127        2500       1  Left 
5   0   100        9850       29139      29239      131        300        1  Right
3   15  100        9937       29139      29240      130        700        1  Right
5   1   100        9852       29240      29241      133        700        1  Right
4   0   100        9886       29240      29242      133        500        1  Left 
6   8   500        9969       29239      29641      131        500        1  Right
5   7   500        9868       29242      29743      135        4500       1  Right
7   1   100        9913       29743      29843      136        200        1  Right
7   1   100        9913       29843      29943      137        200        1  Right
14  1   100        9945       29943      30043      138        300        1  Right
15  3   500        9966       29743      30244      136        4500       1  Left 
1   14  500        9966       30043      30544      139        1500       1  Right
0   4   500        9922       30544      31044      141        2500       1  Left 
5   4   100        9933       31044      31144      142        800        1  Right
0   6   100        9950       31044      31145      142        200        1  Right
8   6   100        9956       31145      31245      144        100        1  Right
4   5   500        9957       31144      31645      143        4000       1  Right
4   1   100        9958       31645      31745      146        100        1  Right
8   13  500        10003      31245      31746      144        1000       1  Left 
11  5   100        10057      31645      31747      145        100        1  Right
3   13  100        10010      31746      31846      147        100        1  Right
0   9   100        10022      31747      31848      148        800        1  Right
14  2   100        9999       31848      31948      151        800        1  Left 
1   7   500        9972       31745      32246      147        1000       1  Right
2   14  500        10025      31948      32449      151        4000       1  Left 
9   6   100        10060      32449      32549      153        600        1  Right
1   7   500        9975       32246      32747      153        1000       1  Right
5   11  500        10083      32549      33050      154        500        1  Right
7   2   100        10020      33050      33150      156        900        1  Left 
1   4   500        9999       32747      33248      156        500        1  Right
14  2   100        10052      33150      33251      157        800        1  Left 
6   1   100        10021      33251      33252      159        800        1  Right
4   0   100        10032      33251      33253      159        500        1  Left 
7   0   100        10036      33253      33353      161        400        1  Left 
1   6   500        10062      33252      33354      160        4000       1  Right
9   1   100        10101      33354      33454      163        200        1  Right
0   4   500        10070      33353      33455      162        2500       1  Left 
9   2   100        10205      33454      33555      164        300        1  Right
6   14  500        10049      33455      33956      165        2500       1  Left 
2   7   500        10063      33555      34056      166        3500       1  Right
10  0   100        10046      34056      34156      168        600        1  Right
7   3   500        10138      34056      34557      168        1000       1  Right
6   9   500        10060      34156      34657      169        3000       1  Right
0   7   500        10087      34557      35058      170        2000       1  Left 
6   9   500        10081      34657      35158      171        3000       1  Right
7   12  500        10153      35058      35559      172        1500       1  Right
2   14  500        10078      35158      35659      173        4000       1  Left 
3   7   100        10184      35659      35759      175        200        1  Right
1   9   500        10147      35559      36060      174        1000       1  Right
0   10  500        10092      35659      36160      175        3000       1  Right
1   4   500        10151      36060      36561      177        500        1  Right
6   11  500        10093      36160      36661      178        1000       1  Right
12  7   100        10204      36561      36662      179        300        1  Right
0   6   100        10099      36661      36762      180        200        1  Right
14  6   100        10104      36762      36862      182        500        1  Left 
6   0   100        10116      36862      36962      183        200        1  Right
4   0   100        10117      36962      37062      184        500        1  Left 
14  5   100        10129      37062      37162      185        600        1  Left 
1   11  500        10164      36662      37163      181        3000       1  Right
4   1   100        10119      37163      37263      187        100        1  Right
11  1   100        10128      37263      37363      188        600        1  Right
11  1   100        10128      37363      37463      189        600        1  Right
0   6   500        10162      37162      37663      186        1000       1  Right
1   11  500        10167      37463      37964      190        3000       1  Right
11  2   100        10216      37964      38064      192        100        1  Right
5   14  500        10170      37663      38164      191        3000       1  Left 
10  0   100        10156      38164      38264      194        600        1  Right
5   4   100        10185      38264      38364      195        800        1  Right
5   6   100        10186      38364      38464      196        100        1  Right
8   0   500        10165      38264      38764      195        500        1  Right
6   9   500        10201      38464      38965      197        3000       1  Right
0   10  500        10202      38965      39465      199        3000       1  Right
6   0   100        10211      39465      39565      200        200        1  Right
0   8   100        10222      39565      39665      201        100        1  Right
4   5   500        10206      39465      39965      200        4000       1  Right
5   2   100        10230      39965      40065      203        200        1  Right
0   6   500        10261      39665      40166      202        1000       1  Right
11  0   100        10232      40166      40266      205        400        1  Right
6   1   100        10315      40266      40366      206        800        1  Left 
2   9   500        10246      40065      40566      204        1500       1  Right
10  0   100        10249      40566      40666      208        600        1  Right
7   0   100        10289      40666      40766      209        400        1  Left 
9   6   100        10293      40766      40866      210        1000       1  Left 
5   6   100        10298      40866      40867      211        100        1  Right
10  0   100        10341      40866      40868      211        1000       1  Left 
2   11  500        10249      40666      41067      209        500        1  Right
5   9   500        10344      40868      41369      213        5500       1  Left 
15  8   100        10557      41369      41469      211        1000       1  Left 
2   5   500        10261      41369      41869      215        1000       1  Right
0   11  500        10273      41869      42369      217        2000       1  Right
2   4   500        10494      41869      42370      215        3000       1  Right
5   6   100        10352      42369      42470      218        100        1  Right
0   10  500        10295      42370      42871      219        5000       1  Left 
9   5   100        10318      42871      42872      221        500        1  Right
1   6   500        10358      42871      43273      221        4000       1  Left 
0   5   100        10324      43273      43373      223        300        1  Right
0   7   500        10340      43373      43873      224        2000       1  Left 
6   5   500        10376      43373      43874      224        500        1  Right
0   10  500        10387      43873      44374      225        5000       1  Left 
14  5   100        10380      44374      44474      227        600        1  Left 
6   14  500        10391      44474      44974      228        2500       1  Left 
6   0   100        10401      44974      45074      227        200        1  Right
5   14  500        10421      44974      45475      227        5000       1  Right
7   0   100        10403      45475      45476      229        400        1  Left 
4   6   100        10444      45475      45477      229        900        1  Right
10  0   100        10438      45477      45577      231        600        1  Right
4   2   100        10468      45577      45677      232        600        1  Right
7   3   500        10490      45476      45977      230        1000       1  Right
14  1   100        10481      45977      46077      234        300        1  Right
0   6   500        10448      45577      46078      232        1000       1  Right
14  1   100        10481      46077      46178      235        300        1  Right
6   5   500        10463      46078      46579      236        500        1  Right
0   7   500        10454      46178      46679      237        2000       1  Left 
5   1   100        10483      46579      46680      238        700        1  Right
4   6   100        10530      46679      46780      237        700        1  Left 
0   10  500        10484      46780      47280      241        3000       1  Right
1   14  500        10502      46780      47281      239        1500       1  Right
11  0   100        10485      47280      47381      242        400        1  Right
6   0   100        10500      47381      47481      244        200        1  Right
1   14  500        10505      47281      47782      241        1500       1  Right
0   11  500        10526      47481      47982      243        2000       1  Right
14  2   100        10520      47982      48082      245        800        1  Left 
7   12  500        10505      47782      48283      244        1500       1  Right
2   14  500        10546      48082      48583      246        4000       1  Left 
6   1   100        10502      48583      48683      248        800        1  Right
7   0   100        10511      48583      48684      248        400        1  Left 
3   7   100        10547      48684      48784      250        200        1  Right
1   5   500        10519      48683      49184      249        3500       1  Right
0   14  500        10562      48784      49285      251        1500       1  Left 
1   6   500        10550      49184      49685      252        4000       1  Right
10  0   100        10530      49685      49785      254        600        1  Right
12  7   100        10569      49685      49786      254        300        1  Right
14  0   100        10536      49785      49886      255        300        1  Left 
6   9   500        10565      49785      50286      255        3000       1  Right
9   5   100        10569      50286      50386      258        500        1  Right
8   0   500        10549      49886      50387      257        500        1  Right
10  1   100        10636      50386      50486      259        400        1  Right
5   2   100        10572      50386      50487      259        200        1  Right
9   1   100        10640      50486      50586      261        200        1  Right
9   1   100        10640      50586      50686      263        200        1  Right
0   7   500        10569      50387      50889      260        2000       1  Left 
6   5   500        10587      50487      50989      262        500        1  Right
0   10  500        10576      50889      51390      265        5000       1  Left 
2   5   500        10603      50989      51490      266        1000       1  Right
1   8   100        10589      51390      51491      267        700        1  Left 
6   4   100        10593      51491      51591      269        700        1  Left 
5   9   500        10595      51490      51991      268        2500       1  Right
4   6   500        10624      51591      52092      270        3500       1  Left 
11  0   100        10583      52092      52192      272        400        1  Right
0   2   100        10603      52192      52292      273        500        1  Right
0   2   100        10606      52292      52392      274        500        1  Right
1   10  500        10677      51991      52393      271        2000       1  Right
7   0   100        10632      52392      52393      275        400        1  Left 
2   8   100        10617      52392      52394      275        400        1  Right
1   9   500        10686      52393      52894      276        1000       1  Right
8   15  500        10608      52394      52895      277        3000       1  Right
1   9   500        10689      52894      53395      278        1000       1  Right
0   11  500        10624      52895      53396      279        2000       1  Right
0   4   100        10626      53396      53496      281        500        1  Left 
5   6   100        10648      53396      53497      281        100        1  Right
2   9   500        10783      53395      53896      280        1500       1  Right
8   1   500        10648      53496      53998      282        3500       1  Left 
4   6   100        10658      53998      54098      285        700        1  Left 
10  1   100        10719      53998      54099      285        400        1  Right
11  0   100        10666      54098      54199      286        400        1  Right
4   1   100        10721      54099      54200      287        100        1  Right
10  1   100        10800      54200      54201      289        400        1  Right
0   7   500        10683      54199      54600      288        2000       1  Left 
8   2   500        10677      54199      54601      288        2000       1  Right
7   0   100        10732      54600      54602      291        400        1  Left 
6   4   500        10684      54601      55003      292        4500       1  Right
9   2   100        10742      55003      55103      294        300        1  Right
4   2   100        10795      55103      55203      295        600        1  Right
0   11  500        10715      55003      55503      294        2000       1  Right
6   4   500        10725      55503      56003      297        3500       1  Left 
11  0   100        10757      56003      56103      298        400        1  Right
9   0   100        10758      56103      56203      299        800        1  Right
1   4   500        10752      56003      56503      298        500        1  Right
0   7   500        10783      56203      56704      300        2000       1  Left 
14  0   100        10789      56704      56804      302        300        1  Left 
1   10  500        10760      56503      57004      301        2000       1  Right
0   11  500        10798      56804      57305      303        2000       1  Right
1   10  500        10841      57004      57505      304        2000       1  Right
6   4   500        10807      57305      57806      305        3500       1  Left 
0   9   500        10809      57806      58306      307        4000       1  Right
0   14  500        10815      58306      58806      308        1500       1  Left 
2   4   500        10821      58306      58807      308        3000       1  Right
7   0   100        10836      58806      58808      309        400        1  Left 
6   4   100        10845      58807      58809      310        900        1  Right
11  0   100        10844      58809      58909      312        400        1  Right
4   6   100        10862      58909      59009      313        900        1  Right
7   3   500        10853      58808      59309      311        1000       1  Right
14  0   100        10858      59309      59409      315        300        1  Left 
4   6   500        10871      59009      59510      314        4500       1  Right
6   2   100        10900      59510      59610      317        300        1  Right
0   14  500        10884      59409      59910      316        1500       1  Left 
7   12  500        10868      59510      60011      317        1500       1  Right
8   10  500        10922      59610      60111      316        2500       1  Right
10  3   100        10892      60111      60112      321        800        1  Right
2   0   500        10880      60111      60512      321        2500       1  Right
3   0   100        10885      60512      60612      323        200        1  Left 
1   10  500        10994      60112      60613      320        2000       1  Right
4   5   100        10887      60612      60713      324        800        1  Left 
0   11  500        10887      60713      61213      326        2000       1  Right
10  8   100        10896      61213      61313      327        500        1  Right
0   7   500        10887      61213      61713      327        2000       1  Left 
3   8   100        10923      61713      61813      327        300        1  Left 
5   4   500        10908      61313      61814      326        4000       1  Right
8   3   100        10960      61813      61914      328        300        1  Left 
6   5   500        10922      61814      62315      329        500        1  Right
2   0   500        10891      61914      62415      332        5500       1  Left 
12  0   100        10905      62415      62515      332        700        1  Left 
14  0   100        10911      62515      62615      333        300        1  Left 
0   1   100        10922      62615      62715      334        600        1  Left 
10  1   100        10953      62715      62815      335        400        1  Right
2   6   500        10936      62415      62916      332        1500       1  Right
5   1   100        10965      62916      63016      337        700        1  Right
5   1   100        10965      63016      63116      338        700        1  Right
0   14  500        10937      62715      63216      335        1500       1  Left 
0   6   100        10941      63216      63316      340        200        1  Right
1   5   500        11001      63116      63317      339        3500       1  Right
6   4   500        11144      63316      63318      341        3500       1  Left 
1   5   500        11004      63317      63619      342        3500       1  Right
11  0   100        10936      63619      63719      344        400        1  Right
3   10  100        11001      63619      63720      344        800        1  Right
0   11  500        10977      63719      64220      345        2000       1  Right
14  0   100        10963      64220      64320      347        300        1  Left 
11  1   100        11014      64220      64321      347        600        1  Right
10  1   100        11038      64321      64421      349        400        1  Right
5   2   100        11040      64321      64422      349        200        1  Right
0   14  500        10989      64320      64821      348        1500       1  Left 
7   0   100        10997      64821      64921      352        400        1  Left 
1   11  500        11050      64422      64923      351        3000       1  Right
0   14  500        11046      64921      65422      353        1500       1  Left 
1   10  500        11079      64923      65423      354        2000       1  Right
2   5   500        11071      64923      65424      354        1000       1  Right
11  1   100        11087      65424      65524      357        600        1  Right
0   7   500        11048      65422      65924      355        2000       1  Left 
1   11  500        11123      65524      66025      358        3000       1  Right
9   0   100        11011      66025      66125      360        800        1  Right
14  0   100        11020      66125      66225      361        300        1  Left 
5   0   100        11056      66225      66325      362        300        1  Right
3   10  100        11266      66225      66326      362        800        1  Right
0   9   500        11062      66326      66826      364        4000       1  Right
14  0   100        11072      66826      66926      365        300        1  Left 
7   0   100        11104      66926      67026      366        400        1  Left 
5   4   500        11159      66826      67327      365        4000       1  Right
14  1   100        11130      67327      67427      368        300        1  Right
0   5   500        11097      67327      67827      368        1500       1  Right
4   5   100        11138      67827      67927      370        800        1  Right
6   1   100        11153      67927      68027      371        800        1  Right
11  1   100        11155      68027      68127      372        600        1  Right
0   14  500        11098      67827      68327      370        1500       1  Left 
9   0   100        11142      68327      68427      374        800        1  Right
1   14  500        11151      68327      68828      374        1500       1  Right
0   7   500        11155      68828      69328      376        2000       1  Left 
1   11  500        11191      68828      69329      376        3000       1  Right
14  1   100        11173      69329      69429      378        300        1  Right
0   3   500        11178      69328      69829      377        1000       1  Left 
1   14  500        11194      69429      69930      379        1500       1  Right
4   1   100        11199      69930      70030      381        100        1  Right
4   1   100        11199      70030      70130      382        100        1  Right
7   1   100        11204      70130      70230      383        200        1  Right
0   12  500        11193      69829      70330      380        4500       1  Right
14  1   100        11221      70230      70331      384        300        1  Right
0   9   500        11193      70330      70831      385        4000       1  Right
1   0   500        11195      70831      71331      387        3000       1  Left 
1   6   500        11205      71331      71831      388        4000       1  Right
0   6   100        11220      71831      71931      389        200        1  Right
11  3   100        11240      71931      72031      390        600        1  Left 
11  8   100        11244      72031      72131      391        300        1  Right
8   3   100        11255      72131      72231      392        300        1  Left 
9   0   100        11263      72231      72331      393        800        1  Right
1   4   500        11230      71831      72332      389        500        1  Right
14  3   100        11292      72231      72333      393        100        1  Right
3   0   100        11267      72333      72433      396        200        1  Left 
3   13  100        11323      72433      72533      396        100        1  Right
8   11  500        11275      72331      72832      394        1500       1  Right
1   4   500        11233      72332      72833      395        500        1  Right
10  3   500        11293      72832      73333      399        4000       1  Left 
1   14  500        11242      72833      73334      400        1500       1  Right
3   11  100        11334      73333      73434      400        600        1  Left 
14  8   100        11296      73434      73534      403        400        1  Left 
3   11  100        11336      73534      73634      403        600        1  Left 
1   7   500        11250      73334      73835      402        1000       1  Right
4   2   100        11269      73835      73935      406        600        1  Right
6   2   100        11283      73935      73936      407        300        1  Right
7   15  100        11320      73935      73937      406        500        1  Right
8   14  500        11342      73634      74036      404        2000       1  Left 
3   14  100        11370      74036      74136      409        100        1  Right
2   4   500        11295      73937      74438      409        3000       1  Right
3   8   500        11385      74136      74637      410        1500       1  Left 
4   0   100        11288      74637      74737      413        500        1  Left 
1   11  500        11347      74438      74939      411        3000       1  Right
0   1   100        11234      74939      75039      415        600        1  Left 
0   6   100        11235      75039      75139      416        200        1  Right
11  1   100        11311      75039      75140      415        600        1  Right
0   3   500        11309      75139      75640      416        1000       1  Left 
15  7   500        11376      75140      75640      417        2500       1  Right
2   6   500        11319      75140      75641      417        1500       1  Right
12  0   100        11294      75640      75741      419        700        1  Left 
5   0   100        11309      75741      75841      420        300        1  Right
1   11  500        11430      75741      76241      419        3000       1  Right
13  3   500        11336      75741      76242      420        500        1  Right
5   6   500        11407      75841      76343      420        500        1  Right
15  7   500        11629      76241      76742      420        2500       1  Right
11  3   500        11351      76343      76844      424        3000       1  Left 
0   9   500        11314      76844      77344      426        4000       1  Right
11  1   100        11394      77344      77444      427        600        1  Right
0   4   500        11324      77344      77844      427        2500       1  Left 
0   12  500        11330      77844      78344      429        3500       1  Left 
0   5   500        11350      78344      78844      430        1500       1  Right
9   0   100        11381      78844      78944      431        800        1  Right
6   5   100        11386      78944      79044      432        100        1  Right
3   0   100        11414      78944      79045      431        200        1  Left 
7   6   100        11431      79044      79145      432        1000       1  Right
0   9   500        11432      79145      79645      434        4000       1  Right
5   0   100        11434      79645      79745      435        300        1  Right
7   15  100        11573      79645      79746      434        500        1  Right
7   15  100        11744      79746      79846      436        500        1  Right
0   3   500        11445      79745      80246      436        1000       1  Left 
12  0   100        11463      80246      80346      439        700        1  Left 
0   5   500        11475      80346      80846      440        1500       1  Right
3   0   100        11478      80846      80946      441        200        1  Left 
9   0   100        11492      80946      81046      442        800        1  Right
0   12  500        11499      81046      81546      443        3500       1  Left 
0   3   500        11509      81546      82046      443        1000       1  Left 
5   0   100        11517      82046      82146      444        300        1  Right
6   0   500        11520      82146      82646      445        1000       1  Right
1   0   500        11534      82646      83146      446        3000       1  Left 
6   0   500        11534      83146      83646      447        1000       1  Right
12  0   100        11535      83646      83746      448        700        1  Left 
4   0   100        11541      83746      83846      449        500        1  Left 
3   0   100        11543      83846      83946      450        200        1  Left 
12  3   100        11617      83946      83947      451        500        1  Right
3   14  100        11638      83947      84047      452        100        1  Right
0   9   500        11543      83946      84347      451        4000       1  Right
14  3   500        11656      84047      84548      453        500        1  Right
0   5   500        11565      84347      84848      454        1500       1  Right
0   6   100        11567      84848      84948      456        200        1  Right
6   5   100        11637      84948      85048      457        100        1  Right
0   12  500        11571      84948      85448      457        3500       1  Left 
0   4   500        11582      85448      85948      459        2500       1  Left 
9   0   100        11594      85948      85949      460        800        1  Right
5   0   100        11606      85949      86049      461        300        1  Right
3   12  500        11695      85948      86050      460        2500       1  Right
0   9   500        11645      86049      86250      462        4000       1  Right
4   0   100        11638      86250      86350      464        500        1  Left 
9   1   100        11692      86250      86350      464        200        1  Right
5   6   500        11658      86250      86751      464        500        1  Right
1   9   500        11738      86350      86851      465        1000       1  Right
0   5   500        11647      86751      87252      466        1500       1  Right
6   1   100        11698      87252      87253      468        800        1  Right
6   1   100        11698      87253      87254      469        800        1  Right
0   4   500        11674      87252      87255      468        2500       1  Left 
1   6   500        11741      87254      87456      470        4000       1  Right
5   0   100        11702      87456      87556      472        300        1  Right
9   1   100        11785      87456      87557      472        200        1  Right
6   7   500        11703      87556      88057      473        3000       1  Left 
4   0   100        11711      88057      88058      475        500        1  Left 
1   6   500        11747      88057      88459      475        4000       1  Right
12  0   100        11719      88459      88559      477        700        1  Left 
6   2   100        11798      88459      88560      477        300        1  Right
15  7   500        11800      88559      89060      478        2500       1  Right
0   5   500        11743      88560      89061      479        1500       1  Right
1   9   500        11831      89060      89561      480        1000       1  Right
2   6   500        11834      89061      89561      481        1500       1  Right
0   4   500        11749      89061      89562      481        2500       1  Left 
12  1   100        11843      89561      89662      482        100        1  Right
5   0   100        11785      89562      89663      483        300        1  Right
9   1   100        11882      89662      89763      484        200        1  Right
4   0   100        11802      89663      89764      485        500        1  Left 
5   1   100        11883      89763      89864      486        700        1  Right
6   0   100        11825      89764      89865      487        200        1  Right
12  1   100        11894      89864      89965      488        100        1  Right
3   1   100        11924      89965      90065      489        400        1  Right
12  1   100        11957      90065      90165      490        100        1  Right
5   1   100        11973      90165      90265      491        700        1  Right
12  1   100        12020      90265      90365      489        100        1  Right
6   0   500        11873      89865      90366      489        1000       1  Right
5   1   100        12044      90365      90466      490        700        1  Right
4   0   100        11898      90366      90467      495        500        1  Left 
0   12  500        11755      90467      90967      497        3500       1  Left 
0   5   500        11826      90967      91467      498        1500       1  Right
1   12  500        11874      90967      91468      498        500        1  Right
0   4   500        11838      91467      91968      499        2500       1  Left 
1   12  500        11925      91468      91969      499        500        1  Right
0   6   500        11871      91968      92469      501        1000       1  Right
1   5   500        11925      91969      92470      501        3500       1  Right
0   3   100        11872      92469      92570      503        200        1  Left 
1   9   500        11928      92470      92971      503        1000       1  Right
0   4   500        11934      92570      93071      504        2500       1  Left 
8   9   500        12039      92971      93472      502        3500       1  Right
1   3   500        11937      93071      93572      506        2000       1  Right
0   2   100        11960      93472      93573      507        500        1  Right
4   0   100        11978      93573      93673      509        500        1  Left 
9   3   100        12014      93673      93773      507        1000       1  Left 
9   8   100        12018      93773      93774      508        700        1  Right
1   12  500        11988      93572      93974      508        500        1  Right
0   4   500        12014      93773      94175      508        2500       1  Left 
3   0   100        12017      94175      94275      511        200        1  Left 
6   0   100        12078      94275      94375      512        200        1  Right
1   5   500        12012      93974      94475      510        3500       1  Right
12  3   100        12028      94475      94575      514        500        1  Right
4   1   100        12050      94575      94675      515        100        1  Right
0   3   500        12048      94575      95075      515        1000       1  Left 
3   11  100        12051      95075      95175      517        600        1  Left 
1   12  500        12051      94675      95176      516        500        1  Right
3   8   100        12051      95175      95276      518        300        1  Left 
9   1   100        12065      95176      95277      519        200        1  Right
11  3   100        12065      95276      95377      520        600        1  Left 
8   3   100        12083      95377      95477      522        300        1  Left 
1   5   500        12080      95377      95877      522        3500       1  Right
0   6   500        12124      95477      95978      522        1000       1  Right
1   4   500        12083      95877      96378      524        500        1  Right
3   1   100        12087      96378      96478      526        400        1  Right
8   5   500        12161      95978      96479      524        1000       1  Right
1   9   500        12111      96478      96979      526        1000       1  Right
1   3   500        12113      96979      97479      528        2000       1  Right
4   1   100        12123      97479      97579      529        100        1  Right
3   9   100        12124      97479      97580      529        1000       1  Left 
5   3   100        12126      97580      97680      531        500        1  Left 
5   8   100        12130      97680      97780      532        200        1  Right
3   0   100        12150      97680      97781      532        200        1  Left 
5   3   100        12131      97781      97881      534        500        1  Left 
3   7   100        12159      97881      97981      535        200        1  Right
6   0   100        12186      97881      97982      535        200        1  Right
1   4   500        12154      97579      98080      530        500        1  Right
9   1   100        12160      98080      98180      538        200        1  Right
4   1   100        12181      98180      98280      539        100        1  Right
0   3   500        12181      97982      98483      537        1000       1  Left 
1   9   500        12206      98280      98781      539        1000       1  Right
0   6   500        12232      98483      98983      540        1000       1  Right
7   3   500        12182      98483      98984      541        1000       1  Right
7   0   100        12186      98984      99084      544        400        1  Left 
1   4   500        12212      98781      99283      541        500        1  Right
3   5   500        12228      99084      99585      544        2500       1  Left 
4   3   100        12258      99585      99685      546        300        1  Right
2   0   500        12241      99585      100085     546        2500       1  Right
6   0   100        12280      100085     100185     548        200        1  Right
3   4   500        12287      99685      100186     547        1500       1  Right
4   8   100        12262      100186     100187     550        1000       1  Right
0   7   500        12246      100186     100188     550        2000       1  Left 
7   0   100        12356      100188     100189     551        400        1  Left 
8   4   500        12300      100187     100190     551        5000       1  Right
4   3   100        12263      100190     100290     554        300        1  Right
0   2   100        12269      100190     100291     554        500        1  Right
3   12  500        12313      100290     100791     554        2500       1  Right
0   6   500        12326      100291     100792     555        1000       1  Right
12  3   100        12330      100791     100892     556        500        1  Right
6   0   100        12372      100792     100893     557        200        1  Right
3   14  100        12351      100892     100894     558        100        1  Right
14  3   100        12369      100894     100895     560        100        1  Right
0   7   500        12407      100893     101196     558        6000       1  Right
12  3   100        12392      101196     101296     562        500        1  Right
3   12  100        12400      101296     101396     563        500        1  Right
0   6   500        12418      101196     101697     561        1000       1  Right
12  8   100        12396      101697     101797     565        800        1  Right
3   4   500        12405      101396     101897     563        1500       1  Right
8   12  500        12432      101797     102298     565        4000       1  Right
4   3   500        12427      101897     102398     566        1500       1  Right
12  1   100        12473      102298     102398     567        100        1  Right
6   0   100        12469      102298     102399     567        200        1  Right
3   9   100        12413      102398     102499     568        600        1  Right
3   4   100        12414      102499     102599     570        300        1  Right
0   6   500        12515      102399     102900     567        1000       1  Right
0   2   100        12569      102900     103000     570        500        1  Right
9   3   500        12439      102599     103100     571        3000       1  Right
8   3   100        12449      103100     103200     574        300        1  Left 
3   5   100        12456      103200     103300     575        500        1  Left 
3   12  100        12492      103300     103400     576        500        1  Right
3   12  100        12495      103400     103500     577        500        1  Right
12  3   500        12503      103500     104000     577        2500       1  Right
7   0   100        12522      104000     104100     577        400        1  Left 
1   12  500        12504      104000     104500     578        500        1  Right
3   8   500        12532      104100     104601     578        1500       1  Left 
2   0   500        12546      104601     105101     580        2500       1  Right
6   0   100        12561      105101     105102     581        200        1  Right
3   5   100        12774      105101     105103     578        1100       1  Right
6   1   100        12649      105103     105203     582        800        1  Right
6   1   100        12743      105203     105303     581        800        1  Right
6   1   100        12824      105303     105403     582        800        1  Right
0   7   500        12583      105103     105603     583        2000       1  Left 
0   6   500        12607      105603     106103     586        1000       1  Right
7   0   100        12634      106103     106203     587        400        1  Left 
1   6   500        12690      106103     106604     587        4000       1  Right
0   7   500        12685      106203     106704     588        2000       1  Left 
7   3   100        12738      106704     106804     588        200        1  Right
1   6   500        12787      106604     107105     587        4000       1  Right
3   7   500        12821      106804     107305     589        1000       1  Right
2   0   500        12846      107105     107606     590        2500       1  Right
5   3   500        12787      107606     108106     592        2500       1  Left 
7   0   100        12860      108106     108206     593        400        1  Left 
1   6   500        12865      108106     108607     593        4000       1  Right
0   1   100        12874      108607     108707     595        600        1  Left 
0   6   100        12875      108707     108708     596        200        1  Right
3   5   100        12947      108707     108709     596        1100       1  Right
0   7   500        12911      108709     109209     598        2000       1  Left 
6   3   100        12916      109209     109309     599        400        1  Left 
6   3   100        12921      109309     109409     600        400        1  Left 
3   7   100        12947      109409     109509     601        200        1  Right
3   6   500        12952      109509     110009     602        2000       1  Left 
1   7   500        13027      109509     110010     601        1000       1  Right
5   3   100        12960      110009     110110     603        500        1  Left 
7   3   100        12973      110110     110210     605        200        1  Right
1   0   500        13146      110110     110611     603        5000       1  Right
7   1   100        12981      110611     110711     607        200        1  Right
3   6   100        13009      110611     110712     606        400        1  Left 
7   3   100        12982      110712     110812     609        200        1  Right
3   6   100        13020      110812     110912     609        400        1  Left 
7   1   100        13156      110812     110913     608        200        1  Right
7   1   100        13249      110913     111013     608        200        1  Right
7   1   100        13342      111013     111113     609        200        1  Right
6   3   500        13038      110912     111413     610        2000       1  Left 
3   7   500        13077      111413     111913     614        1000       1  Right
6   0   500        13175      111413     111914     613        1000       1  Right
7   3   100        13350      111913     112014     612        200        1  Right
0   7   100        13169      112014     112114     616        400        1  Left 
1   7   500        13202      112114     112614     617        1000       1  Right
1   7   500        13295      112614     113114     616        1000       1  Right
1   7   500        13388      113114     113614     617        1000       1  Right
7   0   500        13481      113614     114114     618        2000       1  Left 
0   1   100        13532      114114     114214     619        600        1  Left 
3   7   500        13647      114214     114714     620        1000       1  Right
1   0   500        13804      114214     114715     618        5000       1  Right
7   3   100        13679      114714     114815     621        200        1  Right
3   6   100        13715      114815     114915     621        400        1  Left 
6   3   100        13733      114915     115015     622        400        1  Left 
7   3   100        13741      115015     115115     623        200        1  Right
7   8   100        13745      115115     115215     624        500        1  Left 
3   7   100        13764      115215     115315     625        200        1  Right
8   7   500        13766      115315     115815     626        2500       1  Left 
3   12  100        13777      115815     115915     627        500        1  Right
3   8   100        13777      115915     116015     628        300        1  Left 
7   1   100        13792      115915     116016     628        200        1  Right
12  3   100        13785      116015     116116     629        1100       1  Left 
8   3   100        13808      116116     116216     630        300        1  Left 
0   7   100        13827      116216     116316     631        400        1  Left 
0   6   100        14189      116316     116416     632        200        1  Right
8   3   100        14747      116416     116516     628        300        1  Left 
1   7   500        13838      116316     116816     632        1000       1  Right
3   7   100        13849      116816     116916     635        200        1  Right
0   1   100        14190      116816     116917     635        1000       1  Right
3   7   100        14788      116916     117017     631        200        1  Right
0   1   100        14236      116917     117018     635        1000       1  Right
7   0   500        14139      117018     117518     639        2000       1  Left 
1   0   500        14213      117518     118018     638        3000       1  Left 
6   0   500        14486      118018     118518     636        1000       1  Right
7   3   500        14811      118018     118519     635        1000       1  Right
1   0   500        14508      118518     119019     637        5000       1  Right
0   1   100        14528      119019     119119     639        600        1  Left 
0   1   100        14530      119119     119219     640        600        1  Left 
1   0   500        14800      119219     119719     641        3000       1  Left 
1   0   500        14811      119719     120219     641        3000       1  Left 
0   2   100        14829      120219     120319     642        500        1  Right
3   8   500        14855      120319     120819     643        1500       1  Left 
2   0   500        15106      120819     121319     644        2500       1  Right
0   1   100        15146      121319     121419     645        600        1  Left 
0   2   100        15149      121419     121519     646        500        1  Right
1   0   500        15418      121519     122019     644        3000       1  Left 
2   0   500        15426      122019     122519     645        2500       1  Right
0   1   100        15437      122519     122619     646        600        1  Left 
1   0   500        15458      122619     123119     647        3000       1  Left 
0   1   100        15490      123119     123219     648        600        1  Left 
1   0   500        15762      123219     123719     649        3000       1  Left 
0   8   100        15788      123719     123819     650        100        1  Right
0   2   100        15790      123819     123919     651        500        1  Right
2   0   500        16068      123919     124419     650        2500       1  Right
0   2   100        16092      124419     124519     651        500        1  Right
0   6   100        16093      124519     124619     652        200        1  Right
8   0   500        16115      124619     125119     653        500        1  Right
2   0   500        16369      125119     125619     654        2500       1  Right
6   0   500        16392      125619     126119     655        1000       1  Right
0   2   100        16402      126119     126219     656        500        1  Right
2   0   500        16679      126219     126719     654        2500       1  Right
0   8   100        16704      126719     126819     655        100        1  Right
0   2   100        16706      126819     126919     656        500        1  Right
2   0   500        16984      126919     127419     653        2500       1  Right
0   1   100        17018      127419     127519     654        600        1  Left 
8   0   500        17031      127519     128019     655        500        1  Right
0   2   100        17090      128019     128119     656        500        1  Right
1   0   500        17290      128119     128619     657        3000       1  Left 
2   0   500        17367      128619     129119     657        2500       1  Right
0   2   100        17398      129119     129219     658        500        1  Right
2   0   500        17675      129219     129719     656        2500       1  Right
0   2   100        17702      129719     129819     657        500        1  Right
2   0   500        17979      129819     130319     657        2500       1  Right
0   2   100        18010      130319     130419     658        500        1  Right
2   0   500        18287      130419     130919     659        2500       1  Right
0   2   100        18320      130919     131019     658        500        1  Right
0   6   100        18322      131019     131119     659        200        1  Right
2   0   500        18597      131119     131619     660        2500       1  Right
6   0   500        18620      131619     132119     661        1000       1  Right
0   8   100        18624      132119     132219     662        100        1  Right
0   2   100        18624      132219     132319     663        500        1  Right
2   0   500        18904      132319     132819     660        2500       1  Right
0   2   100        18931      132819     132919     659        500        1  Right
8   0   500        18951      132919     133419     660        500        1  Right
2   0   500        19208      133419     133919     661        2500       1  Right
0   2   100        19230      133919     134019     662        500        1  Right
2   0   500        19507      134019     134519     661        2500       1  Right
0   2   100        19821      134519     134619     659        500        1  Right
2   0   500        20098      134619     135119     657        2500       1  Right
0   2   100        20121      135119     135219     657        500        1  Right
2   0   500        20398      135219     135719     657        2500       1  Right
0   2   100        20425      135719     135819     658        500        1  Right
2   0   500        20702      135819     136319     656        2500       1  Right
0   2   100        20729      136319     136419     657        500        1  Right
2   0   500        21006      136419     136919     658        2500       1  Right
0   3   100        21028      136919     137019     659        200        1  Left 
0   8   100        21030      137019     137119     660        100        1  Right
3   0   500        21320      137119     137619     659        1000       1  Left 
0   3   100        21348      137619     137719     659        200        1  Left 
8   0   500        21358      137719     138219     660        500        1  Right
