
61
C:/Users/nxconrad/Desktop/REU 2.0/Benchmark Data/16-core/7/flow_freqmine100#3.txt
745
[4, 15, 12, 6, 10, 13, 5, 2, 8, 9, 0, 7, 11, 14, 3, 1]
0   8   100        9400       9402       9502       0          200        1  Right
6   3   500        9399       9401       9901       0          2500       1  Left 
2   11  500        9400       9502       10003      1          2500       1  Right
6   12  500        9433       9901       10401      1          500        1  Right
4   14  500        9401       9901       10402      1          1500       1  Left 
0   13  500        9411       10003      10505      2          2500       1  Right
9   0   100        9424       10505      10506      5          100        1  Right
1   7   500        9401       10402      10804      4          2000       1  Right
0   11  100        9417       10804      10904      7          200        1  Right
4   8   500        9408       10505      10905      5          4000       1  Right
9   1   100        9426       10904      11003      8          600        1  Right
1   8   100        9416       11003      11103      10         700        1  Right
7   2   100        9478       11103      11203      11         400        1  Right
2   8   100        9491       11203      11303      12         100        1  Right
1   5   500        9428       11103      11603      11         3500       1  Left 
11  6   100        9430       11603      11703      14         900        1  Right
15  3   500        9428       11603      12103      14         1500       1  Left 
8   6   500        9456       11703      12204      15         2500       1  Right
13  0   100        9457       12204      12304      17         500        1  Right
3   15  500        9432       12103      12604      16         1500       1  Left 
6   7   500        9464       12304      12805      18         4000       1  Right
11  6   100        9467       12805      12905      20         900        1  Right
15  12  500        9443       12604      13105      19         500        1  Right
1   9   500        9473       12905      13106      21         3000       1  Right
9   4   100        9521       13106      13107      22         700        1  Left 
8   15  500        9458       13105      13108      22         3500       1  Right
4   9   500        9552       13107      13509      23         3500       1  Left 
3   15  100        9485       13509      13609      26         300        1  Left 
12  15  100        9495       13609      13709      27         100        1  Right
14  4   100        9617       13609      13710      26         300        1  Left 
0   13  500        9488       13509      14010      26         2500       1  Right
0   5   100        9488       14010      14110      30         400        1  Right
5   0   100        9489       14110      14210      31         400        1  Right
6   11  500        9498       13710      14211      29         3500       1  Left 
13  0   100        9519       14210      14311      31         500        1  Right
1   6   500        9558       14211      14712      32         2000       1  Left 
2   7   500        9519       14311      14812      33         2000       1  Right
4   14  500        9653       14712      15213      34         1500       1  Left 
0   5   500        9532       14812      15313      35         2000       1  Right
7   6   100        9566       15213      15314      36         800        1  Left 
14  6   100        9618       15314      15414      38         600        1  Left 
0   13  500        9550       15313      15814      37         2500       1  Right
8   1   500        9500       15814      16314      41         3500       1  Right
6   1   100        9517       16314      16414      41         400        1  Left 
5   0   100        9573       16414      16415      42         1200       1  Left 
13  0   100        9586       16415      16515      43         1100       1  Left 
7   5   100        9591       16515      16615      44         1100       1  Left 
10  5   100        9605       16615      16715      45         200        1  Right
8   2   500        9537       16314      16716      41         500        1  Right
6   11  500        9606       16615      17117      45         3500       1  Left 
0   5   500        9614       16716      17217      47         2000       1  Right
6   0   100        9609       17217      17317      49         700        1  Right
6   8   100        9611       17317      17417      50         500        1  Right
1   11  500        9655       17117      17618      48         1500       1  Right
6   10  500        9617       17417      17917      51         500        1  Right
0   13  500        9617       17417      17918      51         2500       1  Right
6   1   100        9618       17917      18018      53         400        1  Left 
11  1   100        9619       18018      18118      55         300        1  Right
5   7   500        9617       17918      18419      54         2500       1  Right
0   4   100        9635       18419      18519      57         600        1  Left 
8   1   100        9646       18519      18619      58         700        1  Right
8   2   100        9646       18619      18719      59         100        1  Right
8   4   100        9646       18719      18819      60         800        1  Left 
5   10  500        9626       18419      18919      57         1000       1  Right
8   15  100        9646       18819      18920      61         900        1  Left 
5   1   100        9655       18920      19020      63         900        1  Right
13  0   100        9656       19020      19120      64         500        1  Right
10  1   100        9668       19120      19121      65         1100       1  Right
10  1   100        9668       19121      19122      66         1100       1  Right
6   4   500        9650       18920      19222      63         1500       1  Right
4   8   100        9675       19222      19223      68         800        1  Right
2   8   100        9682       19223      19323      69         100        1  Right
1   0   500        9684       19122      19524      67         2500       1  Right
4   1   100        9683       19524      19525      71         100        1  Left 
3   15  500        9686       19524      19926      71         6500       1  Right
1   8   100        9684       19926      20026      73         700        1  Right
3   7   100        9836       20026      20027      74         300        1  Right
0   13  500        9687       20026      20427      74         2500       1  Right
1   6   500        9695       20026      20428      74         2000       1  Left 
14  2   100        9692       20427      20429      76         600        1  Right
11  2   100        9703       20429      20529      78         500        1  Right
1   5   500        9698       20428      20530      77         3500       1  Left 
2   14  500        9718       20529      20730      79         3000       1  Right
0   14  100        9719       20730      20830      81         300        1  Right
1   10  500        9709       20530      21031      80         2500       1  Left 
10  2   100        9766       21031      21032      83         300        1  Right
8   0   500        9750       20830      21232      82         1000       1  Right
6   11  500        9712       21031      21433      83         3500       1  Left 
13  1   100        9714       21433      21533      86         600        1  Left 
0   5   500        9796       21232      21733      85         2000       1  Right
1   10  500        9716       21533      22034      87         2500       1  Left 
2   11  500        9734       21733      22234      88         2500       1  Right
15  8   100        9693       22234      22334      90         700        1  Right
14  6   100        9741       22334      22434      91         1000       1  Right
14  6   100        9745       22434      22534      92         1000       1  Right
1   4   500        9727       22034      22535      89         500        1  Left 
8   6   100        9754       22534      22635      93         500        1  Right
9   4   100        9773       22535      22636      94         700        1  Left 
6   1   100        9747       22636      22736      96         400        1  Left 
6   0   100        9751       22736      22836      97         900        1  Left 
9   6   100        9774       22836      22837      98         1000       1  Left 
11  6   100        9781       22837      22937      99         700        1  Left 
2   10  500        9807       22635      23037      95         1500       1  Right
5   0   100        9755       23037      23137      101        400        1  Right
10  0   100        9793       23137      23237      102        600        1  Right
11  5   100        9806       23237      23337      103        600        1  Right
6   14  500        9787       22937      23438      100        3000       1  Left 
5   11  500        9832       23337      23838      104        3000       1  Right
7   5   100        9842       23838      23938      106        500        1  Right
1   13  500        9740       23438      23939      105        3000       1  Left 
9   2   100        9848       23938      24039      107        200        1  Right
1   6   500        9788       23939      24440      108        2000       1  Left 
15  3   500        9792       24440      24940      110        1500       1  Left 
6   7   500        9841       24440      24941      110        4000       1  Right
0   4   100        9796       24941      24942      112        600        1  Left 
9   6   100        9929       24941      24943      111        600        1  Right
4   0   100        9798       24942      25043      113        600        1  Left 
13  1   100        9797       25043      25143      115        1000       1  Right
15  12  500        9807       24940      25342      111        500        1  Right
4   9   500        9804       25143      25644      116        3500       1  Left 
0   8   100        9807       25644      25744      118        200        1  Right
5   0   100        9850       25744      25844      119        400        1  Right
1   13  500        9823       25644      26145      118        3000       1  Left 
2   9   500        9889       25844      26345      120        1000       1  Right
0   10  500        9839       26145      26646      121        5000       1  Left 
0   4   500        9844       26646      27146      123        3000       1  Left 
12  7   100        9846       27146      27246      124        700        1  Left 
13  1   100        9849       27246      27346      125        600        1  Left 
5   1   100        9852       27346      27446      126        700        1  Left 
5   7   500        9868       27446      27946      127        2500       1  Right
1   13  500        9875       27446      27947      127        3000       1  Left 
4   0   100        9886       27947      28047      129        600        1  Left 
1   5   500        9889       28047      28547      130        3500       1  Left 
13  3   100        9911       28547      28647      130        700        1  Left 
7   1   100        9913       28647      28747      131        400        1  Right
13  8   100        9915       28647      28748      131        300        1  Right
7   1   100        9913       28747      28749      132        400        1  Right
14  1   100        9945       28749      28849      134        200        1  Right
0   4   500        9922       28748      29150      133        5000       1  Right
6   14  500        9917       29150      29650      136        3000       1  Left 
5   4   100        9933       29650      29750      137        600        1  Right
0   6   100        9950       29750      29850      138        700        1  Right
8   6   100        9956       29850      29950      139        500        1  Right
0   9   100        10022      29850      29951      138        100        1  Right
1   14  500        9966       29650      30151      137        1000       1  Right
4   5   500        9957       29950      30452      140        3000       1  Right
1   7   500        9972       30151      30652      142        2000       1  Right
3   15  100        9937       30652      30752      144        300        1  Left 
4   1   100        9958       30752      30852      145        100        1  Left 
6   8   500        9969       30452      30953      143        2500       1  Right
14  2   100        9999       30953      31053      147        600        1  Right
15  3   500        9966       30852      31353      146        1500       1  Left 
8   13  500        10003      31053      31554      147        1500       1  Right
4   0   100        10032      31554      31555      149        1000       1  Right
9   6   100        10060      31555      31655      150        600        1  Right
1   7   500        9975       31353      31755      149        2000       1  Right
3   13  100        10010      31755      31855      152        900        1  Right
7   2   100        10020      31855      31955      153        400        1  Right
1   4   500        9999       31755      32255      153        500        1  Left 
6   1   100        10021      32255      32355      155        400        1  Left 
2   14  500        10025      31955      32456      154        3000       1  Right
7   0   100        10036      32456      32556      157        100        1  Right
10  0   100        10046      32556      32557      158        600        1  Right
1   6   500        10062      32355      32757      156        2000       1  Left 
7   3   500        10138      32556      32758      158        1500       1  Right
0   4   500        10070      32757      33057      160        5000       1  Right
11  5   100        10057      33057      33157      162        600        1  Right
6   14  500        10049      33057      33557      162        3000       1  Left 
2   7   500        10063      33157      33558      163        2000       1  Right
5   11  500        10083      33557      33958      164        5000       1  Left 
14  2   100        10052      33958      34058      166        1000       1  Left 
0   7   500        10087      33558      34059      165        500        1  Right
6   9   500        10060      34058      34060      167        3000       1  Right
7   12  500        10153      34059      34061      168        3500       1  Left 
3   7   100        10184      34061      34161      170        300        1  Right
12  7   100        10204      34161      34162      171        700        1  Left 
6   9   500        10081      34060      34462      169        3000       1  Right
2   14  500        10078      34462      34962      173        3000       1  Right
0   10  500        10092      34962      34963      174        3000       1  Right
6   11  500        10093      34962      34964      174        3500       1  Left 
0   6   100        10099      34964      35064      176        700        1  Right
9   1   100        10101      35064      35164      177        600        1  Right
14  6   100        10104      35164      35264      178        600        1  Left 
9   2   100        10205      35164      35265      178        200        1  Right
6   0   100        10116      35264      35365      179        900        1  Left 
4   0   100        10117      35365      35465      181        600        1  Left 
4   1   100        10119      35465      35565      182        100        1  Left 
14  5   100        10129      35465      35566      182        700        1  Right
11  1   100        10128      35566      35666      184        300        1  Right
10  0   100        10156      35566      35667      184        600        1  Right
11  1   100        10128      35666      35767      185        300        1  Right
0   6   500        10162      35667      36168      186        3500       1  Right
1   9   500        10147      36168      36668      188        3000       1  Right
4   5   500        10206      36168      36669      188        3000       1  Right
8   0   500        10165      36668      37169      189        1000       1  Right
1   4   500        10151      36669      37170      190        500        1  Left 
5   14  500        10170      37169      37670      191        3500       1  Right
5   4   100        10185      37670      37770      193        600        1  Right
5   6   100        10186      37770      37870      194        300        1  Right
1   11  500        10164      37670      38170      193        1500       1  Right
6   9   500        10201      37870      38371      195        3000       1  Right
1   11  500        10167      38170      38671      196        1500       1  Right
0   10  500        10202      38371      38872      197        3000       1  Right
6   0   100        10211      38872      38972      199        700        1  Right
11  2   100        10216      38972      39072      200        500        1  Right
6   1   100        10315      38972      39073      200        400        1  Left 
5   2   100        10230      39072      39172      201        100        1  Right
0   8   100        10222      39072      39173      201        200        1  Right
11  0   100        10232      39173      39273      204        200        1  Right
10  0   100        10249      39273      39373      205        1000       1  Left 
2   9   500        10246      39173      39674      204        1000       1  Right
0   6   500        10261      39373      39874      206        4500       1  Left 
2   11  500        10249      39874      40374      208        2500       1  Right
2   5   500        10261      40374      40874      209        500        1  Right
0   11  500        10273      40374      40875      209        1000       1  Right
9   6   100        10293      40874      40975      210        600        1  Right
7   0   100        10289      40875      40976      211        100        1  Right
5   6   100        10298      40975      41076      212        300        1  Right
2   4   500        10494      40976      41477      211        4500       1  Left 
0   10  500        10295      41477      41977      215        3000       1  Right
9   5   100        10318      41977      41978      216        300        1  Right
10  0   100        10341      41977      41979      216        1000       1  Left 
5   9   500        10344      41978      42479      217        1500       1  Right
0   5   100        10324      42479      42579      219        400        1  Right
5   6   100        10352      42579      42679      220        300        1  Right
0   7   500        10340      42579      43079      220        500        1  Right
1   6   500        10358      42679      43180      221        2000       1  Left 
4   6   100        10444      43180      43280      221        300        1  Right
0   10  500        10387      43079      43580      222        3000       1  Right
4   2   100        10468      43580      43680      223        900        1  Left 
15  8   100        10557      43680      43780      222        900        1  Left 
6   5   500        10376      43580      44080      225        1500       1  Right
14  5   100        10380      44080      44180      228        700        1  Right
6   14  500        10391      44180      44680      229        3000       1  Left 
6   0   100        10401      44680      44780      228        700        1  Right
14  1   100        10481      44680      44781      228        200        1  Right
7   0   100        10403      44780      44881      229        100        1  Right
14  1   100        10481      44781      44881      230        200        1  Right
6   5   500        10463      44780      45281      229        1500       1  Right
10  0   100        10438      45281      45381      232        600        1  Right
7   3   500        10490      44881      45382      231        1500       1  Right
0   6   500        10448      45381      45383      233        3500       1  Right
7   12  500        10505      45382      45384      232        3500       1  Left 
4   6   100        10530      45384      45484      234        300        1  Right
5   14  500        10421      45384      45884      236        3500       1  Right
5   1   100        10483      45884      45984      238        700        1  Left 
0   7   500        10454      45884      46384      238        500        1  Right
1   14  500        10502      45984      46485      239        1000       1  Right
0   10  500        10484      46384      46885      240        3000       1  Right
11  0   100        10485      46885      46985      242        200        1  Right
1   14  500        10505      46485      46986      239        1000       1  Right
6   0   100        10500      46985      47086      243        700        1  Right
3   7   100        10547      46986      47087      242        300        1  Right
6   1   100        10502      47086      47187      245        400        1  Left 
7   0   100        10511      47087      47188      244        100        1  Right
14  2   100        10520      47188      47189      246        600        1  Right
1   5   500        10519      47187      47589      245        3500       1  Left 
0   11  500        10526      47189      47690      247        1000       1  Right
2   14  500        10546      47589      48090      248        5000       1  Left 
10  0   100        10530      48090      48190      250        600        1  Right
14  0   100        10536      48190      48290      251        300        1  Right
9   5   100        10569      48190      48291      251        300        1  Right
5   2   100        10572      48291      48391      253        100        1  Right
1   6   500        10550      48090      48591      250        2000       1  Left 
0   14  500        10562      48290      48792      252        1500       1  Right
12  7   100        10569      48792      48793      256        700        1  Left 
6   9   500        10565      48591      48993      255        3000       1  Right
0   7   500        10569      48793      49294      257        500        1  Right
6   5   500        10587      48993      49494      258        1500       1  Right
6   4   100        10593      49494      49594      260        300        1  Right
8   0   500        10549      49294      49795      259        1000       1  Right
11  0   100        10583      49795      49895      262        200        1  Right
1   8   100        10589      49895      49995      263        700        1  Right
2   5   500        10603      49494      49996      260        500        1  Right
4   6   500        10624      49594      50095      261        1500       1  Right
7   0   100        10632      49995      50096      264        100        1  Right
10  1   100        10636      50095      50195      266        500        1  Left 
11  0   100        10666      50096      50197      267        200        1  Right
5   9   500        10595      49996      50198      265        1500       1  Right
2   8   100        10617      50198      50298      270        100        1  Right
0   10  500        10576      50197      50399      269        5000       1  Left 
0   2   100        10603      50399      50499      272        300        1  Right
5   6   100        10648      50399      50500      272        300        1  Right
0   2   100        10606      50499      50600      273        300        1  Right
4   6   100        10658      50500      50601      274        300        1  Right
0   11  500        10624      50600      51101      275        1000       1  Right
8   15  500        10608      50601      51102      276        3500       1  Right
0   4   100        10626      51101      51202      277        600        1  Left 
9   1   100        10640      51202      51302      279        600        1  Right
9   1   100        10640      51302      51402      280        600        1  Right
6   4   500        10684      51202      51703      279        1500       1  Right
8   1   500        10648      51402      51903      281        3500       1  Right
6   4   500        10725      51703      51904      282        1500       1  Right
1   10  500        10677      51903      52104      283        5500       1  Right
10  1   100        10719      52104      52204      285        500        1  Left 
4   1   100        10721      52204      52304      286        100        1  Left 
10  1   100        10800      52304      52404      287        500        1  Left 
8   2   500        10677      52104      52604      285        500        1  Right
0   7   500        10683      52104      52605      285        500        1  Right
1   9   500        10686      52604      53105      289        5000       1  Left 
0   11  500        10715      52605      53106      290        1000       1  Right
7   0   100        10732      53106      53206      292        100        1  Right
11  0   100        10757      53206      53306      293        200        1  Right
1   9   500        10689      53105      53606      291        5000       1  Left 
9   2   100        10742      53606      53706      295        200        1  Right
0   7   500        10783      53306      53807      294        500        1  Right
1   4   500        10752      53606      54108      295        500        1  Left 
2   9   500        10783      53706      54207      296        1000       1  Right
0   11  500        10798      53807      54308      297        1000       1  Right
9   0   100        10758      54308      54408      300        100        1  Right
14  0   100        10789      54408      54508      301        300        1  Right
1   10  500        10760      54108      54609      298        2500       1  Left 
4   2   100        10795      54609      54709      303        700        1  Right
0   9   500        10809      54508      55009      301        500        1  Right
6   4   500        10807      54709      55210      303        1500       1  Right
0   14  500        10815      55009      55510      304        1500       1  Right
7   0   100        10836      55510      55610      306        100        1  Right
11  0   100        10844      55610      55710      307        200        1  Right
2   4   500        10821      55210      55711      305        3500       1  Right
7   3   500        10853      55710      56211      308        1500       1  Right
1   10  500        10841      55711      56212      309        2500       1  Left 
14  0   100        10858      56211      56312      310        300        1  Right
6   4   100        10845      56212      56313      311        300        1  Right
4   6   100        10862      56313      56413      313        300        1  Right
8   10  500        10922      56212      56713      309        2000       1  Right
0   14  500        10884      56312      56813      312        1500       1  Right
4   6   500        10871      56413      56914      314        1500       1  Right
2   0   500        10880      56813      57314      316        1500       1  Right
6   2   100        10900      57314      57414      318        400        1  Right
7   12  500        10868      56914      57415      317        3500       1  Left 
3   0   100        10885      57415      57515      320        400        1  Right
4   5   100        10887      57415      57516      320        600        1  Right
10  3   100        10892      57516      57616      322        600        1  Left 
10  8   100        10896      57616      57716      323        400        1  Right
0   11  500        10887      57515      58016      321        1000       1  Right
5   4   500        10908      57716      58217      322        3000       1  Right
0   7   500        10887      58016      58517      325        500        1  Right
6   5   500        10922      58217      58718      324        1500       1  Right
2   0   500        10891      58517      59018      327        1500       1  Right
3   8   100        10923      59018      59118      327        600        1  Right
8   3   100        10960      59118      59218      328        600        1  Right
1   10  500        10994      58718      59219      326        2500       1  Left 
12  0   100        10905      59219      59319      330        800        1  Right
14  0   100        10911      59319      59419      331        300        1  Right
0   1   100        10922      59419      59519      332        500        1  Right
11  0   100        10936      59519      59619      333        200        1  Right
2   6   500        10936      59319      59820      331        2000       1  Right
10  1   100        10953      59820      59920      335        500        1  Left 
5   1   100        10965      59920      60020      336        700        1  Left 
0   14  500        10937      59619      60120      334        1500       1  Right
5   1   100        10965      60020      60121      337        700        1  Left 
14  0   100        10963      60120      60221      338        300        1  Right
7   0   100        10997      60221      60321      340        100        1  Right
9   0   100        11011      60321      60421      340        100        1  Right
14  0   100        11020      60421      60521      341        300        1  Right
1   5   500        11001      60121      60622      339        3500       1  Left 
0   6   100        10941      60622      60722      344        700        1  Right
11  1   100        11014      60622      60723      343        300        1  Right
5   2   100        11040      60722      60823      344        100        1  Right
6   4   500        11144      60722      61223      343        1500       1  Right
0   11  500        10977      60723      61224      346        1000       1  Right
3   10  100        11001      61223      61324      348        600        1  Left 
0   14  500        10989      61224      61725      349        1500       1  Right
1   5   500        11004      61324      61825      349        3500       1  Left 
10  1   100        11038      61825      61925      351        500        1  Left 
0   14  500        11046      61725      62226      350        1500       1  Right
2   5   500        11071      61825      62327      351        500        1  Right
1   11  500        11050      62226      62726      353        1500       1  Right
0   7   500        11048      62226      62727      353        500        1  Right
5   0   100        11056      62727      62827      356        400        1  Right
1   10  500        11079      62726      63227      355        2500       1  Left 
11  1   100        11087      63227      63327      358        300        1  Right
0   9   500        11062      62827      63328      357        500        1  Right
5   4   500        11159      63227      63729      357        3000       1  Right
1   11  500        11123      63327      63828      358        1500       1  Right
3   10  100        11266      63828      63928      360        600        1  Left 
0   5   500        11097      63729      64230      361        2000       1  Right
14  0   100        11072      64230      64330      364        300        1  Right
4   5   100        11138      64230      64331      363        600        1  Right
0   14  500        11098      64330      64831      365        1500       1  Right
7   0   100        11104      64831      64931      366        100        1  Right
14  1   100        11130      64831      64932      366        200        1  Right
9   0   100        11142      64931      65032      367        100        1  Right
1   14  500        11151      64932      65433      368        1000       1  Right
0   7   500        11155      65032      65533      369        500        1  Right
6   1   100        11153      65433      65534      370        400        1  Left 
0   3   500        11178      65533      66034      371        2000       1  Right
11  1   100        11155      66034      66134      373        300        1  Right
14  1   100        11173      66134      66234      374        200        1  Right
0   12  500        11193      66034      66535      373        4000       1  Right
1   11  500        11191      66234      66735      375        1500       1  Right
0   9   500        11193      66535      67036      376        500        1  Right
1   14  500        11194      66735      67236      377        1000       1  Right
1   0   500        11195      67236      67736      379        2500       1  Right
4   1   100        11199      67736      67836      380        100        1  Left 
9   0   100        11263      67736      67836      379        100        1  Right
11  3   100        11240      67736      67837      379        200        1  Right
4   1   100        11199      67836      67937      381        100        1  Left 
11  8   100        11244      67837      67938      381        400        1  Right
8   3   100        11255      67938      68038      383        600        1  Right
3   0   100        11267      68038      68138      384        400        1  Right
1   6   500        11205      67937      68438      382        2000       1  Left 
8   11  500        11275      68138      68639      385        2000       1  Right
0   6   100        11220      68639      68739      387        700        1  Right
3   13  100        11323      68739      68839      387        900        1  Right
1   4   500        11230      68438      68939      386        500        1  Left 
3   11  100        11334      68839      68940      388        200        1  Right
7   1   100        11204      68939      68941      390        1200       1  Left 
3   11  100        11336      68940      68942      390        200        1  Right
7   15  100        11320      68941      69041      391        1000       1  Right
1   4   500        11233      68941      69442      392        500        1  Left 
14  1   100        11221      69442      69542      395        200        1  Right
4   2   100        11269      69442      69543      395        700        1  Right
0   1   100        11234      69542      69643      396        500        1  Right
6   2   100        11283      69543      69644      397        400        1  Right
0   6   100        11235      69644      69744      399        700        1  Right
4   0   100        11288      69744      69844      400        1000       1  Right
12  0   100        11294      69844      69944      401        800        1  Right
1   14  500        11242      69643      70144      398        1000       1  Right
2   4   500        11295      69944      70445      402        3500       1  Right
5   0   100        11309      70445      70545      403        400        1  Right
1   7   500        11250      70144      70645      403        2000       1  Right
9   0   100        11381      70545      70645      404        100        1  Right
14  3   100        11292      70645      70745      406        100        1  Right
14  8   100        11296      70745      70845      407        500        1  Right
11  1   100        11311      70845      70945      407        300        1  Right
2   6   500        11319      70545      71046      404        2000       1  Right
8   14  500        11342      70945      71446      408        2500       1  Right
10  3   500        11293      71046      71547      410        3000       1  Left 
0   3   500        11309      71547      72047      411        2000       1  Right
5   6   500        11407      71547      72048      411        1500       1  Right
1   11  500        11347      72047      72547      412        1500       1  Right
0   9   500        11314      72047      72548      412        500        1  Right
13  3   500        11336      72547      73048      414        3500       1  Left 
0   4   500        11324      73048      73548      416        3000       1  Left 
0   12  500        11330      73548      74048      417        4000       1  Right
11  3   500        11351      73548      74049      417        1000       1  Right
3   14  100        11370      74049      74149      419        100        1  Right
0   5   500        11350      74048      74549      418        2000       1  Right
6   5   100        11386      74549      74649      421        300        1  Right
15  7   500        11376      74149      74650      420        3000       1  Left 
0   9   500        11432      74549      75051      421        500        1  Right
3   8   500        11385      74650      75151      423        5000       1  Left 
11  1   100        11394      75151      75251      425        300        1  Right
7   6   100        11431      75151      75252      425        800        1  Right
7   15  100        11573      75252      75253      427        1000       1  Right
1   11  500        11430      75251      75254      426        1500       1  Right
15  7   500        11629      75253      75355      427        5000       1  Right
3   0   100        11414      75355      75455      430        400        1  Right
5   0   100        11434      75455      75555      431        400        1  Right
7   15  100        11744      75455      75556      429        600        1  Left 
12  0   100        11463      75555      75656      432        800        1  Right
0   3   500        11445      75656      76156      434        2000       1  Right
0   5   500        11475      76156      76656      435        2000       1  Right
3   0   100        11478      76656      76756      436        400        1  Right
9   0   100        11492      76756      76856      437        100        1  Right
0   12  500        11499      76856      77356      438        4000       1  Right
0   3   500        11509      77356      77856      439        2000       1  Right
5   0   100        11517      77856      77956      440        400        1  Right
6   0   500        11520      77956      78456      441        3500       1  Right
1   0   500        11534      78456      78956      442        2500       1  Right
6   0   500        11534      78956      79456      443        3500       1  Right
12  0   100        11535      79456      79556      444        800        1  Right
4   0   100        11541      79556      79656      445        600        1  Left 
3   0   100        11543      79656      79756      446        400        1  Right
12  3   100        11617      79756      79856      446        400        1  Left 
3   14  100        11638      79856      79956      447        100        1  Right
0   9   500        11543      79756      80256      447        500        1  Right
14  3   500        11656      79956      80457      448        500        1  Right
0   5   500        11565      80256      80757      450        2000       1  Right
0   6   100        11567      80757      80857      452        700        1  Right
0   12  500        11571      80857      81357      453        4000       1  Right
6   5   100        11637      81357      81457      453        300        1  Right
0   4   500        11582      81357      81857      454        3000       1  Left 
9   0   100        11594      81857      81957      456        100        1  Right
5   0   100        11606      81957      82057      456        400        1  Right
3   12  500        11695      81857      82358      455        2000       1  Left 
5   6   500        11658      82057      82557      457        1500       1  Right
0   9   500        11645      82057      82558      457        500        1  Right
4   0   100        11638      82558      82658      460        600        1  Left 
0   5   500        11647      82658      83158      461        2000       1  Right
0   4   500        11674      83158      83658      462        3000       1  Left 
9   1   100        11692      83658      83758      463        600        1  Right
6   1   100        11698      83758      83858      464        400        1  Left 
5   0   100        11702      83758      83859      463        400        1  Right
6   1   100        11698      83858      83959      465        400        1  Left 
0   5   500        11743      83859      84360      465        2000       1  Right
6   7   500        11703      83959      84460      466        4000       1  Left 
4   0   100        11711      84460      84560      468        600        1  Left 
6   2   100        11798      84460      84561      468        400        1  Right
12  0   100        11719      84560      84661      469        800        1  Left 
1   9   500        11738      84661      85161      471        3000       1  Right
5   0   100        11785      85161      85261      472        400        1  Right
1   6   500        11741      85161      85661      472        2000       1  Left 
1   6   500        11747      85661      86161      474        2000       1  Left 
0   4   500        11749      86161      86661      475        3000       1  Left 
2   6   500        11834      86161      86662      475        2000       1  Right
0   12  500        11755      86661      87162      476        4000       1  Left 
9   1   100        11785      87162      87262      478        600        1  Right
15  7   500        11800      87262      87762      479        3000       1  Left 
0   5   500        11826      87262      87763      479        2000       1  Right
12  1   100        11843      87762      87863      480        300        1  Left 
4   0   100        11802      87863      87963      482        600        1  Left 
6   0   100        11825      87963      88063      483        700        1  Right
1   9   500        11831      88063      88563      484        3000       1  Right
0   4   500        11838      88563      89063      485        3000       1  Left 
0   6   500        11871      89063      89563      486        3500       1  Right
1   12  500        11874      89063      89564      486        1500       1  Left 
0   3   100        11872      89563      89565      487        400        1  Right
9   1   100        11882      89564      89566      488        1000       1  Left 
6   0   500        11873      89566      90066      490        3500       1  Right
1   12  500        11925      89566      90067      490        1500       1  Left 
5   1   100        11883      90067      90167      492        700        1  Left 
12  1   100        11894      90167      90267      493        300        1  Left 
4   0   100        11898      90267      90367      494        600        1  Left 
3   1   100        11924      90367      90467      495        100        1  Right
0   4   500        11934      90367      90868      495        5000       1  Right
0   2   100        11960      90868      90968      497        300        1  Right
1   5   500        11925      90868      91368      497        3500       1  Left 
1   9   500        11928      91368      91868      499        3000       1  Right
4   0   100        11978      91868      91968      500        1000       1  Right
1   3   500        11937      91868      92368      500        500        1  Right
0   4   500        12014      91968      92469      501        5000       1  Right
12  1   100        11957      92469      92569      503        300        1  Left 
9   3   100        12014      92469      92570      503        500        1  Right
5   1   100        11973      92569      92571      504        700        1  Left 
9   8   100        12018      92570      92571      505        100        1  Right
3   0   100        12017      92570      92572      505        400        1  Right
3   11  100        12051      92572      92672      507        200        1  Right
8   9   500        12039      92571      93071      506        500        1  Right
1   12  500        11988      92571      93072      506        1500       1  Left 
3   8   100        12051      93071      93073      509        600        1  Right
1   5   500        12012      93072      93474      510        3500       1  Left 
12  1   100        12020      93474      93574      512        300        1  Left 
6   0   100        12078      93474      93575      512        700        1  Right
12  3   100        12028      93574      93675      513        400        1  Left 
5   1   100        12044      93675      93775      515        700        1  Left 
4   1   100        12050      93775      93875      516        100        1  Left 
0   3   500        12048      93675      94176      515        2000       1  Right
11  3   100        12065      94176      94177      518        200        1  Right
1   12  500        12051      93875      94277      517        1500       1  Left 
0   6   500        12124      94176      94579      517        3500       1  Right
9   1   100        12065      94579      94679      521        600        1  Right
8   3   100        12083      94679      94680      522        600        1  Right
1   5   500        12080      94679      95080      522        3500       1  Left 
1   4   500        12083      95080      95580      524        500        1  Left 
8   5   500        12161      95080      95581      523        1000       1  Right
3   1   100        12087      95580      95681      525        100        1  Right
1   9   500        12111      95681      96181      526        3000       1  Right
1   3   500        12113      96181      96681      527        500        1  Right
4   1   100        12123      96681      96781      528        100        1  Left 
3   9   100        12124      96681      96782      528        500        1  Right
5   3   100        12126      96782      96882      530        800        1  Right
5   8   100        12130      96882      96982      531        200        1  Right
3   0   100        12150      96882      96983      531        400        1  Right
5   3   100        12131      96983      97083      533        800        1  Right
3   7   100        12159      97083      97183      534        300        1  Right
6   0   100        12186      97083      97184      534        700        1  Right
1   4   500        12154      96781      97282      529        500        1  Left 
9   1   100        12160      97282      97283      537        1000       1  Left 
4   1   100        12181      97283      97383      538        100        1  Left 
0   3   500        12181      97184      97384      536        2000       1  Right
1   9   500        12206      97383      97385      538        5000       1  Left 
7   3   500        12182      97384      97588      540        1500       1  Right
0   6   500        12232      97385      97885      540        3500       1  Right
1   4   500        12212      97385      97886      540        500        1  Left 
7   0   100        12186      97885      97986      543        100        1  Right
3   5   500        12228      97886      98387      543        4000       1  Left 
2   0   500        12241      97986      98487      544        1500       1  Right
4   3   100        12258      98387      98488      545        200        1  Left 
4   8   100        12262      98488      98588      547        800        1  Right
4   3   100        12263      98588      98688      548        200        1  Left 
0   7   500        12246      98487      98988      546        500        1  Right
0   2   100        12269      98988      99088      550        300        1  Right
6   0   100        12280      99088      99188      551        700        1  Right
3   4   500        12287      98688      99189      549        1000       1  Left 
0   6   500        12326      99188      99689      551        3500       1  Right
3   12  500        12313      99189      99690      552        2000       1  Left 
7   0   100        12356      99689      99790      553        100        1  Right
3   14  100        12351      99690      99790      554        100        1  Right
8   4   500        12300      99690      100191     555        4000       1  Right
0   7   500        12407      99790      100291     555        500        1  Right
12  3   100        12330      100191     100292     556        400        1  Left 
6   0   100        12372      100291     100392     557        700        1  Right
14  3   100        12369      100292     100393     558        100        1  Right
12  3   100        12392      100393     100493     560        400        1  Left 
3   12  100        12400      100493     100593     561        400        1  Left 
0   6   500        12418      100392     100893     559        3500       1  Right
12  8   100        12396      100893     100993     563        600        1  Right
3   4   500        12405      100593     101094     562        1000       1  Left 
3   9   100        12413      101094     101194     565        500        1  Right
3   4   100        12414      101194     101294     566        200        1  Left 
8   12  500        12432      100993     101494     564        3000       1  Right
6   0   100        12469      101494     101594     568        700        1  Right
4   3   500        12427      101294     101795     567        1000       1  Left 
12  1   100        12473      101795     101895     570        300        1  Left 
0   6   500        12515      101594     102095     569        3500       1  Right
9   3   500        12439      102095     102595     572        2500       1  Right
8   3   100        12449      102595     102695     573        600        1  Right
3   5   100        12456      102695     102795     574        800        1  Right
3   12  100        12492      102795     102895     575        400        1  Left 
7   0   100        12522      102795     102896     575        100        1  Right
3   12  100        12495      102895     102996     576        400        1  Left 
2   0   500        12546      102896     103397     577        1500       1  Right
12  3   500        12503      102996     103497     578        2000       1  Left 
6   0   100        12561      103397     103498     579        700        1  Right
1   12  500        12504      103497     103998     580        1500       1  Left 
3   8   500        12532      103498     103999     581        3000       1  Right
6   1   100        12649      103998     104099     581        400        1  Left 
0   2   100        12569      103999     104100     583        300        1  Right
6   1   100        12743      104099     104200     583        400        1  Left 
3   5   100        12774      104200     104300     585        800        1  Left 
6   1   100        12824      104300     104400     585        400        1  Left 
0   7   500        12583      104100     104601     585        500        1  Right
0   6   500        12607      104601     105101     588        3500       1  Right
7   0   100        12634      105101     105201     589        100        1  Right
1   6   500        12690      105101     105602     589        2000       1  Left 
0   7   500        12685      105201     105702     590        500        1  Right
7   3   100        12738      105702     105802     592        300        1  Right
1   6   500        12787      105602     106103     591        2000       1  Left 
2   0   500        12846      105702     106204     591        1500       1  Right
3   7   500        12821      105802     106303     592        1500       1  Right
1   6   500        12865      106103     106604     593        2000       1  Left 
5   3   500        12787      106303     106804     596        4000       1  Right
7   0   100        12860      106804     106904     597        100        1  Right
6   3   100        12916      106804     106905     596        500        1  Left 
0   1   100        12874      106905     107005     599        500        1  Right
0   6   100        12875      107005     107105     600        700        1  Right
6   3   100        12921      107105     107205     600        500        1  Left 
3   5   100        12947      107205     107305     601        800        1  Left 
5   3   100        12960      107305     107405     602        800        1  Left 
0   7   500        12911      107105     107605     600        500        1  Right
3   7   100        12947      107605     107705     604        300        1  Right
3   6   500        12952      107705     108205     605        2500       1  Left 
7   3   100        12973      108205     108305     606        300        1  Right
7   1   100        12981      108305     108405     607        400        1  Right
7   3   100        12982      108405     108505     608        300        1  Right
3   6   100        13009      108505     108605     609        500        1  Left 
3   6   100        13020      108605     108705     610        500        1  Left 
1   7   500        13027      108705     109205     611        2000       1  Right
6   3   500        13038      109205     109705     612        2500       1  Left 
3   7   500        13077      109705     109706     613        1500       1  Right
1   0   500        13146      109705     109707     609        5500       1  Left 
7   1   100        13156      109707     109807     611        400        1  Right
7   1   100        13249      109807     109907     612        400        1  Right
7   1   100        13342      109907     110007     613        400        1  Right
7   3   100        13350      110007     110107     614        300        1  Right
6   0   500        13175      109707     110208     611        3500       1  Right
0   7   100        13169      110208     110308     616        100        1  Right
1   7   500        13202      110308     110808     617        2000       1  Right
1   7   500        13295      110808     111308     618        2000       1  Right
1   7   500        13388      111308     111808     619        2000       1  Right
7   0   500        13481      111808     112308     620        500        1  Right
0   1   100        13532      112308     112408     620        500        1  Right
3   7   500        13647      112408     112409     620        1500       1  Right
1   0   500        13804      112408     112410     618        5500       1  Left 
7   3   100        13679      112409     112510     621        300        1  Right
3   6   100        13715      112510     112610     621        500        1  Left 
6   3   100        13733      112610     112710     622        500        1  Left 
7   3   100        13741      112710     112810     623        300        1  Right
7   8   100        13745      112810     112910     624        300        1  Right
12  3   100        13785      112810     112911     624        400        1  Left 
3   7   100        13764      112911     113011     626        300        1  Right
3   12  100        13777      113011     113111     627        400        1  Left 
8   7   500        13766      113011     113511     627        1500       1  Right
3   8   100        13777      113511     113611     629        600        1  Right
7   1   100        13792      113611     113711     630        400        1  Right
8   3   100        13808      113711     113811     631        600        1  Right
0   7   100        13827      113811     113911     632        100        1  Right
8   3   100        14747      113811     113912     626        1000       1  Left 
7   0   500        14139      113911     114412     631        500        1  Right
0   6   100        14189      114412     114512     633        700        1  Right
1   7   500        13838      114412     114912     635        2000       1  Right
3   7   100        13849      114912     114913     637        300        1  Right
0   1   100        14190      114912     114914     635        1100       1  Left 
3   7   100        14788      114913     114915     632        300        1  Right
1   0   500        14213      114914     114916     635        5500       1  Left 
7   3   500        14811      114915     114917     633        1500       1  Right
0   1   100        14236      114916     114918     637        1100       1  Left 
6   0   500        14486      114918     115418     638        3500       1  Right
1   0   500        14508      115418     115918     639        2500       1  Right
0   1   100        14528      115918     116018     640        500        1  Right
0   1   100        14530      116018     116118     641        500        1  Right
1   0   500        14800      116118     116618     641        2500       1  Right
1   0   500        14811      116618     117118     641        2500       1  Right
0   2   100        14829      117118     117218     642        300        1  Right
3   8   500        14855      117218     117718     643        3000       1  Right
2   0   500        15106      117718     118218     644        1500       1  Right
0   1   100        15146      118218     118318     645        500        1  Right
0   2   100        15149      118318     118418     646        300        1  Right
1   0   500        15418      118418     118918     643        2500       1  Right
2   0   500        15426      118918     119418     644        1500       1  Right
0   1   100        15437      119418     119518     645        500        1  Right
1   0   500        15458      119518     120018     646        2500       1  Right
0   1   100        15490      120018     120118     647        500        1  Right
1   0   500        15762      120118     120618     648        2500       1  Right
0   8   100        15788      120618     120718     649        200        1  Right
0   2   100        15790      120718     120818     650        300        1  Right
2   0   500        16068      120818     121318     650        1500       1  Right
0   2   100        16092      121318     121418     651        300        1  Right
0   6   100        16093      121418     121518     652        700        1  Right
8   0   500        16115      121518     122018     653        1000       1  Right
2   0   500        16369      122018     122518     653        1500       1  Right
6   0   500        16392      122518     123018     654        3500       1  Right
0   2   100        16402      123018     123118     655        300        1  Right
2   0   500        16679      123118     123618     652        1500       1  Right
0   8   100        16704      123618     123718     653        200        1  Right
0   2   100        16706      123718     123818     654        300        1  Right
2   0   500        16984      123818     124318     653        1500       1  Right
0   1   100        17018      124318     124418     654        500        1  Right
8   0   500        17031      124418     124918     655        1000       1  Right
0   2   100        17090      124918     125018     656        300        1  Right
1   0   500        17290      125018     125518     655        2500       1  Right
2   0   500        17367      125518     126018     655        1500       1  Right
0   2   100        17398      126018     126118     656        300        1  Right
2   0   500        17675      126118     126618     655        1500       1  Right
0   2   100        17702      126618     126718     656        300        1  Right
2   0   500        17979      126718     127218     655        1500       1  Right
0   2   100        18010      127218     127318     656        300        1  Right
2   0   500        18287      127318     127818     655        1500       1  Right
0   2   100        18320      127818     127918     656        300        1  Right
0   6   100        18322      127918     128018     657        700        1  Right
2   0   500        18597      128018     128518     656        1500       1  Right
6   0   500        18620      128518     129018     656        3500       1  Right
0   8   100        18624      129018     129118     657        200        1  Right
0   2   100        18624      129118     129218     658        300        1  Right
2   0   500        18904      129218     129718     657        1500       1  Right
0   2   100        18931      129718     129818     656        300        1  Right
8   0   500        18951      129818     130318     657        1000       1  Right
2   0   500        19208      130318     130818     654        1500       1  Right
0   2   100        19230      130818     130918     653        300        1  Right
2   0   500        19507      130918     131418     653        1500       1  Right
0   2   100        19821      131418     131518     652        300        1  Right
2   0   500        20098      131518     132018     650        1500       1  Right
0   2   100        20121      132018     132118     651        300        1  Right
2   0   500        20398      132118     132618     652        1500       1  Right
0   2   100        20425      132618     132718     653        300        1  Right
2   0   500        20702      132718     133218     649        1500       1  Right
0   2   100        20729      133218     133318     649        300        1  Right
2   0   500        21006      133318     133818     649        1500       1  Right
0   3   100        21028      133818     133918     650        400        1  Right
0   8   100        21030      133918     134018     650        200        1  Right
3   0   500        21320      134018     134518     649        2000       1  Right
0   3   100        21348      134518     134618     650        400        1  Right
8   0   500        21358      134618     135118     651        1000       1  Right
