
116
C:/Users/nxconrad/Desktop/REU 2.0/Benchmark Data/16-core/7/flow_freqmine100#2.txt
810
[0, 3, 9, 2, 13, 11, 4, 15, 12, 6, 14, 5, 10, 8, 7, 1]
10  1   100        6420       6422       6522       0          300        1  Right
10  0   100        6422       6522       6622       1          400        1  Left 
2   15  500        6428       6522       7023       0          2000       1  Right
0   3   500        6423       6622       7123       1          500        1  Right
6   2   500        6435       7023       7524       2          3000       1  Right
12  0   100        6439       7524       7624       4          800        1  Right
15  8   100        6469       7624       7724       5          600        1  Right
1   11  500        6440       7624       8124       5          3000       1  Left 
3   0   100        6455       8124       8224       7          100        1  Right
8   15  500        6520       7724       8225       6          3000       1  Right
11  1   100        6477       8224       8325       8          600        1  Left 
7   8   100        6567       8225       8326       8          100        1  Right
2   6   100        6460       8325       8426       10         600        1  Right
1   5   500        6460       8326       8827       11         2000       1  Right
0   12  500        6475       8426       8927       12         4000       1  Right
12  0   100        6513       8927       9027       14         800        1  Right
0   9   100        6526       9027       9127       14         200        1  Right
1   10  500        6461       8827       9328       13         1500       1  Right
1   5   100        6468       9328       9428       17         400        1  Right
3   13  500        6537       9127       9628       15         1500       1  Right
11  3   100        6551       9628       9728       18         400        1  Right
9   3   100        6564       9728       9828       19         100        1  Right
6   1   500        6485       9428       9929       18         3000       1  Right
10  1   100        6513       9929       10029      22         300        1  Right
3   9   500        6600       9828       10329      20         500        1  Right
1   11  500        6513       10029      10330      23         5000       1  Right
2   0   500        6614       10329      10630      23         1500       1  Right
5   1   500        6529       10330      10831      24         2000       1  Right
0   7   100        6527       10831      10931      26         200        1  Left 
0   12  500        6549       10931      11431      27         4000       1  Right
1   10  500        6554       10931      11432      27         1500       1  Right
0   8   500        6588       11432      11932      29         1500       1  Left 
12  1   100        6596       11932      12032      30         900        1  Left 
1   2   100        6612       12032      12132      31         400        1  Left 
1   0   100        6617       12132      12232      32         100        1  Left 
8   7   500        6588       11932      12432      30         500        1  Right
10  8   100        6595       12432      12532      34         100        1  Right
7   1   100        6613       12432      12533      34         100        1  Right
6   2   500        6677       12132      12634      31         3000       1  Right
8   10  500        6621       12532      13034      34         500        1  Right
1   12  500        6627       12634      13135      36         4500       1  Left 
2   1   500        6633       13135      13635      38         2000       1  Left 
10  3   100        6643       13635      13735      39         1100       1  Right
0   1   500        6638       13635      14135      39         500        1  Left 
15  1   100        6639       14135      14235      41         800        1  Right
9   1   100        6640       14235      14335      42         300        1  Left 
8   0   100        6648       14335      14435      43         300        1  Left 
12  0   100        6660       14435      14535      44         800        1  Right
0   6   100        6672       14535      14635      45         900        1  Right
1   7   500        6664       14435      14936      44         500        1  Right
0   12  500        6696       14635      15136      46         4000       1  Right
0   13  100        6696       15136      15236      48         400        1  Right
1   15  500        6665       15136      15636      48         4000       1  Right
0   3   500        6752       15236      15637      49         500        1  Right
1   9   500        6687       15636      16037      50         6500       1  Right
2   1   100        6692       16037      16137      52         400        1  Left 
15  0   100        6703       16137      16138      53         700        1  Right
6   1   100        6705       16137      16139      53         600        1  Right
15  8   100        6705       16139      16239      55         600        1  Right
2   13  500        6746       16138      16639      54         500        1  Right
8   0   500        6709       16239      16740      56         1500       1  Left 
7   0   100        6710       16740      16840      58         200        1  Left 
15  1   100        6712       16840      16940      59         800        1  Right
8   7   100        6757       16940      17040      60         100        1  Right
8   13  100        6757       17040      17041      61         900        1  Right
8   12  100        6757       17041      17141      62         500        1  Right
8   11  100        6757       17141      17241      63         800        1  Right
1   2   500        6713       16940      17341      60         2000       1  Left 
8   10  100        6757       17241      17342      64         100        1  Right
13  2   100        6725       17341      17441      65         100        1  Right
7   1   100        6721       17341      17442      65         100        1  Right
7   0   100        6723       17442      17542      68         200        1  Left 
9   0   100        6733       17542      17642      69         200        1  Right
8   9   100        6757       17642      17742      70         500        1  Left 
0   8   100        6761       17742      17842      71         300        1  Left 
6   2   500        6747       17441      17942      67         3000       1  Right
7   8   100        6765       17842      17943      72         100        1  Right
12  0   100        6738       17942      18043      73         800        1  Right
1   15  500        6738       18043      18543      75         4000       1  Right
12  1   100        6740       18543      18643      76         700        1  Right
9   1   100        6744       18643      18743      77         300        1  Left 
9   0   100        6746       18743      18843      78         200        1  Right
9   8   100        6780       18843      18844      79         500        1  Left 
10  8   100        6782       18844      18944      80         100        1  Right
5   2   500        6846       18643      19045      77         4000       1  Right
1   6   500        6746       19045      19545      82         3000       1  Right
15  6   100        6763       19545      19645      83         200        1  Right
11  8   100        6784       19645      19745      84         800        1  Right
12  8   100        6786       19745      19845      85         500        1  Right
13  8   100        6788       19845      19945      86         900        1  Right
2   6   100        6790       19945      20045      87         600        1  Right
1   7   500        6767       19545      20046      83         500        1  Right
13  8   100        6796       20045      20146      88         900        1  Right
15  1   100        6764       20146      20246      90         800        1  Right
15  0   100        6768       20246      20247      91         700        1  Right
3   0   100        6786       20247      20347      92         100        1  Right
1   12  500        6774       20246      20648      91         3500       1  Right
7   1   100        6818       20648      20748      94         100        1  Right
12  4   100        6821       20648      20749      94         200        1  Right
3   11  500        6838       20347      20848      93         2000       1  Right
4   12  500        6847       20749      21250      96         1000       1  Right
1   9   500        6790       20848      21349      97         1500       1  Left 
2   5   100        6815       21250      21351      98         800        1  Right
9   1   100        6846       21349      21450      99         300        1  Left 
15  8   500        6875       21351      21852      100        3000       1  Right
0   1   500        6896       21450      21951      101        500        1  Left 
14  8   100        6908       21852      21953      102        300        1  Right
7   8   100        6910       21953      22053      104        100        1  Right
1   15  500        6792       21951      22452      103        4000       1  Left 
8   15  100        6829       22452      22552      106        600        1  Right
8   15  100        6837       22552      22652      107        600        1  Right
14  3   100        6912       22652      22752      108        900        1  Right
1   7   500        6864       22452      22953      106        500        1  Right
1   0   100        6870       22953      23053      110        100        1  Left 
8   13  500        6934       22752      23253      109        4500       1  Right
10  2   100        7037       23253      23254      111        900        1  Right
1   9   500        6892       23053      23455      111        1500       1  Left 
1   0   100        6929       23455      23456      114        100        1  Left 
8   7   500        6935       23253      23457      112        500        1  Right
3   10  500        6935       23455      23759      114        5500       1  Right
0   1   500        6950       23456      23858      115        500        1  Left 
9   8   100        6938       23759      23859      117        1100       1  Right
7   3   100        6962       23858      23958      118        300        1  Left 
3   14  500        6943       23958      24458      120        3500       1  Left 
1   0   100        6972       24458      24558      121        100        1  Left 
9   3   100        6984       24458      24559      121        100        1  Right
1   0   100        7014       24558      24659      122        100        1  Left 
3   4   100        6998       24559      24660      123        500        1  Right
8   14  500        6954       24458      24958      121        1500       1  Right
8   9   500        6959       24958      25458      126        2500       1  Left 
3   5   100        6998       25458      25459      127        1000       1  Right
3   6   100        6998       25459      25559      128        800        1  Right
2   5   100        7066       25559      25659      128        800        1  Right
0   8   500        6971       25458      25859      127        1500       1  Left 
0   10  100        6974       25859      25959      131        400        1  Left 
4   8   100        6975       25959      26059      132        700        1  Right
4   3   100        7008       26059      26159      133        500        1  Right
0   1   500        6993       25959      26460      132        500        1  Left 
3   7   100        7054       26460      26560      134        300        1  Left 
8   4   500        7011       26159      26660      134        3500       1  Right
0   10  100        6998       26660      26661      137        400        1  Left 
5   3   100        7015       26660      26662      137        1000       1  Right
8   0   100        7028       26661      26762      137        300        1  Left 
6   3   100        7023       26662      26763      138        800        1  Right
14  1   100        7006       26762      26863      140        500        1  Right
0   15  100        7011       26763      26864      141        700        1  Right
1   14  500        7027       26863      27364      141        2500       1  Right
6   15  500        7065       26864      27365      142        1000       1  Right
13  1   100        7032       27364      27465      143        500        1  Left 
12  4   100        7073       27365      27466      144        200        1  Right
14  1   100        7048       27465      27467      145        500        1  Right
0   12  100        7067       27466      27468      146        800        1  Right
14  1   100        7061       27467      27568      147        500        1  Right
12  6   100        7074       27468      27569      148        100        1  Right
0   3   500        7078       27468      27969      148        500        1  Right
1   13  500        7058       27569      28070      150        5500       1  Right
14  0   100        7063       28070      28170      152        600        1  Left 
6   2   500        7077       28070      28571      152        3000       1  Right
1   14  500        7069       28170      28671      153        2500       1  Right
12  6   100        7097       28571      28671      154        100        1  Right
13  0   100        7086       28571      28672      154        400        1  Right
4   12  500        7099       28671      29171      155        1000       1  Right
1   14  500        7082       28671      29172      155        2500       1  Right
0   15  100        7086       29171      29272      157        700        1  Right
6   12  500        7133       29171      29672      156        500        1  Right
2   10  500        7073       29272      29773      159        3500       1  Left 
13  8   100        7088       29773      29873      161        700        1  Left 
10  8   100        7119       29873      29973      162        100        1  Right
7   8   100        7141       29973      30073      162        100        1  Right
0   1   500        7093       29873      30373      162        500        1  Left 
5   2   500        7097       29873      30374      162        4000       1  Right
12  2   100        7128       30374      30474      165        500        1  Right
8   0   500        7098       30373      30874      165        1500       1  Left 
13  1   100        7095       30874      30974      168        500        1  Left 
8   4   100        7130       30874      30975      167        700        1  Right
3   0   100        7107       30974      31075      169        100        1  Right
15  1   100        7100       30975      31076      170        800        1  Right
14  1   100        7104       31076      31176      172        500        1  Right
13  6   100        7149       31076      31177      171        500        1  Right
8   7   100        7130       31176      31276      172        100        1  Right
1   0   100        7121       31176      31277      173        100        1  Left 
14  3   100        7158       31177      31279      173        900        1  Right
15  1   100        7118       31279      31379      177        800        1  Right
12  6   100        7186       31379      31479      177        100        1  Right
1   13  500        7121       31379      31879      178        2500       1  Left 
1   14  500        7125       31879      32379      179        2500       1  Right
1   15  500        7127       32379      32879      180        4000       1  Right
8   15  100        7130       32879      32979      181        600        1  Right
8   14  100        7130       32979      33079      182        300        1  Right
8   9   100        7130       33079      33179      183        1100       1  Right
9   8   100        7150       33179      33279      184        1100       1  Right
4   8   100        7153       33279      33379      185        700        1  Right
0   1   500        7142       32879      33380      181        500        1  Left 
3   9   500        7281       33279      33781      185        500        1  Right
1   15  500        7144       33380      33881      187        4000       1  Right
13  1   100        7150       33881      33981      189        500        1  Left 
13  0   100        7154       33981      34081      190        400        1  Right
2   1   100        7155       34081      34181      191        400        1  Left 
2   1   100        7155       34181      34281      192        400        1  Left 
0   8   100        7155       34281      34381      193        300        1  Left 
1   0   100        7163       34381      34481      194        100        1  Left 
14  8   100        7172       34381      34482      194        300        1  Right
2   12  500        7155       34281      34782      193        2500       1  Right
15  8   100        7174       34782      34882      197        600        1  Right
1   2   500        7176       34782      34883      197        2000       1  Left 
13  8   500        7256       34882      34983      198        4500       1  Right
1   13  500        7178       34983      35483      200        2500       1  Left 
6   12  500        7363       34983      35484      200        500        1  Right
8   13  100        7225       35484      35485      202        900        1  Right
8   13  100        7227       35485      35486      203        900        1  Right
1   2   500        7179       35483      35786      201        2000       1  Left 
15  0   100        7189       35786      35886      205        700        1  Right
8   10  500        7305       35486      35987      204        500        1  Right
0   15  500        7210       35886      36387      206        3500       1  Right
2   0   100        7221       36387      36487      208        300        1  Right
15  0   100        7231       36487      36587      209        700        1  Right
15  1   100        7279       36587      36687      210        800        1  Right
0   2   500        7247       36587      37087      210        1500       1  Right
0   15  500        7252       37087      37587      212        3500       1  Right
0   11  100        7277       37587      37588      213        500        1  Right
1   15  500        7305       37587      37989      213        4000       1  Right
0   7   100        7300       37989      38089      215        200        1  Left 
15  0   100        7333       38089      38090      216        700        1  Right
15  0   100        7388       38090      38091      217        700        1  Right
1   12  500        7412       38089      38392      216        3500       1  Right
7   2   100        7338       38392      38492      219        500        1  Left 
0   8   500        7350       38492      38992      220        1500       1  Left 
7   8   100        7430       38992      39092      221        100        1  Right
0   15  500        7354       38992      39492      221        3500       1  Right
0   1   500        7365       39492      39992      223        500        1  Left 
2   7   500        7379       39492      39993      223        5500       1  Right
12  1   100        7381       39993      40093      225        700        1  Right
15  1   100        7390       40093      40193      226        800        1  Right
10  1   100        7399       40193      40293      227        300        1  Right
15  4   100        7453       40193      40294      227        100        1  Right
0   3   500        7399       39992      40493      224        500        1  Right
0   13  100        7404       40493      40593      230        400        1  Right
1   15  500        7417       40294      40795      229        4000       1  Right
8   0   100        7408       40795      40895      232        300        1  Left 
3   0   100        7431       40895      40995      233        100        1  Right
2   0   100        7474       40995      41095      234        300        1  Right
6   13  500        7441       40795      41296      232        2500       1  Right
1   10  500        7440       40895      41397      233        1500       1  Right
3   14  500        7450       41296      41797      236        4500       1  Right
12  2   100        7458       41797      41897      238        500        1  Right
8   7   500        7451       41397      41898      237        500        1  Right
0   13  100        7473       41897      41997      239        400        1  Right
4   8   100        7438       41997      42097      241        900        1  Left 
4   3   100        7442       42097      42197      242        500        1  Right
5   8   100        7481       42097      42198      242        200        1  Right
3   7   100        7463       42197      42298      243        300        1  Left 
6   12  500        7463       41897      42398      239        500        1  Right
10  0   100        7483       42298      42398      245        400        1  Left 
6   8   100        7483       42398      42498      246        400        1  Right
13  1   100        7489       42398      42499      246        500        1  Left 
10  8   100        7485       42498      42599      247        100        1  Right
4   15  500        7494       42197      42699      243        500        1  Right
10  1   100        7492       42599      42699      249        300        1  Right
0   2   500        7500       42499      43001      248        1500       1  Right
8   4   500        7474       42699      43200      250        3500       1  Right
5   3   100        7485       43200      43300      252        600        1  Left 
2   12  500        7484       43200      43700      252        2500       1  Right
8   0   500        7485       43300      43801      253        1500       1  Left 
7   3   500        7486       43801      44301      255        1500       1  Left 
8   6   500        7509       43801      44302      255        2000       1  Right
2   0   100        7538       44301      44402      255        300        1  Right
6   3   100        7487       44402      44502      258        800        1  Right
7   3   100        7494       44502      44602      259        300        1  Left 
7   1   100        7540       44602      44702      259        100        1  Right
13  0   100        7547       44602      44703      259        400        1  Right
8   5   500        7512       44302      44803      257        1000       1  Right
2   0   100        7591       44703      44804      261        300        1  Right
8   4   100        7512       44803      44904      263        700        1  Right
8   5   100        7512       44904      45004      265        200        1  Right
8   6   100        7512       45004      45104      266        400        1  Right
8   7   100        7512       45104      45204      267        100        1  Right
12  6   100        7516       45104      45205      267        100        1  Right
0   8   100        7544       45204      45305      267        300        1  Left 
3   4   500        7536       44904      45405      264        2500       1  Right
7   8   100        7548       45305      45406      269        100        1  Right
3   5   500        7537       45405      45906      270        5000       1  Right
8   13  100        7512       45906      46006      273        700        1  Left 
12  5   100        7541       45906      46007      272        300        1  Right
6   8   100        7550       46007      46107      274        400        1  Right
5   8   100        7552       46107      46207      275        200        1  Right
4   8   100        7554       46207      46307      276        700        1  Right
1   13  500        7515       46006      46507      274        2500       1  Left 
5   12  500        7572       46307      46808      277        1500       1  Right
0   2   500        7564       46507      47007      278        1500       1  Right
1   10  500        7538       46507      47008      278        1500       1  Right
8   10  100        7612       47008      47108      281        100        1  Right
3   6   500        7538       47007      47508      280        4000       1  Right
3   4   100        7547       47508      47608      283        500        1  Right
3   5   100        7547       47608      47708      284        600        1  Left 
3   6   100        7547       47708      47808      285        800        1  Right
4   1   100        7561       47808      47908      286        700        1  Left 
10  6   100        7590       47808      47909      286        300        1  Right
13  8   100        7571       47908      48009      287        700        1  Left 
5   1   100        7577       48009      48109      289        400        1  Right
10  1   100        7591       48109      48209      290        300        1  Right
6   1   100        7606       48209      48309      291        600        1  Right
7   8   100        7640       48309      48409      291        100        1  Right
0   13  500        7578       48009      48510      289        2000       1  Right
0   7   100        7579       48510      48610      294        200        1  Left 
4   3   100        7592       48510      48611      294        500        1  Right
10  0   100        7595       48611      48612      296        1200       1  Right
5   3   100        7598       48612      48613      297        1000       1  Right
0   11  100        7603       48613      48713      298        500        1  Right
6   3   100        7606       48713      48813      299        800        1  Right
1   7   500        7586       48610      48913      295        500        1  Right
13  0   100        7609       48813      48913      300        400        1  Right
10  8   500        7674       48612      49015      296        500        1  Right
1   4   500        7596       48913      49414      301        3500       1  Left 
0   2   500        7617       49414      49914      303        1500       1  Right
1   5   500        7619       49414      49915      303        2000       1  Right
11  2   100        7642       49914      50015      303        200        1  Right
1   10  500        7634       49915      50416      304        1500       1  Right
0   13  500        7642       50015      50417      305        2000       1  Right
4   1   100        7639       50416      50418      306        900        1  Right
0   2   500        7677       50417      50918      307        1500       1  Right
1   6   500        7647       50418      50919      308        3000       1  Right
0   15  100        7712       50918      51019      309        700        1  Right
8   10  100        7661       50919      51020      310        100        1  Right
3   7   100        7640       51019      51120      311        300        1  Left 
11  8   100        7718       51020      51121      312        800        1  Right
7   0   100        7644       51120      51221      313        200        1  Left 
2   0   100        7650       51221      51321      315        300        1  Right
4   1   100        7652       51221      51322      315        900        1  Right
7   1   100        7653       51322      51422      317        100        1  Right
5   1   100        7658       51422      51522      318        400        1  Right
0   3   500        7723       51321      51523      315        500        1  Right
2   11  500        7673       51321      51524      316        1000       1  Right
1   4   500        7670       51522      51726      319        4500       1  Right
5   1   100        7671       51726      51826      322        400        1  Right
13  1   100        7676       51826      51827      323        1100       1  Right
0   2   500        7740       51524      51926      320        1500       1  Right
1   4   500        7683       51827      52328      324        4500       1  Right
4   0   100        7654       52328      52428      326        600        1  Right
15  4   100        7705       52428      52528      327        100        1  Right
15  6   100        7706       52528      52628      328        200        1  Right
15  6   100        7720       52628      52728      329        200        1  Right
15  2   100        7790       52728      52828      329        400        1  Right
1   5   500        7694       52328      52829      326        2000       1  Right
5   0   100        7673       52829      52929      332        500        1  Left 
2   0   100        7714       52929      53029      333        300        1  Right
1   7   500        7699       52929      53429      333        500        1  Right
6   1   100        7702       53429      53529      335        600        1  Right
1   13  500        7703       53529      54029      336        2500       1  Left 
8   7   500        7708       53529      54030      336        500        1  Right
7   8   100        7727       54030      54031      337        100        1  Right
8   10  100        7748       54031      54032      338        100        1  Right
10  8   100        7761       54032      54033      339        100        1  Right
8   7   100        7787       54033      54034      340        100        1  Right
1   5   500        7714       54029      54035      337        6000       1  Left 
8   7   100        7789       54034      54036      341        100        1  Right
6   1   100        7715       54035      54136      343        1000       1  Left 
6   0   100        7717       54136      54236      345        700        1  Left 
4   1   100        7729       54236      54336      345        700        1  Left 
12  5   100        7792       54236      54337      345        300        1  Right
13  0   100        7758       54336      54436      346        400        1  Right
4   15  500        7746       54336      54837      346        500        1  Right
1   6   500        7743       54337      54839      347        3000       1  Right
1   6   500        7756       54839      55339      350        3000       1  Right
7   6   100        7764       55339      55439      351        500        1  Right
1   4   500        7762       55339      55839      351        3500       1  Left 
0   8   100        7763       55839      55939      353        300        1  Left 
6   15  500        7771       55439      55940      352        1000       1  Right
7   1   100        7765       55939      56040      354        100        1  Right
5   1   100        7789       56040      56140      356        400        1  Right
0   13  500        7789       55939      56440      354        2000       1  Right
6   12  500        7804       55940      56441      355        500        1  Right
1   7   500        7823       56140      56641      357        500        1  Right
0   2   500        7806       56440      56941      358        1500       1  Right
5   12  500        7823       56441      56942      359        1500       1  Right
7   0   100        7769       56941      57042      361        200        1  Left 
2   0   100        7780       57042      57142      363        300        1  Right
3   0   100        7807       57142      57242      364        100        1  Right
13  0   100        7836       57242      57342      365        400        1  Right
8   11  500        7827       56942      57443      362        4000       1  Right
0   10  100        7816       57443      57444      367        1200       1  Right
0   9   100        7881       57444      57544      368        200        1  Right
0   9   100        7905       57544      57644      369        200        1  Right
7   8   500        7798       57443      57844      367        500        1  Right
6   1   100        7824       57844      57944      371        600        1  Right
2   15  500        7821       57444      57945      368        2000       1  Right
15  6   100        7851       57945      58045      373        200        1  Right
1   5   500        7826       57944      58445      372        2000       1  Right
4   8   100        7824       58445      58545      375        700        1  Right
2   1   100        7828       58445      58546      375        400        1  Left 
8   3   100        7828       58546      58646      377        400        1  Left 
13  1   100        7838       58646      58746      378        500        1  Left 
6   10  500        7867       58545      59046      376        1500       1  Right
1   2   500        7853       58746      59247      379        2000       1  Left 
8   4   500        7860       59046      59547      380        3500       1  Right
5   8   100        7872       59547      59647      382        200        1  Right
6   8   100        7917       59647      59747      383        400        1  Right
1   13  500        7865       59247      59748      381        2500       1  Left 
4   3   100        7892       59748      59848      385        500        1  Right
13  4   100        7893       59848      59948      386        200        1  Right
1   6   500        7870       59748      60248      385        3000       1  Right
12  1   100        7873       60248      60348      388        700        1  Right
12  1   100        7873       60348      60448      389        700        1  Right
4   13  500        7924       59948      60449      387        1000       1  Right
2   1   100        7875       60448      60549      390        400        1  Left 
10  1   100        7895       60549      60649      392        300        1  Right
12  2   100        7932       60549      60650      392        500        1  Right
5   3   100        7937       60650      60651      394        1000       1  Right
9   2   100        7948       60651      60751      395        100        1  Right
6   3   100        7965       60751      60851      396        800        1  Right
8   0   500        7899       60649      61051      393        1500       1  Left 
11  1   100        7926       61051      61151      398        600        1  Left 
6   15  500        8010       60851      61352      397        1000       1  Right
8   5   500        7903       61051      61552      398        1000       1  Right
1   12  500        7904       61352      61553      400        4500       1  Left 
8   6   500        7943       61552      61554      401        2000       1  Right
1   12  500        7907       61553      61555      402        4500       1  Left 
12  0   100        7951       61555      61556      404        800        1  Right
6   7   500        8026       61554      61656      403        2500       1  Right
2   12  500        7960       61556      62057      405        2500       1  Right
1   10  500        7936       61656      62157      406        1500       1  Right
11  0   100        8007       62057      62158      407        500        1  Right
8   4   100        8041       62157      62258      408        700        1  Right
8   5   100        8041       62258      62358      410        200        1  Right
13  4   100        8145       62258      62359      409        200        1  Right
8   6   100        8041       62358      62459      411        400        1  Right
8   7   100        8041       62459      62559      413        100        1  Right
1   2   500        7951       62158      62659      409        2000       1  Left 
0   10  100        7943       62659      62759      415        400        1  Left 
0   8   100        7956       62759      62859      416        300        1  Left 
1   11  500        7962       62859      63359      417        3000       1  Left 
2   1   100        7968       63359      63459      418        400        1  Left 
11  8   100        8009       63359      63460      418        800        1  Right
10  1   100        7975       63460      63560      420        300        1  Right
2   9   500        7989       63459      63960      419        500        1  Right
0   12  500        7987       63560      64061      421        4000       1  Left 
11  1   100        8016       64061      64161      423        600        1  Left 
11  6   100        8087       64161      64261      424        400        1  Right
13  6   100        8146       64261      64361      424        500        1  Right
13  6   100        8180       64361      64461      425        500        1  Right
1   10  500        8016       64161      64661      424        1500       1  Right
0   3   500        8099       64161      64663      424        500        1  Right
9   8   100        8040       64661      64762      428        1100       1  Right
15  1   100        8043       64762      64862      430        800        1  Right
7   1   100        8049       64862      64863      431        100        1  Right
10  0   100        8059       64862      64864      431        1200       1  Right
7   8   100        8058       64863      64964      432        100        1  Right
6   8   100        8060       64964      65064      434        400        1  Right
5   8   100        8062       65064      65164      435        200        1  Right
4   8   100        8064       65164      65165      436        700        1  Right
1   11  500        8052       64864      65266      433        3000       1  Left 
1   15  500        8069       65266      65766      438        4000       1  Right
11  1   100        8088       65766      65866      439        600        1  Left 
11  0   100        8092       65866      65966      440        500        1  Right
8   11  100        8100       65966      66066      441        800        1  Right
3   0   100        8128       65966      66067      440        100        1  Right
8   11  100        8101       66066      66167      442        800        1  Right
1   7   500        8095       65866      66168      440        500        1  Right
7   1   100        8139       66168      66169      444        100        1  Right
0   10  500        8105       66167      66370      444        6000       1  Right
15  2   100        8107       66370      66470      447        400        1  Right
0   7   100        8118       66370      66471      447        200        1  Left 
0   13  100        8159       66471      66571      448        400        1  Right
9   1   100        8249       66571      66671      447        300        1  Left 
11  8   500        8121       66470      66971      448        4000       1  Right
1   11  500        8126       66971      67471      451        3000       1  Left 
2   15  500        8138       67471      67971      452        2000       1  Right
3   8   500        8140       67471      67972      452        2000       1  Left 
10  0   100        8158       67972      68072      454        400        1  Left 
4   13  500        8176       67971      68471      453        1000       1  Right
6   15  500        8153       67971      68472      453        1000       1  Right
15  2   100        8170       68472      68572      457        400        1  Right
8   9   500        8160       68072      68574      455        2500       1  Left 
2   15  500        8201       68572      69073      458        2000       1  Right
1   7   500        8185       68574      69075      459        500        1  Right
15  6   100        8230       69073      69173      458        200        1  Right
8   0   100        8196       69075      69174      461        300        1  Left 
3   4   500        8175       69073      69175      460        2500       1  Right
13  2   100        8210       69175      69275      464        100        1  Right
5   15  500        8301       69173      69276      460        2000       1  Right
0   10  500        8204       69174      69278      463        2000       1  Left 
0   14  100        8207       69278      69378      467        600        1  Left 
6   13  500        8221       69276      69777      466        2500       1  Right
13  6   100        8251       69777      69877      467        500        1  Right
1   2   500        8213       69378      69879      468        2000       1  Left 
1   3   100        8215       69879      69979      471        200        1  Left 
1   8   100        8219       69979      70079      472        200        1  Right
6   11  500        8369       69877      70378      466        2000       1  Right
2   13  500        8231       69879      70381      469        500        1  Right
14  2   100        8228       70381      70382      473        700        1  Right
3   5   500        8224       70079      70481      471        3000       1  Left 
10  1   100        8250       70481      70581      475        300        1  Right
2   3   100        8250       70481      70582      475        200        1  Right
6   13  500        8440       70382      70883      471        2500       1  Right
12  0   100        8204       70883      70983      480        800        1  Right
1   10  500        8291       70581      71083      476        1500       1  Right
0   12  500        8240       70983      71484      479        4000       1  Right
7   0   100        8233       71484      71584      481        200        1  Left 
2   8   100        8254       71484      71585      481        1000       1  Right
0   7   100        8252       71584      71685      482        200        1  Left 
0   1   100        8260       71685      71785      484        100        1  Left 
0   1   100        8260       71785      71885      485        100        1  Left 
2   14  500        8254       71585      72086      483        3500       1  Right
15  5   100        8255       72086      72186      487        400        1  Right
14  8   100        8301       72186      72187      488        300        1  Right
0   7   500        8284       71885      72287      486        1000       1  Left 
3   6   500        8259       72186      72588      488        4000       1  Right
12  0   100        8290       72588      72688      491        800        1  Right
8   1   500        8290       72287      72788      490        1000       1  Right
0   12  500        8326       72688      73189      490        4000       1  Right
15  5   100        8506       73189      73289      491        400        1  Right
8   0   500        8290       73189      73689      494        1500       1  Left 
6   15  500        8532       73289      73790      492        1000       1  Right
1   9   500        8295       73689      73791      496        1500       1  Left 
7   0   100        8335       73791      73891      496        200        1  Left 
8   2   500        8311       73790      73892      497        5000       1  Right
0   7   500        8386       73891      74392      497        1000       1  Left 
8   14  500        8347       73892      74393      498        1500       1  Right
2   1   100        8363       74392      74493      499        400        1  Left 
10  0   100        8343       74493      74593      501        400        1  Left 
9   0   100        8359       74593      74693      502        200        1  Right
9   8   100        8361       74693      74793      503        500        1  Left 
9   1   100        8368       74793      74893      504        300        1  Left 
5   15  500        8552       74393      74894      499        2000       1  Right
1   2   500        8384       74893      75394      505        2000       1  Left 
12  0   100        8363       75394      75494      507        800        1  Right
8   1   100        8386       75394      75495      507        200        1  Right
0   10  500        8389       75494      75995      508        6000       1  Right
8   2   100        8386       75995      76095      510        600        1  Left 
8   14  100        8386       76095      76195      511        300        1  Right
0   12  500        8399       76095      76596      511        4000       1  Right
8   11  100        8386       76596      76696      513        800        1  Right
1   9   500        8414       76596      77097      513        1500       1  Left 
11  1   100        8402       77097      77197      515        600        1  Left 
2   1   100        8406       77197      77297      516        400        1  Left 
11  8   100        8414       77197      77298      516        800        1  Right
7   1   100        8440       77297      77397      516        100        1  Right
9   6   100        8461       77298      77399      517        700        1  Right
1   8   100        8424       77397      77498      519        200        1  Right
2   8   100        8425       77498      77598      520        1000       1  Right
0   3   500        8423       77297      77599      517        500        1  Right
1   2   500        8427       77598      77900      521        6000       1  Right
0   11  100        8424       77900      78000      524        500        1  Right
14  8   100        8428       77900      78001      523        300        1  Right
14  8   100        8435       78001      78101      525        300        1  Right
1   11  500        8440       78000      78501      524        3000       1  Left 
10  0   100        8452       78501      78601      527        400        1  Left 
10  1   100        8454       78601      78701      528        300        1  Right
12  0   100        8461       78701      78801      529        800        1  Left 
2   3   500        8526       78501      78802      527        1000       1  Right
1   13  500        8489       78801      79102      530        5500       1  Right
9   1   100        8462       79102      79202      532        300        1  Left 
10  4   100        8587       79102      79202      532        600        1  Right
9   0   100        8466       79202      79302      533        200        1  Right
2   13  500        8548       79102      79603      532        500        1  Right
8   9   100        8492       79603      79703      535        1100       1  Right
1   7   500        8495       79202      79704      533        500        1  Right
8   9   100        8493       79703      79804      536        1100       1  Right
13  1   100        8463       79804      79904      538        500        1  Left 
3   1   100        8466       79904      80004      539        200        1  Left 
8   14  500        8532       79804      80305      538        1500       1  Right
6   13  500        8554       79904      80406      539        2500       1  Right
3   2   500        8507       80004      80505      540        1000       1  Right
1   10  500        8498       80305      80806      541        1500       1  Right
0   12  500        8497       80505      81006      543        4000       1  Right
11  1   100        8495       81006      81106      545        600        1  Left 
4   10  500        8613       81006      81107      545        3000       1  Right
2   13  500        8591       81106      81206      546        500        1  Right
9   8   500        8503       81106      81207      546        2500       1  Left 
1   9   500        8510       81207      81707      549        1500       1  Left 
3   2   100        8517       81707      81807      550        200        1  Right
13  2   100        8527       81807      81907      551        100        1  Right
13  2   100        8570       81907      82007      552        100        1  Right
5   2   100        8578       82007      82107      553        800        1  Right
0   8   500        8513       81707      82207      550        1500       1  Left 
13  6   100        8610       82107      82208      554        500        1  Right
0   5   100        8514       82207      82308      555        500        1  Left 
12  0   100        8531       82308      82408      557        800        1  Right
1   11  500        8531       82408      82908      558        3000       1  Left 
1   0   500        8543       82908      83408      559        500        1  Left 
2   5   500        8609       82908      83409      559        4000       1  Right
13  5   100        8635       83409      83509      561        700        1  Right
1   0   500        8556       83408      83909      560        500        1  Left 
3   1   100        8557       83909      84009      563        200        1  Left 
7   0   100        8561       84009      84109      564        200        1  Left 
8   1   100        8583       84109      84209      565        200        1  Right
14  1   100        8591       84209      84210      566        500        1  Right
0   12  500        8567       84109      84211      565        4000       1  Right
0   11  100        8567       84211      84311      568        500        1  Right
11  0   100        8607       84311      84411      569        500        1  Right
1   14  500        8612       84210      84412      567        2500       1  Right
12  0   100        8612       84411      84512      570        800        1  Right
0   8   100        8614       84512      84612      572        300        1  Left 
8   9   100        8684       84612      84613      573        1100       1  Right
0   7   500        8618       84612      85013      573        1000       1  Left 
0   1   100        8621       85013      85113      575        100        1  Left 
15  1   100        8622       85113      85213      576        800        1  Right
15  1   100        8622       85213      85313      577        800        1  Right
14  0   100        8635       85313      85413      578        1000       1  Right
1   8   500        8634       85313      85813      578        1000       1  Right
14  8   100        8637       85813      85913      580        300        1  Right
0   12  500        8648       85413      85914      579        4000       1  Right
14  1   100        8644       85913      86014      581        500        1  Right
0   11  500        8651       85914      86015      582        2500       1  Right
1   15  500        8648       86014      86115      583        4000       1  Right
1   15  500        8651       86115      86615      585        4000       1  Right
5   8   100        8654       86615      86616      586        200        1  Right
1   14  500        8665       86615      87017      586        5500       1  Left 
15  2   100        8671       87017      87117      588        400        1  Right
14  6   100        8693       87017      87117      588        100        1  Right
7   0   100        8675       87017      87118      588        200        1  Left 
7   1   100        8677       87118      87218      590        100        1  Right
9   8   100        8692       87218      87318      591        500        1  Left 
5   13  500        8671       87117      87618      589        3500       1  Right
15  0   100        8690       87618      87718      593        700        1  Right
14  1   100        8694       87618      87719      593        500        1  Right
14  0   100        8698       87719      87819      595        600        1  Left 
8   14  100        8713       87819      87919      596        300        1  Right
9   1   100        8756       87819      87920      596        300        1  Left 
8   14  100        8715       87919      88020      597        300        1  Right
2   15  500        8702       87718      88219      594        2000       1  Right
11  0   100        8700       88219      88319      600        500        1  Right
1   14  500        8717       88020      88521      599        2500       1  Right
0   15  500        8711       88319      88820      601        3500       1  Right
12  0   100        8724       88820      88821      603        800        1  Right
0   9   100        8726       88821      88921      604        200        1  Right
14  8   500        8749       88521      88922      602        1500       1  Right
1   7   500        8735       88521      88923      602        500        1  Right
8   5   500        8803       88922      89422      606        1000       1  Right
6   9   500        8733       88921      89423      605        3500       1  Right
1   3   500        8751       88923      89425      607        1000       1  Left 
7   4   100        8783       89423      89426      609        800        1  Right
0   11  500        8741       89425      89427      610        2500       1  Right
4   7   500        8814       89426      89428      611        4000       1  Right
11  1   100        8782       89427      89430      612        600        1  Left 
0   12  500        8760       89430      89930      614        4000       1  Right
3   15  100        8785       89930      89931      615        600        1  Right
12  0   100        8795       89930      89932      615        800        1  Left 
0   10  100        8798       89932      90032      617        400        1  Left 
13  5   100        8886       89932      90033      616        700        1  Right
1   9   500        8802       90032      90533      618        1500       1  Left 
4   10  500        8865       90033      90534      618        3000       1  Right
1   11  500        8818       90533      91034      620        3000       1  Left 
6   10  500        8875       90534      91035      620        1500       1  Right
0   4   100        8816       91034      91135      622        600        1  Right
0   12  500        8831       91135      91635      623        4000       1  Right
10  4   100        8839       91635      91735      624        600        1  Right
9   1   100        8854       91635      91736      624        300        1  Left 
4   2   100        8866       91735      91835      625        300        1  Right
10  6   100        8840       91735      91836      625        300        1  Right
0   9   100        8869       91736      91838      626        200        1  Right
10  6   100        8849       91836      91936      628        300        1  Right
1   3   100        8896       91838      91939      629        200        1  Left 
12  1   100        8865       91939      92039      631        700        1  Right
5   1   100        8902       92039      92139      632        400        1  Right
2   4   500        8902       91835      92336      627        1500       1  Right
10  2   100        8894       92336      92436      634        900        1  Right
1   9   500        8902       92139      92640      633        1500       1  Left 
3   1   100        8909       92640      92740      636        200        1  Left 
6   13  500        8904       92436      92937      635        2500       1  Right
2   10  500        8930       92740      92938      636        3500       1  Left 
5   13  500        8922       92937      93135      638        3500       1  Right
11  0   100        8861       93135      93235      640        500        1  Right
4   8   100        8939       93135      93236      639        700        1  Right
10  6   100        8971       93236      93336      641        300        1  Right
0   11  500        8904       93235      93736      641        2500       1  Right
6   14  500        8997       93336      93837      642        500        1  Right
1   0   500        8910       93736      94237      644        500        1  Left 
6   10  500        9119       93837      94338      643        1500       1  Right
1   12  500        8935       94237      94738      645        4500       1  Left 
1   5   500        8938       94738      95238      647        2000       1  Right
0   15  500        8964       94738      95239      647        3500       1  Right
12  15  100        8975       95239      95339      649        100        1  Right
8   0   500        8941       95239      95739      649        1500       1  Left 
15  0   100        8943       95739      95839      651        700        1  Right
9   0   100        8957       95839      95939      652        200        1  Right
11  0   100        8962       95939      96039      653        500        1  Right
11  1   100        8964       96039      96040      654        600        1  Left 
13  1   100        8977       96040      96140      655        500        1  Left 
13  1   100        8977       96140      96240      656        500        1  Left 
8   4   500        8975       95839      96241      652        3500       1  Right
13  2   100        9029       96240      96340      656        100        1  Right
0   1   100        8997       96240      96341      657        100        1  Left 
8   4   100        9025       96241      96343      658        700        1  Right
8   14  100        9025       96343      96443      661        300        1  Right
7   4   100        9035       96443      96444      661        800        1  Right
7   6   100        9036       96444      96544      662        500        1  Right
11  4   100        9069       96444      96545      662        100        1  Right
1   13  500        9006       96341      96743      660        2500       1  Left 
5   0   100        8991       96743      96843      666        500        1  Left 
5   8   100        8993       96843      96943      667        200        1  Right
15  0   100        8997       96843      96944      667        700        1  Right
5   1   100        9000       96943      97044      668        400        1  Right
15  0   100        9040       96944      97045      668        700        1  Right
14  1   100        9048       97044      97145      669        500        1  Right
13  0   100        9048       97045      97146      670        400        1  Right
5   6   100        9097       97145      97246      671        200        1  Right
0   8   100        9009       97146      97247      673        300        1  Left 
5   1   100        9098       97247      97347      674        400        1  Right
10  1   100        9147       97347      97447      674        300        1  Right
15  3   500        9082       97146      97647      672        3000       1  Right
4   8   100        9048       97647      97747      677        700        1  Right
4   8   100        9053       97747      97847      678        700        1  Right
14  8   100        9061       97847      97947      679        300        1  Right
1   13  500        9012       97647      97948      678        2500       1  Left 
4   7   500        9066       97947      97949      680        4000       1  Right
1   11  500        9018       97948      98149      682        3000       1  Left 
0   15  500        9018       98149      98649      684        3500       1  Right
1   5   500        9036       98149      98650      683        2000       1  Right
8   5   100        9107       98650      98750      685        200        1  Right
8   5   100        9109       98750      98850      686        200        1  Right
2   13  500        9050       98649      99149      684        500        1  Right
0   9   500        9020       98649      99150      685        1000       1  Right
4   11  500        9090       98649      99151      684        500        1  Right
0   14  100        9028       99150      99152      689        600        1  Left 
3   6   100        9117       99151      99153      690        800        1  Right
1   14  500        9069       99152      99653      691        2500       1  Right
0   15  500        9061       99153      99654      692        3500       1  Right
1   5   500        9136       99653      100154     692        2000       1  Right
0   13  500        9079       99654      100155     694        2000       1  Right
7   2   100        9102       100155     100255     696        500        1  Left 
8   4   500        9168       100154     100655     694        3500       1  Right
15  0   100        9083       100655     100755     698        700        1  Right
9   0   100        9088       100755     100855     699        200        1  Right
1   10  500        9188       100655     101156     697        1500       1  Right
14  0   100        9096       101156     101256     701        600        1  Left 
15  12  500        9116       100755     101257     699        500        1  Right
5   0   100        9102       101256     101357     702        500        1  Left 
0   15  500        9114       101357     101857     704        3500       1  Right
5   8   500        9128       101357     101858     703        1000       1  Right
3   15  100        9121       101857     101957     705        600        1  Right
0   7   100        9114       101857     101958     705        200        1  Left 
0   14  500        9122       101958     102458     708        3000       1  Left 
0   6   100        9122       102458     102558     709        700        1  Left 
0   9   500        9139       102558     102559     709        1000       1  Right
2   7   500        9145       102558     102560     709        5500       1  Right
15  0   100        9140       102560     102660     711        700        1  Right
12  6   100        9146       102560     102661     711        100        1  Right
14  0   100        9154       102660     102761     712        600        1  Left 
7   6   100        9163       102761     102861     714        500        1  Right
0   15  500        9161       102761     103261     714        3500       1  Right
15  0   100        9182       103261     103361     716        700        1  Right
6   7   500        9184       102861     103362     715        2500       1  Right
6   2   100        9186       103362     103462     718        600        1  Right
0   14  500        9180       103362     103862     718        3000       1  Left 
0   14  100        9180       103862     103962     720        600        1  Left 
7   6   100        9192       103962     104062     721        500        1  Right
14  1   100        9206       104062     104162     722        500        1  Right
0   15  500        9203       103962     104463     721        3500       1  Right
12  15  100        9228       104463     104563     724        100        1  Right
1   14  500        9227       104162     104663     723        2500       1  Right
9   1   100        9207       104663     104763     726        300        1  Left 
14  0   100        9250       104763     104863     727        600        1  Left 
2   6   500        9232       104563     105064     725        3000       1  Right
0   14  500        9276       104863     105364     728        3000       1  Left 
4   1   100        9217       105364     105464     730        700        1  Left 
15  1   100        9220       105464     105564     731        800        1  Left 
6   10  500        9248       105364     105865     730        1500       1  Right
6   8   100        9278       105865     105965     733        400        1  Right
1   15  500        9246       105564     106065     732        4000       1  Left 
8   6   500        9304       105965     106466     734        2000       1  Right
1   4   500        9248       106065     106566     735        3500       1  Left 
11  4   100        9321       106566     106666     737        100        1  Right
6   7   500        9310       106466     106967     736        2500       1  Right
1   9   500        9253       106566     107067     737        1500       1  Left 
10  2   100        9241       106967     107068     739        900        1  Right
15  1   100        9273       107068     107069     741        800        1  Right
4   0   100        9290       107068     107070     741        600        1  Right
11  6   100        9322       107070     107170     743        400        1  Right
2   10  500        9277       107070     107570     743        3500       1  Left 
4   8   100        9292       107570     107670     745        700        1  Right
11  2   100        9366       107570     107671     744        200        1  Right
10  6   100        9329       107670     107771     745        300        1  Right
6   8   100        9349       107771     107871     747        400        1  Right
6   8   100        9350       107871     107971     748        400        1  Right
1   0   500        9291       107570     108070     745        500        1  Left 
5   8   100        9351       107971     108072     749        200        1  Right
4   1   100        9299       108070     108171     751        700        1  Left 
5   10  500        9375       108072     108573     751        500        1  Right
1   15  500        9299       108171     108672     753        4000       1  Left 
13  0   100        9301       108672     108673     755        400        1  Right
1   4   500        9331       108672     108674     754        4500       1  Right
0   13  500        9332       108673     108774     755        2000       1  Right
4   11  500        9342       108674     109174     756        500        1  Right
1   14  500        9332       108674     109175     756        2500       1  Right
14  0   100        9308       109175     109275     760        600        1  Left 
14  1   100        9310       109275     109375     761        500        1  Right
9   0   100        9316       109275     109376     761        200        1  Right
15  1   100        9324       109375     109476     762        800        1  Right
0   5   100        9332       109476     109576     763        500        1  Left 
14  4   100        9365       109476     109577     763        400        1  Right
7   1   100        9355       109576     109676     764        100        1  Right
8   5   100        9333       109576     109677     764        200        1  Right
8   6   100        9333       109677     109777     767        400        1  Right
0   9   500        9367       109576     110078     764        1000       1  Right
1   15  500        9350       109777     110278     768        4000       1  Right
10  5   100        9354       110278     110378     770        100        1  Right
4   6   100        9361       110278     110379     770        300        1  Right
15  3   100        9389       110379     110479     772        600        1  Right
8   0   500        9343       110278     110778     770        1500       1  Left 
4   1   100        9362       110778     110878     774        700        1  Left 
6   5   500        9369       110379     110880     772        1000       1  Right
4   0   100        9366       110878     110979     775        600        1  Right
5   1   100        9392       110880     110981     776        400        1  Right
13  0   100        9380       110979     111080     777        400        1  Right
8   4   100        9382       110981     111082     778        700        1  Right
0   1   100        9397       111080     111181     779        100        1  Left 
8   4   100        9384       111082     111183     781        700        1  Right
15  8   100        9393       111183     111184     782        600        1  Right
1   4   500        9395       111183     111585     782        3500       1  Left 
15  3   100        9394       111585     111685     784        600        1  Right
