
118
C:/Users/nxconrad/Desktop/REU 2.0/Benchmark Data/16-core/7/flow_freqmine100#2.txt
810
[14, 10, 12, 13, 8, 2, 4, 6, 7, 15, 1, 5, 0, 11, 3, 9]
10  1   100        6420       6422       6522       0          700        1  Left 
10  0   100        6422       6522       6622       1          500        1  Left 
2   15  500        6428       6522       7023       0          2000       1  Right
0   3   500        6423       6622       7123       1          1000       1  Right
12  0   100        6439       7123       7223       3          600        1  Left 
6   2   500        6435       7023       7524       2          1000       1  Right
2   6   100        6460       7524       7624       5          200        1  Right
1   11  500        6440       7223       7724       4          1500       1  Right
15  8   100        6469       7624       7725       6          500        1  Right
3   0   100        6455       7724       7825       7          200        1  Right
1   5   500        6460       7724       7826       7          500        1  Right
8   15  500        6520       7725       7827       8          2500       1  Right
0   12  500        6475       7825       7927       9          3000       1  Left 
7   8   100        6567       7827       7928       10         400        1  Right
1   10  500        6461       7927       8428       12         3500       1  Left 
1   5   100        6468       8428       8528       14         100        1  Right
12  0   100        6513       8428       8529       14         600        1  Left 
11  1   100        6477       8529       8629       16         300        1  Right
3   13  500        6537       8529       9030       15         2500       1  Left 
6   1   500        6485       8629       9130       17         1500       1  Right
0   9   100        6526       9030       9131       17         300        1  Right
10  1   100        6513       9130       9231       19         900        1  Right
11  3   100        6551       9131       9232       19         100        1  Right
0   7   100        6527       9231       9332       20         400        1  Right
9   3   100        6564       9232       9333       21         100        1  Right
8   7   500        6588       9332       9832       22         2000       1  Right
1   11  500        6513       9332       9833       23         1500       1  Right
3   9   500        6600       9333       9835       23         500        1  Right
5   1   500        6529       9833       10334      25         500        1  Right
0   12  500        6549       9835       10336      26         3000       1  Left 
1   10  500        6554       10336      10836      28         3500       1  Left 
0   8   500        6588       10836      11336      29         4000       1  Right
10  8   100        6595       11336      11436      30         300        1  Right
1   2   100        6612       11336      11437      30         500        1  Right
8   10  500        6621       11436      11937      30         1500       1  Right
2   0   500        6614       11437      11938      32         3500       1  Right
10  3   100        6643       11937      12038      32         300        1  Left 
12  1   100        6596       11938      12039      34         800        1  Right
7   1   100        6613       12039      12139      36         200        1  Right
1   0   100        6617       12139      12239      37         200        1  Right
6   2   500        6677       12039      12540      35         1000       1  Right
1   12  500        6627       12239      12740      37         4000       1  Left 
8   0   100        6648       12740      12741      39         800        1  Left 
12  0   100        6660       12741      12841      40         600        1  Left 
2   1   500        6633       12740      13141      39         2500       1  Right
0   1   500        6638       13141      13641      42         1000       1  Right
15  1   100        6639       13641      13741      43         100        1  Right
0   6   100        6672       13641      13742      43         1100       1  Left 
1   7   500        6664       13741      14242      44         1000       1  Right
0   12  500        6696       13742      14243      45         3000       1  Left 
0   13  100        6696       14243      14343      47         700        1  Left 
1   15  500        6665       14242      14743      46         500        1  Right
9   1   100        6640       14743      14744      49         1100       1  Left 
0   3   500        6752       14343      14745      48         1000       1  Right
1   9   500        6687       14744      15245      50         5500       1  Left 
2   1   100        6692       15245      15345      52         500        1  Right
15  0   100        6703       15345      15445      53         300        1  Right
6   1   100        6705       15445      15545      54         300        1  Right
2   13  500        6746       15345      15846      53         1000       1  Right
15  8   100        6705       15846      15946      56         500        1  Right
8   0   500        6709       15946      16446      57         4000       1  Right
7   0   100        6710       16446      16546      58         400        1  Right
15  1   100        6712       16546      16646      59         100        1  Right
8   7   100        6757       16546      16647      59         400        1  Right
8   13  100        6757       16647      16747      61         100        1  Right
8   12  100        6757       16747      16847      62         200        1  Right
8   11  100        6757       16847      16947      63         700        1  Left 
8   10  100        6757       16947      17047      64         300        1  Right
1   2   500        6713       16647      17147      61         2500       1  Right
8   9   100        6757       17047      17148      65         500        1  Left 
7   1   100        6721       17147      17248      66         200        1  Right
13  2   100        6725       17148      17249      67         200        1  Right
7   0   100        6723       17248      17349      68         400        1  Right
9   0   100        6733       17349      17449      70         300        1  Right
12  0   100        6738       17449      17549      71         600        1  Left 
0   8   100        6761       17549      17649      72         800        1  Left 
6   2   500        6747       17249      17750      69         1000       1  Right
7   8   100        6765       17750      17850      74         400        1  Right
1   15  500        6738       17349      17851      70         500        1  Right
5   2   500        6846       17850      17852      75         5000       1  Left 
1   6   500        6746       17851      17853      76         1500       1  Right
12  1   100        6740       17853      17953      78         800        1  Right
9   1   100        6744       17953      18053      79         500        1  Right
15  6   100        6763       17953      18054      79         200        1  Right
9   0   100        6746       18053      18154      80         300        1  Right
2   6   100        6790       18054      18154      81         200        1  Right
15  1   100        6764       18054      18155      81         100        1  Right
9   8   100        6780       18154      18255      82         500        1  Left 
10  8   100        6782       18255      18355      84         300        1  Right
11  8   100        6784       18355      18455      85         700        1  Left 
12  8   100        6786       18455      18555      86         200        1  Right
13  8   100        6788       18555      18655      87         100        1  Right
1   7   500        6767       18155      18656      83         1000       1  Right
13  8   100        6796       18655      18756      88         100        1  Right
15  0   100        6768       18656      18757      89         300        1  Right
12  4   100        6821       18756      18857      90         400        1  Right
7   1   100        6818       18757      18857      91         200        1  Right
3   0   100        6786       18757      18858      91         200        1  Right
1   12  500        6774       18857      19358      92         4000       1  Right
3   11  500        6838       18858      19359      93         500        1  Right
1   9   500        6790       19358      19859      94         5500       1  Left 
2   5   100        6815       19859      19959      96         1000       1  Left 
1   15  500        6792       19859      20359      96         500        1  Right
3   10  500        6935       19959      20459      97         1500       1  Left 
4   12  500        6847       19959      20460      97         2000       1  Right
10  2   100        7037       20460      20560      99         400        1  Right
1   7   500        6864       20359      20861      98         1000       1  Right
3   14  500        6943       20459      20960      99         1000       1  Left 
1   0   100        6870       20861      20961      102        200        1  Right
8   15  100        6829       20861      20962      102        500        1  Right
9   1   100        6846       20961      21062      104        500        1  Right
8   15  100        6837       20962      21063      105        500        1  Right
1   9   500        6892       21062      21563      106        2500       1  Right
15  8   500        6875       21063      21564      107        2500       1  Right
14  8   100        6908       21564      21664      109        400        1  Right
7   8   100        6910       21664      21764      110        400        1  Right
14  3   100        6912       21664      21765      110        200        1  Left 
0   1   500        6896       21563      22064      108        1000       1  Right
1   0   100        6929       22064      22164      113        200        1  Right
8   13  500        6934       21764      22266      111        500        1  Right
0   1   500        6950       22164      22665      114        1000       1  Right
1   0   100        6972       22665      22765      116        200        1  Right
8   7   500        6935       22266      22767      115        2000       1  Right
1   0   100        7014       22765      22866      117        200        1  Right
9   8   100        6938       22767      22868      118        500        1  Left 
7   3   100        6962       22866      22967      119        600        1  Right
9   3   100        6984       22967      23067      121        100        1  Right
3   4   100        6998       23067      23167      122        800        1  Right
3   5   100        6998       23167      23267      123        300        1  Right
3   6   100        6998       23267      23367      124        700        1  Right
8   14  500        6954       22868      23369      120        2000       1  Right
3   7   100        7054       23367      23468      124        600        1  Right
2   5   100        7066       23468      23568      126        600        1  Right
8   9   500        6959       23369      23870      126        2500       1  Left 
0   8   500        6971       23870      24370      129        4000       1  Right
0   10  100        6974       24370      24470      130        500        1  Left 
4   8   100        6975       24370      24471      130        200        1  Right
4   3   100        7008       24471      24571      132        800        1  Left 
0   1   500        6993       24470      24971      131        1000       1  Right
0   10  100        6998       24971      25071      134        500        1  Left 
8   4   500        7011       24571      25072      133        1000       1  Right
14  1   100        7006       25071      25172      135        600        1  Left 
12  4   100        7073       25072      25173      135        400        1  Right
0   15  100        7011       25172      25273      137        300        1  Right
5   3   100        7015       25273      25373      139        300        1  Right
6   3   100        7023       25373      25473      139        700        1  Right
2   10  500        7073       25173      25474      137        2000       1  Right
6   15  500        7065       25473      25773      140        1000       1  Right
1   14  500        7027       25473      25774      140        3000       1  Left 
12  6   100        7074       25773      25874      142        500        1  Right
8   0   100        7028       25874      25974      144        800        1  Right
13  1   100        7032       25974      25975      145        700        1  Right
0   12  100        7067       25974      25976      145        600        1  Left 
1   13  500        7058       25975      26476      146        3500       1  Right
0   3   500        7078       25976      26477      147        1000       1  Right
14  1   100        7048       26476      26577      148        1000       1  Right
14  1   100        7061       26577      26677      150        600        1  Left 
14  0   100        7063       26677      26777      151        400        1  Left 
6   2   500        7077       26577      27078      150        1000       1  Right
12  6   100        7097       27078      27178      153        500        1  Right
1   14  500        7069       26777      27278      152        3000       1  Left 
4   12  500        7099       27178      27679      154        2000       1  Right
1   14  500        7082       27278      27779      155        3000       1  Left 
0   15  100        7086       27779      27879      157        300        1  Right
6   12  500        7133       27679      28180      155        2500       1  Right
0   1   500        7093       27879      28380      158        1000       1  Right
13  0   100        7086       28380      28381      160        700        1  Left 
13  8   100        7088       28381      28481      161        100        1  Right
5   2   500        7097       28380      28482      160        3000       1  Right
8   0   500        7098       28481      28682      162        4000       1  Left 
13  1   100        7095       28682      28782      164        700        1  Right
3   0   100        7107       28682      28783      164        200        1  Right
10  8   100        7119       28782      28882      165        300        1  Right
15  1   100        7100       28782      28883      165        100        1  Right
12  2   100        7128       28882      28983      166        300        1  Right
14  1   100        7104       28883      28984      168        600        1  Left 
8   4   100        7130       28983      29084      168        200        1  Right
14  3   100        7158       28984      29084      169        200        1  Left 
15  1   100        7118       28984      29085      170        100        1  Right
8   7   100        7130       29084      29185      170        400        1  Right
1   0   100        7121       29085      29186      172        200        1  Right
7   8   100        7141       29185      29187      172        400        1  Right
1   13  500        7121       29186      29588      174        4500       1  Left 
13  6   100        7149       29588      29688      175        400        1  Right
12  6   100        7186       29688      29788      176        500        1  Right
1   14  500        7125       29588      30088      175        3000       1  Left 
9   8   100        7150       30088      30188      178        500        1  Left 
4   8   100        7153       30188      30288      179        200        1  Right
1   15  500        7127       30088      30588      178        500        1  Right
8   15  100        7130       30588      30688      181        500        1  Right
8   14  100        7130       30688      30788      182        400        1  Right
8   9   100        7130       30788      30888      183        500        1  Left 
0   1   500        7142       30588      31089      181        1000       1  Right
3   9   500        7281       30888      31389      183        500        1  Right
0   8   100        7155       31389      31489      186        800        1  Left 
14  8   100        7172       31489      31589      187        400        1  Right
1   15  500        7144       31089      31590      185        500        1  Right
13  1   100        7150       31590      31690      189        700        1  Right
13  0   100        7154       31690      31790      190        700        1  Left 
2   1   100        7155       31690      31791      190        500        1  Right
2   1   100        7155       31791      31891      192        500        1  Right
1   0   100        7163       31891      31991      193        200        1  Right
2   12  500        7155       31891      32391      193        1500       1  Right
0   15  500        7210       31991      32492      194        1500       1  Right
6   12  500        7363       32391      32892      194        2500       1  Right
15  8   100        7174       32892      32992      197        500        1  Right
1   2   500        7176       32992      33492      198        2500       1  Right
13  8   500        7256       32992      33493      197        500        1  Right
15  0   100        7189       33492      33593      199        300        1  Right
1   13  500        7178       33593      34093      201        3500       1  Right
8   13  100        7225       34093      34193      201        100        1  Right
8   13  100        7227       34193      34293      202        100        1  Right
1   2   500        7179       34093      34593      202        2500       1  Right
2   0   100        7221       34593      34693      205        700        1  Right
15  0   100        7231       34693      34793      205        300        1  Right
8   10  500        7305       34293      34794      203        1500       1  Right
0   2   500        7247       34793      35294      206        3500       1  Right
7   2   100        7338       35294      35394      208        300        1  Right
0   15  500        7252       35294      35794      208        1500       1  Right
0   11  100        7277       35794      35894      210        100        1  Right
15  1   100        7279       35794      35895      210        100        1  Right
0   7   100        7300       35894      35896      211        1200       1  Left 
1   15  500        7305       35895      35897      212        500        1  Right
2   7   500        7379       35896      35996      213        1500       1  Right
0   8   500        7350       35896      35997      213        4000       1  Left 
15  0   100        7333       35997      36097      216        300        1  Right
7   8   100        7430       35997      36098      216        400        1  Right
4   8   100        7438       36098      36198      218        200        1  Right
0   15  500        7354       36097      36598      217        1500       1  Right
0   1   500        7365       36598      37098      220        1000       1  Right
12  1   100        7381       37098      37198      221        800        1  Right
0   3   500        7399       37098      37599      221        1000       1  Right
1   12  500        7412       37198      37699      222        4000       1  Right
15  0   100        7388       37699      37799      224        300        1  Right
4   3   100        7442       37699      37800      224        800        1  Left 
15  1   100        7390       37799      37900      225        100        1  Right
0   13  100        7404       37800      37901      226        700        1  Left 
8   0   100        7408       37901      38001      228        800        1  Left 
3   0   100        7431       38001      38101      229        200        1  Right
1   15  500        7417       37900      38401      227        500        1  Right
6   13  500        7441       38001      38503      229        2000       1  Right
3   14  500        7450       38101      38602      230        1000       1  Left 
10  1   100        7399       38503      38604      232        900        1  Right
1   10  500        7440       38604      39104      234        3500       1  Left 
8   7   500        7451       38604      39105      234        2000       1  Right
0   13  100        7473       39104      39205      235        700        1  Left 
15  4   100        7453       39105      39206      236        300        1  Right
12  2   100        7458       39205      39306      237        300        1  Right
3   7   100        7463       39206      39307      238        600        1  Right
6   12  500        7463       39306      39807      239        2500       1  Right
2   0   100        7474       39807      39907      241        700        1  Right
10  0   100        7483       39907      40007      242        500        1  Left 
13  1   100        7489       40007      40107      243        900        1  Left 
8   4   500        7474       39907      40407      242        1000       1  Right
5   8   100        7481       40407      40507      245        700        1  Right
6   8   100        7483       40507      40607      246        300        1  Right
5   3   100        7485       40507      40608      246        300        1  Right
4   15  500        7494       40607      41107      247        1500       1  Right
2   12  500        7484       40607      41108      247        1500       1  Right
10  8   100        7485       41108      41208      250        300        1  Right
7   3   500        7486       41107      41608      249        3000       1  Right
8   0   500        7485       41608      42108      252        4000       1  Right
6   3   100        7487       42108      42208      253        700        1  Right
10  1   100        7492       42208      42308      254        700        1  Left 
7   3   100        7494       42308      42408      255        600        1  Right
7   1   100        7540       42408      42508      255        200        1  Right
8   6   500        7509       42208      42709      254        1500       1  Right
0   2   500        7500       42709      43209      258        3500       1  Right
8   5   500        7512       43209      43709      259        3500       1  Right
8   4   100        7512       43709      43809      260        200        1  Right
8   5   100        7512       43809      43909      261        700        1  Right
8   6   100        7512       43909      44009      262        300        1  Right
8   7   100        7512       44009      44109      263        400        1  Right
8   13  100        7512       44109      44209      264        100        1  Right
12  6   100        7516       44109      44210      264        1100       1  Left 
1   13  500        7515       44210      44710      266        3500       1  Right
3   4   500        7536       44710      45210      266        4000       1  Right
3   5   500        7537       45210      45710      267        1500       1  Right
1   10  500        7538       45210      45711      267        4500       1  Right
2   0   100        7538       45711      45811      269        700        1  Right
8   10  100        7612       45711      45812      269        300        1  Right
3   6   500        7538       45811      46312      270        3500       1  Right
12  5   100        7541       46312      46412      272        700        1  Left 
0   8   100        7544       46412      46512      273        800        1  Right
13  0   100        7547       46512      46612      274        700        1  Left 
7   8   100        7548       46512      46613      274        400        1  Right
3   4   100        7547       46613      46713      276        800        1  Right
3   5   100        7547       46713      46813      277        300        1  Right
6   8   100        7550       46713      46814      277        300        1  Right
3   6   100        7547       46814      46914      279        700        1  Right
5   8   100        7552       46914      47014      280        700        1  Right
4   8   100        7554       47014      47114      281        200        1  Right
4   1   100        7561       47114      47115      282        400        1  Right
13  8   100        7571       47114      47116      282        100        1  Right
7   8   100        7640       47116      47216      283        400        1  Right
5   12  500        7572       47014      47416      281        3500       1  Left 
0   2   500        7564       47416      47916      286        3500       1  Right
5   1   100        7577       47916      48016      287        100        1  Right
0   13  500        7578       47916      48417      287        3500       1  Left 
0   7   100        7579       48417      48517      289        400        1  Right
10  6   100        7590       48417      48518      289        600        1  Right
0   11  100        7603       48517      48617      290        100        1  Right
4   3   100        7592       48518      48619      291        800        1  Left 
2   0   100        7591       48619      48719      293        900        1  Left 
5   3   100        7598       48719      48819      294        300        1  Right
1   7   500        7586       48517      49018      290        1000       1  Right
0   2   500        7617       48819      49019      295        4500       1  Left 
11  2   100        7642       49019      49119      296        800        1  Left 
1   4   500        7596       49018      49218      296        2000       1  Right
0   13  500        7642       49119      49620      297        3500       1  Left 
1   5   500        7619       49218      49719      299        500        1  Right
3   7   100        7640       49620      49721      299        1000       1  Left 
10  1   100        7591       49721      49821      302        700        1  Left 
10  0   100        7595       49821      49921      303        500        1  Left 
6   1   100        7606       49821      49922      303        300        1  Right
13  0   100        7609       49921      50022      304        700        1  Left 
4   1   100        7639       49922      50023      304        400        1  Right
6   3   100        7606       50023      50123      307        700        1  Right
7   0   100        7644       50123      50223      307        400        1  Right
2   0   100        7650       50223      50323      308        700        1  Right
4   1   100        7652       50323      50423      309        400        1  Right
10  8   500        7674       50022      50523      305        1500       1  Right
7   1   100        7653       50423      50524      310        200        1  Right
4   0   100        7654       50523      50624      311        1000       1  Left 
5   1   100        7658       50524      50625      312        100        1  Right
5   1   100        7671       50625      50725      314        100        1  Right
5   0   100        7673       50725      50825      315        100        1  Right
2   11  500        7673       50624      51125      313        4000       1  Left 
1   10  500        7634       51125      51625      317        3500       1  Left 
8   10  100        7661       51625      51725      318        300        1  Right
1   6   500        7647       51625      52125      318        1500       1  Right
0   2   500        7677       51725      52126      319        4500       1  Left 
2   0   100        7714       52126      52127      321        900        1  Left 
11  8   100        7718       52127      52227      322        700        1  Left 
1   4   500        7670       52125      52427      320        2000       1  Right
13  1   100        7676       52427      52527      324        700        1  Right
1   4   500        7683       52527      53027      325        2000       1  Right
15  4   100        7705       53027      53127      326        300        1  Right
15  6   100        7706       53127      53227      327        200        1  Right
0   15  100        7712       53227      53228      328        1300       1  Left 
15  6   100        7720       53228      53328      329        200        1  Right
1   5   500        7694       53027      53428      326        500        1  Right
7   8   100        7727       53328      53428      328        400        1  Right
10  8   100        7761       53428      53528      329        300        1  Right
0   3   500        7723       53228      53730      328        1000       1  Right
1   7   500        7699       53428      53929      331        1000       1  Right
6   1   100        7702       53929      54029      334        300        1  Right
6   1   100        7715       54029      54129      335        300        1  Right
4   1   100        7729       54129      54130      334        400        1  Right
0   2   500        7740       53730      54132      331        4500       1  Left 
4   15  500        7746       54130      54631      335        1500       1  Right
1   13  500        7703       54132      54632      338        4500       1  Left 
8   7   500        7708       54631      55131      339        2000       1  Right
1   5   500        7714       54632      55133      340        500        1  Right
6   0   100        7717       55131      55232      341        1100       1  Left 
8   10  100        7748       55232      55332      341        300        1  Right
13  0   100        7758       55332      55432      342        700        1  Left 
0   8   100        7763       55432      55532      343        800        1  Left 
1   6   500        7743       55232      55732      341        1500       1  Right
0   13  500        7789       55532      56033      344        3500       1  Left 
12  5   100        7792       56033      56133      346        700        1  Left 
1   6   500        7756       55732      56233      345        1500       1  Right
1   4   500        7762       56233      56733      348        2000       1  Right
7   6   100        7764       56733      56734      349        100        1  Right
15  2   100        7790       56733      56735      349        1200       1  Left 
7   1   100        7765       56735      56835      351        200        1  Right
5   1   100        7789       56835      56836      352        100        1  Right
0   2   500        7806       56735      57137      351        4500       1  Left 
6   15  500        7771       56835      57237      352        1000       1  Right
0   10  100        7816       57137      57238      354        500        1  Left 
8   7   100        7787       57237      57338      355        400        1  Right
0   9   100        7881       57238      57339      353        300        1  Right
8   7   100        7789       57338      57439      357        400        1  Right
0   9   100        7905       57339      57440      355        300        1  Right
1   7   500        7823       57439      57939      359        1000       1  Right
6   12  500        7804       57439      57940      359        2500       1  Right
7   0   100        7769       57939      58040      361        400        1  Right
2   0   100        7780       58040      58041      363        700        1  Right
8   11  500        7827       57940      58042      359        3500       1  Left 
3   0   100        7807       58042      58142      365        200        1  Right
1   5   500        7826       58041      58241      361        500        1  Right
2   15  500        7821       58041      58242      364        2000       1  Right
8   3   100        7828       58142      58244      363        600        1  Left 
6   1   100        7824       58242      58245      367        300        1  Right
15  6   100        7851       58245      58345      367        200        1  Right
8   4   500        7860       58244      58646      366        1000       1  Right
5   12  500        7823       58244      58647      369        3500       1  Left 
13  0   100        7836       58647      58747      370        700        1  Left 
7   8   500        7798       58646      59147      372        2000       1  Right
4   8   100        7824       59147      59247      374        200        1  Right
6   10  500        7867       59147      59648      372        5000       1  Left 
2   1   100        7828       59648      59649      374        500        1  Right
5   8   100        7872       59648      59650      374        900        1  Left 
1   2   500        7853       59649      59651      375        2500       1  Right
8   0   500        7899       59650      59652      376        4000       1  Left 
13  1   100        7838       59652      59752      378        700        1  Right
1   13  500        7865       59752      60252      379        3500       1  Right
4   3   100        7892       60252      60352      380        800        1  Left 
13  4   100        7893       60352      60452      381        300        1  Right
5   3   100        7937       60352      60453      379        300        1  Right
1   6   500        7870       60252      60752      380        1500       1  Right
12  1   100        7873       60752      60852      384        800        1  Left 
12  1   100        7873       60852      60952      385        800        1  Left 
4   13  500        7924       60452      60954      382        1500       1  Right
6   8   100        7917       60954      61054      387        300        1  Right
1   12  500        7904       60952      61453      386        4000       1  Left 
2   1   100        7875       61453      61454      389        500        1  Right
8   5   500        7903       61453      61855      389        4500       1  Left 
10  1   100        7895       61855      61955      391        700        1  Left 
12  2   100        7932       61855      61956      389        300        1  Right
11  1   100        7926       61955      62056      391        300        1  Right
8   6   500        7943       61956      62457      391        1500       1  Right
1   12  500        7907       62056      62557      394        4000       1  Left 
8   4   100        8041       62457      62558      393        200        1  Right
1   10  500        7936       62557      63058      394        3500       1  Left 
2   12  500        7960       62558      63059      395        1500       1  Right
0   10  100        7943       63058      63159      396        500        1  Left 
2   1   100        7968       63059      63160      397        500        1  Right
12  0   100        7951       63159      63161      398        600        1  Left 
8   5   100        8041       63160      63162      399        700        1  Right
11  0   100        8007       63161      63262      400        100        1  Right
9   2   100        7948       63162      63263      401        600        1  Left 
6   3   100        7965       63262      63264      402        700        1  Right
2   9   500        7989       63263      63665      403        3000       1  Left 
6   15  500        8010       63264      63666      404        1000       1  Right
1   2   500        7951       63665      64067      405        5500       1  Left 
6   7   500        8026       63666      64167      406        500        1  Right
0   8   100        7956       64067      64168      407        800        1  Left 
8   6   100        8041       64168      64268      409        300        1  Right
8   7   100        8041       64268      64368      410        400        1  Right
13  4   100        8145       64368      64468      411        300        1  Right
1   11  500        7962       64168      64668      409        1500       1  Right
10  1   100        7975       64668      64768      413        700        1  Left 
0   12  500        7987       64768      65268      414        3000       1  Left 
11  8   100        8009       65268      65368      415        700        1  Left 
11  1   100        8016       65368      65468      416        300        1  Right
9   8   100        8040       65368      65469      416        500        1  Left 
15  1   100        8043       65468      65569      417        100        1  Right
0   3   500        8099       65468      65969      417        1000       1  Right
1   10  500        8016       65569      66070      419        4500       1  Right
7   1   100        8049       66070      66170      421        200        1  Right
10  0   100        8059       66070      66171      421        500        1  Left 
7   8   100        8058       66170      66271      422        400        1  Right
6   8   100        8060       66271      66371      424        300        1  Right
15  2   100        8107       66371      66471      425        400        1  Right
15  2   100        8170       66471      66571      426        400        1  Right
1   11  500        8052       66171      66672      423        1500       1  Right
5   8   100        8062       66672      66772      428        700        1  Right
4   8   100        8064       66772      66872      429        200        1  Right
0   10  500        8105       66672      67173      428        2500       1  Left 
11  6   100        8087       67173      67273      431        1000       1  Left 
1   15  500        8069       66772      67274      429        500        1  Right
8   11  100        8100       67273      67374      432        700        1  Left 
8   11  100        8101       67374      67474      434        700        1  Left 
13  6   100        8146       67474      67574      435        400        1  Right
1   7   500        8095       67274      67775      433        1000       1  Right
11  1   100        8088       67775      67776      437        300        1  Right
11  0   100        8092       67776      67876      438        100        1  Right
8   9   500        8160       67574      67877      436        2500       1  Left 
2   15  500        8138       67775      68079      437        2000       1  Right
1   11  500        8126       67876      68278      439        1500       1  Right
6   15  500        8153       68079      68580      441        1000       1  Right
0   7   100        8118       68580      68680      443        400        1  Right
11  8   500        8121       68278      68779      442        3500       1  Left 
7   1   100        8139       68680      68781      444        200        1  Right
13  6   100        8180       68779      68879      445        400        1  Right
3   0   100        8128       68779      68880      445        200        1  Right
13  2   100        8210       68879      68979      447        200        1  Right
10  0   100        8158       68880      68981      448        500        1  Left 
1   7   500        8185       68781      69283      446        1000       1  Right
3   8   500        8140       68981      69482      450        3000       1  Left 
0   13  100        8159       69482      69582      452        700        1  Left 
8   0   100        8196       69582      69682      453        800        1  Left 
12  0   100        8204       69682      69782      454        600        1  Left 
2   15  500        8201       69283      69784      451        2000       1  Right
15  6   100        8230       69784      69884      456        200        1  Right
0   10  500        8204       69782      70283      455        2500       1  Left 
4   13  500        8176       69784      70285      456        1500       1  Right
0   14  100        8207       70283      70383      458        400        1  Left 
5   15  500        8301       69884      70384      457        1000       1  Right
6   13  500        8221       70285      70786      459        2000       1  Right
0   12  500        8240       70383      70883      460        3000       1  Left 
1   2   500        8213       70786      71287      462        2500       1  Right
14  2   100        8228       71287      71288      464        500        1  Right
3   4   500        8175       71287      71688      464        4000       1  Right
1   3   100        8215       71688      71788      466        400        1  Right
2   13  500        8231       71288      71789      465        1000       1  Right
1   8   100        8219       71789      71889      468        600        1  Right
9   1   100        8249       71889      71890      469        1100       1  Left 
10  1   100        8250       71890      71990      470        900        1  Right
13  6   100        8251       71990      72090      471        400        1  Right
3   5   500        8224       71788      72190      467        1500       1  Right
1   10  500        8291       72090      72591      472        4500       1  Right
7   0   100        8233       72591      72691      474        400        1  Right
2   3   100        8250       72591      72692      474        700        1  Left 
0   7   100        8252       72691      72792      475        400        1  Right
2   8   100        8254       72692      72793      476        100        1  Right
12  0   100        8290       72792      72892      477        600        1  Left 
15  5   100        8255       72792      72893      477        200        1  Right
2   14  500        8254       72892      73393      479        2500       1  Right
3   6   500        8259       72893      73394      480        3500       1  Right
14  8   100        8301       73393      73494      481        400        1  Right
0   1   100        8260       73394      73495      482        200        1  Right
0   1   100        8260       73495      73595      484        200        1  Right
6   11  500        8369       73494      73596      483        5000       1  Left 
0   7   500        8284       73595      73697      485        2000       1  Right
6   13  500        8440       73596      74097      485        2000       1  Right
1   9   500        8295       73697      74198      487        2500       1  Right
6   15  500        8532       74097      74598      485        1000       1  Right
8   1   500        8290       74198      74699      489        5000       1  Left 
8   0   500        8290       74699      75199      491        4000       1  Right
15  5   100        8506       75199      75299      491        200        1  Right
8   2   500        8311       75199      75699      492        500        1  Right
0   12  500        8326       75199      75700      492        3000       1  Left 
5   15  500        8552       75299      75701      490        1000       1  Right
7   0   100        8335       75700      75702      495        1200       1  Left 
10  0   100        8343       75702      75802      497        500        1  Left 
2   1   100        8363       75702      75803      497        500        1  Right
9   0   100        8359       75802      75804      498        300        1  Right
8   14  500        8347       75802      76205      498        2000       1  Right
1   2   500        8384       75803      76207      499        2500       1  Right
9   8   100        8361       76205      76306      501        500        1  Left 
0   7   500        8386       76207      76708      502        2000       1  Right
12  0   100        8363       76708      76808      504        600        1  Left 
9   1   100        8368       76808      76908      505        500        1  Right
8   1   100        8386       76908      77008      506        600        1  Right
8   2   100        8386       77008      77108      507        100        1  Right
0   10  500        8389       76908      77409      506        2500       1  Left 
8   14  100        8386       77409      77509      509        400        1  Right
11  1   100        8402       77409      77510      509        300        1  Right
9   6   100        8461       77509      77610      509        800        1  Left 
8   11  100        8386       77610      77710      512        700        1  Left 
2   1   100        8406       77610      77711      512        500        1  Right
7   1   100        8440       77711      77811      513        200        1  Right
0   12  500        8399       77710      78211      513        3000       1  Left 
1   9   500        8414       78211      78711      516        2500       1  Right
11  8   100        8414       78711      78811      517        700        1  Left 
1   8   100        8424       78811      78911      518        600        1  Right
2   8   100        8425       78911      79011      519        100        1  Right
14  8   100        8428       79011      79111      519        400        1  Right
14  8   100        8435       79111      79211      520        400        1  Right
0   3   500        8423       78811      79212      518        1000       1  Right
8   9   100        8492       79211      79212      521        500        1  Left 
0   11  100        8424       79212      79312      523        100        1  Right
8   9   100        8493       79212      79313      522        500        1  Left 
1   2   500        8427       79011      79413      519        2500       1  Right
10  0   100        8452       79313      79414      524        500        1  Left 
1   11  500        8440       79414      79914      526        1500       1  Right
2   3   500        8526       79414      79915      526        3500       1  Left 
10  1   100        8454       79915      80015      528        700        1  Left 
12  0   100        8461       80015      80016      529        600        1  Left 
1   13  500        8489       80015      80017      529        3500       1  Right
0   12  500        8497       80016      80117      530        3000       1  Left 
2   13  500        8548       80017      80517      529        1000       1  Right
1   7   500        8495       80017      80518      531        1000       1  Right
9   1   100        8462       80518      80618      534        500        1  Right
9   0   100        8466       80618      80718      535        300        1  Right
8   14  500        8532       80517      81018      531        2000       1  Right
13  1   100        8463       81018      81019      537        700        1  Right
12  0   100        8531       81018      81020      535        600        1  Left 
3   1   100        8466       81020      81120      539        400        1  Right
11  1   100        8495       81120      81220      540        300        1  Right
6   13  500        8554       81019      81520      536        2000       1  Right
1   10  500        8498       81220      81721      541        3500       1  Left 
2   13  500        8591       81520      82021      540        1000       1  Right
10  4   100        8587       82021      82121      542        500        1  Right
1   9   500        8510       81721      82222      543        2500       1  Right
4   10  500        8613       82121      82622      543        2500       1  Right
1   11  500        8531       82222      82723      544        1500       1  Right
9   8   500        8503       82622      82724      547        2500       1  Left 
3   2   500        8507       82723      82825      548        4500       1  Right
0   8   500        8513       82825      83325      550        4000       1  Right
0   5   100        8514       83325      83425      551        100        1  Right
3   2   100        8517       83325      83426      551        700        1  Left 
13  2   100        8527       83426      83526      552        200        1  Right
13  2   100        8570       83526      83626      552        200        1  Right
13  6   100        8610       83626      83726      553        400        1  Right
1   0   500        8543       83425      83926      550        1000       1  Right
1   0   500        8556       83926      84426      555        1000       1  Right
3   1   100        8557       84426      84526      556        400        1  Right
7   0   100        8561       84526      84626      557        400        1  Right
5   2   100        8578       84626      84726      558        600        1  Right
8   1   100        8583       84726      84826      559        600        1  Right
0   12  500        8567       84626      85126      558        3000       1  Left 
0   11  100        8567       85126      85127      561        100        1  Right
8   9   100        8684       85126      85128      560        500        1  Left 
2   5   500        8609       84826      85228      560        3000       1  Right
11  0   100        8607       85127      85229      562        100        1  Right
14  1   100        8591       85228      85329      564        1000       1  Right
12  0   100        8612       85329      85330      566        600        1  Left 
13  5   100        8635       85329      85331      565        800        1  Right
14  0   100        8635       85330      85431      566        400        1  Left 
1   14  500        8612       85431      85931      569        3000       1  Left 
0   8   100        8614       85931      86031      570        800        1  Right
0   7   500        8618       86031      86531      571        2000       1  Right
0   1   100        8621       86531      86631      572        200        1  Right
15  1   100        8622       86631      86731      573        100        1  Right
15  1   100        8622       86731      86831      574        100        1  Right
0   12  500        8648       86631      87132      572        3000       1  Left 
1   8   500        8634       86831      87332      574        3000       1  Right
14  8   100        8637       87332      87432      576        400        1  Right
0   11  500        8651       87132      87633      575        500        1  Right
5   8   100        8654       87633      87733      578        900        1  Left 
1   15  500        8648       87332      87834      576        500        1  Right
5   13  500        8671       87733      88234      579        4000       1  Left 
7   0   100        8675       88234      88235      581        1200       1  Left 
1   15  500        8651       87834      88236      580        500        1  Right
9   8   100        8692       88235      88336      582        500        1  Left 
15  2   100        8671       88236      88337      583        400        1  Right
14  1   100        8644       88336      88437      584        600        1  Left 
2   15  500        8702       88337      88838      585        2000       1  Right
1   14  500        8665       88437      88938      586        3000       1  Left 
7   1   100        8677       88938      89038      588        200        1  Right
14  6   100        8693       88938      89039      588        700        1  Right
15  0   100        8690       89038      89139      589        300        1  Right
7   4   100        8783       89039      89139      590        200        1  Right
8   14  100        8713       89039      89140      590        400        1  Right
8   14  100        8715       89140      89240      592        400        1  Right
0   15  500        8711       89139      89640      591        1500       1  Right
14  1   100        8694       89640      89740      594        600        1  Left 
14  0   100        8698       89740      89840      595        400        1  Left 
11  0   100        8700       89840      89940      596        100        1  Right
12  0   100        8724       89940      89941      597        600        1  Left 
0   9   100        8726       89941      90041      598        300        1  Right
8   5   500        8803       89740      90142      595        3500       1  Right
0   11  500        8741       90041      90542      599        500        1  Right
1   14  500        8717       90142      90643      600        5000       1  Right
6   9   500        8733       90643      91143      602        4000       1  Right
14  8   500        8749       90643      91144      602        2000       1  Right
1   7   500        8735       91143      91644      603        1000       1  Right
0   12  500        8760       91144      91645      604        3000       1  Left 
4   7   500        8814       91644      92145      605        1000       1  Right
1   3   500        8751       91645      92146      606        2000       1  Right
9   1   100        8756       92146      92246      608        500        1  Right
11  1   100        8782       92246      92247      609        300        1  Right
3   15  100        8785       92246      92248      609        1100       1  Left 
12  0   100        8795       92248      92249      611        600        1  Left 
13  5   100        8886       92248      92250      611        800        1  Right
0   10  100        8798       92249      92350      612        500        1  Left 
1   9   500        8802       92350      92850      614        2500       1  Right
4   10  500        8865       92350      92851      614        2500       1  Right
4   2   100        8866       92851      92951      616        100        1  Right
1   11  500        8818       92850      93351      615        1500       1  Right
9   1   100        8854       93351      93451      618        500        1  Right
6   10  500        8875       92951      93452      617        3000       1  Right
11  0   100        8861       93451      93552      619        100        1  Right
12  1   100        8865       93452      93553      620        800        1  Right
0   4   100        8816       93553      93653      622        600        1  Right
5   1   100        8902       93653      93753      623        100        1  Right
0   12  500        8831       93653      94153      623        3000       1  Left 
6   13  500        8904       93653      94155      623        2000       1  Right
0   9   100        8869       94153      94254      625        300        1  Right
10  4   100        8839       94155      94256      626        500        1  Right
1   3   100        8896       94254      94355      627        400        1  Right
10  6   100        8840       94256      94357      628        600        1  Right
10  6   100        8849       94357      94457      630        600        1  Right
10  2   100        8894       94457      94557      631        400        1  Right
1   9   500        8902       94355      94856      629        2500       1  Right
2   4   500        8902       94557      95058      632        500        1  Right
3   1   100        8909       95058      95059      634        1200       1  Left 
0   11  500        8904       94856      95258      633        500        1  Right
5   13  500        8922       95059      95560      635        4000       1  Right
1   0   500        8910       95560      96060      637        1000       1  Right
2   10  500        8930       95560      96061      637        2000       1  Right
4   8   100        8939       96061      96161      639        200        1  Right
10  6   100        8971       96161      96261      640        600        1  Right
0   15  500        8964       96060      96561      638        1500       1  Right
6   14  500        8997       96261      96762      641        3500       1  Right
1   12  500        8935       96762      97262      643        4000       1  Right
1   5   500        8938       97262      97762      644        500        1  Right
8   0   500        8941       97262      97763      644        4000       1  Left 
15  0   100        8943       97763      97863      646        300        1  Right
9   0   100        8957       97863      97963      647        300        1  Right
11  0   100        8962       97963      98063      648        100        1  Right
11  1   100        8964       98063      98163      649        300        1  Right
12  15  100        8975       98163      98263      650        900        1  Left 
8   4   500        8975       97763      98264      646        1000       1  Right
13  1   100        8977       98263      98364      651        900        1  Left 
8   4   100        9025       98264      98365      652        200        1  Right
13  1   100        8977       98364      98465      653        900        1  Left 
7   4   100        9035       98365      98466      653        200        1  Right
8   14  100        9025       98465      98565      655        400        1  Right
5   0   100        8991       98465      98566      655        100        1  Right
7   6   100        9036       98466      98568      655        100        1  Right
13  2   100        9029       98565      98666      656        200        1  Right
0   1   100        8997       98566      98667      658        200        1  Right
11  4   100        9069       98666      98767      659        900        1  Left 
15  0   100        8997       98667      98768      661        300        1  Right
7   2   100        9102       98767      98868      661        300        1  Right
5   8   100        8993       98768      98869      663        900        1  Left 
5   1   100        9000       98869      98969      665        100        1  Right
0   8   100        9009       98869      98970      665        800        1  Left 
5   6   100        9097       98969      99070      665        400        1  Right
4   8   100        9048       98970      99071      666        200        1  Right
4   8   100        9053       99071      99171      668        200        1  Right
1   13  500        9006       99070      99571      668        4500       1  Left 
4   7   500        9066       99171      99672      669        1000       1  Right
1   13  500        9012       99571      100072     671        4500       1  Left 
0   15  500        9018       100072     100572     673        1500       1  Right
2   13  500        9050       100072     100573     672        1000       1  Right
3   6   100        9117       100573     100673     674        900        1  Left 
1   11  500        9018       100572     101073     674        1500       1  Right
6   10  500        9119       100673     101174     675        3000       1  Right
1   5   500        9036       101073     101573     676        500        1  Right
0   9   500        9020       101073     101574     677        1500       1  Right
14  1   100        9048       101573     101674     678        1000       1  Right
0   14  100        9028       101674     101774     681        400        1  Left 
5   1   100        9098       101674     101775     680        100        1  Right
15  0   100        9040       101774     101875     681        1300       1  Left 
13  0   100        9048       101875     101876     683        700        1  Left 
8   5   100        9107       101875     101877     683        700        1  Right
14  8   100        9061       101877     101977     685        400        1  Right
0   15  500        9061       101877     102377     685        1500       1  Right
4   11  500        9090       101977     102478     686        4500       1  Left 
1   14  500        9069       102478     102978     688        3000       1  Left 
8   5   100        9109       102978     102979     689        700        1  Right
0   13  500        9079       102978     103379     689        3500       1  Left 
8   4   500        9168       102979     103479     688        1000       1  Right
1   5   500        9136       102979     103480     688        500        1  Right
15  3   500        9082       103479     103980     692        5500       1  Left 
15  0   100        9083       103980     104080     694        300        1  Right
9   0   100        9088       104080     104180     695        300        1  Right
14  0   100        9096       104180     104280     696        400        1  Left 
5   0   100        9102       104280     104380     697        100        1  Right
10  1   100        9147       104380     104381     696        700        1  Left 
15  12  500        9116       104080     104382     695        3500       1  Right
1   10  500        9188       104381     104782     697        3500       1  Left 
0   15  500        9114       104782     105282     701        1500       1  Right
0   7   100        9114       105282     105382     702        400        1  Right
3   15  100        9121       105382     105482     703        500        1  Right
2   7   500        9145       105382     105883     701        1500       1  Right
0   14  500        9122       105482     105983     704        2000       1  Left 
5   8   500        9128       105883     106384     705        3500       1  Right
0   6   100        9122       106384     106484     707        500        1  Right
12  6   100        9146       106484     106584     706        500        1  Right
7   6   100        9163       106584     106684     707        100        1  Right
0   9   500        9139       106484     106984     706        1500       1  Right
15  0   100        9140       106984     107084     709        300        1  Right
14  0   100        9154       107084     107184     710        400        1  Left 
6   7   500        9184       106684     107185     708        500        1  Right
6   2   100        9186       107185     107285     712        200        1  Right
7   6   100        9192       107285     107385     713        100        1  Right
10  2   100        9241       107285     107386     711        400        1  Right
0   15  500        9161       107184     107685     711        1500       1  Right
2   6   500        9232       107386     107887     713        1000       1  Right
0   14  500        9180       107685     108186     716        2000       1  Left 
0   14  100        9180       108186     108286     718        400        1  Left 
15  0   100        9182       108286     108386     719        300        1  Right
6   10  500        9248       107887     108388     715        3000       1  Right
0   15  500        9203       108386     108887     720        1500       1  Right
2   10  500        9277       108388     108889     719        2000       1  Right
14  1   100        9206       108887     108890     722        600        1  Left 
12  15  100        9228       108889     108892     723        700        1  Right
9   1   100        9207       108890     108991     724        500        1  Right
6   8   100        9278       108892     108993     723        300        1  Right
1   14  500        9227       108991     109492     726        3000       1  Left 
8   6   500        9304       108993     109494     725        1500       1  Right
14  0   100        9250       109492     109592     726        400        1  Left 
1   15  500        9246       109492     109993     726        500        1  Right
6   7   500        9310       109494     109996     727        500        1  Right
0   14  500        9276       109592     110093     728        2000       1  Left 
4   1   100        9217       109996     110097     732        400        1  Right
15  1   100        9220       110097     110197     734        100        1  Right
0   13  500        9332       110093     110594     729        3500       1  Left 
0   5   100        9332       110594     110694     732        100        1  Right
1   4   500        9248       110197     110695     733        2000       1  Right
8   5   100        9333       110694     110792     733        900        1  Left 
15  1   100        9273       110695     110796     736        100        1  Right
4   0   100        9290       110792     110893     737        1000       1  Left 
4   8   100        9292       110893     110993     739        200        1  Right
6   8   100        9349       110993     111093     738        300        1  Right
6   8   100        9350       111093     111193     739        300        1  Right
1   9   500        9253       110893     111393     739        2500       1  Right
11  4   100        9321       111393     111493     743        900        1  Left 
11  6   100        9322       111493     111593     744        1000       1  Left 
10  6   100        9329       111593     111693     745        600        1  Right
8   6   100        9333       111693     111793     744        300        1  Right
1   0   500        9291       111393     111893     743        1000       1  Right
11  2   100        9366       111793     111894     745        800        1  Left 
4   1   100        9299       111893     111994     748        400        1  Right
13  0   100        9301       111894     111995     749        700        1  Left 
14  0   100        9308       111995     112095     751        400        1  Left 
9   0   100        9316       112095     112195     752        300        1  Right
1   15  500        9299       111994     112495     750        500        1  Right
4   11  500        9342       112195     112696     751        4500       1  Left 
14  1   100        9310       112696     112796     755        600        1  Left 
4   6   100        9361       112696     112797     753        100        1  Right
15  1   100        9324       112796     112897     756        100        1  Right
8   0   500        9343       112796     113297     754        4000       1  Left 
5   8   100        9351       113297     113298     757        900        1  Left 
1   4   500        9331       112897     113299     757        2000       1  Right
10  5   100        9354       113298     113399     758        600        1  Left 
7   1   100        9355       113299     113400     759        200        1  Right
14  4   100        9365       113399     113401     760        600        1  Right
8   4   100        9382       113401     113501     762        200        1  Right
8   4   100        9384       113501     113601     763        200        1  Right
0   9   500        9367       113399     113801     760        1500       1  Right
6   5   500        9369       113400     113802     761        2000       1  Right
1   14  500        9332       113802     114302     766        3000       1  Left 
1   15  500        9350       114302     114802     767        500        1  Right
5   10  500        9375       114302     114803     767        3000       1  Left 
4   1   100        9362       114802     114903     768        400        1  Right
4   0   100        9366       114903     115003     770        600        1  Right
13  0   100        9380       115003     115103     771        700        1  Left 
5   1   100        9392       115003     115104     771        100        1  Right
15  3   100        9389       115103     115105     772        1100       1  Left 
0   1   100        9397       115104     115106     773        200        1  Right
15  8   100        9393       115105     115206     774        500        1  Right
15  3   100        9394       115206     115306     776        500        1  Right
1   4   500        9395       115306     115806     777        2000       1  Right
