
123
C:/Users/nxconrad/Desktop/REU 2.0/Benchmark Data/16-core/7/flow_freqmine100#2.txt
810
[6, 10, 2, 8, 12, 4, 7, 0, 1, 3, 15, 13, 5, 14, 9, 11]
10  1   100        6420       6422       6522       0          700        1  Right
10  0   100        6422       6522       6523       1          600        1  Right
12  0   100        6439       6523       6524       1          300        1  Right
1   11  500        6440       6522       6825       0          3500       1  Right
6   2   500        6435       6523       6925       1          1000       1  Right
0   3   500        6423       6825       7326       3          1000       1  Right
2   15  500        6428       6925       7426       4          4000       1  Left 
3   0   100        6455       7326       7427       5          200        1  Right
2   6   100        6460       7426       7527       6          200        1  Right
0   12  500        6475       7427       7927       7          1500       1  Right
1   5   500        6460       7427       7928       7          2000       1  Right
12  0   100        6513       7927       8028       9          300        1  Right
1   10  500        6461       7928       8029       10         4500       1  Left 
2   0   500        6614       8028       8129       8          2500       1  Right
1   5   100        6468       8029       8130       12         400        1  Right
0   9   100        6526       8129       8230       10         900        1  Left 
11  1   100        6477       8230       8330       15         900        1  Left 
3   13  500        6537       8130       8631       11         1000       1  Right
11  3   100        6551       8631       8632       14         600        1  Right
6   1   500        6485       8330       8633       16         4000       1  Right
9   3   100        6564       8632       8634       15         500        1  Right
10  1   100        6513       8633       8734       19         700        1  Right
3   9   500        6600       8634       8735       17         2500       1  Right
1   11  500        6513       8734       8835       21         4500       1  Left 
15  8   100        6469       8835       8935       23         700        1  Right
8   15  500        6520       8935       9435       24         3500       1  Right
0   7   100        6527       9435       9535       22         100        1  Right
5   1   500        6529       9435       9936       22         2000       1  Right
0   12  500        6549       9535       10036      23         1500       1  Right
7   8   100        6567       10036      10136      25         300        1  Right
1   10  500        6554       9936       10137      24         4500       1  Left 
1   2   100        6612       10137      10138      27         1000       1  Left 
0   8   500        6588       10136      10238      26         2000       1  Right
1   0   100        6617       10238      10338      29         100        1  Right
6   2   500        6677       10138      10639      28         1000       1  Right
8   7   500        6588       10238      10739      29         1500       1  Right
10  8   100        6595       10739      10839      32         200        1  Right
12  1   100        6596       10739      10840      32         400        1  Right
7   1   100        6613       10840      10940      34         200        1  Right
8   10  500        6621       10839      11340      33         1000       1  Right
10  3   100        6643       11340      11440      36         800        1  Left 
1   12  500        6627       10940      11441      35         2000       1  Right
2   1   500        6633       11441      11941      38         3000       1  Right
0   1   500        6638       11941      12441      39         500        1  Right
15  1   100        6639       12441      12541      40         200        1  Right
8   0   100        6648       12441      12542      40         400        1  Right
9   1   100        6640       12541      12642      41         600        1  Right
12  0   100        6660       12542      12643      42         300        1  Right
2   1   100        6692       12642      12743      43         1000       1  Left 
1   7   500        6664       12743      13243      45         1000       1  Right
0   6   100        6672       13243      13343      46         700        1  Right
1   15  500        6665       13243      13743      46         1000       1  Right
0   12  500        6696       13343      13844      47         1500       1  Right
1   9   500        6687       13743      14244      48         3000       1  Right
0   13  100        6696       14244      14344      50         400        1  Right
15  0   100        6703       14344      14444      51         300        1  Right
15  8   100        6705       14444      14445      52         700        1  Right
2   13  500        6746       14344      14746      51         3500       1  Left 
6   1   100        6705       14746      14846      54         800        1  Left 
8   0   500        6709       14445      14946      53         2000       1  Right
15  1   100        6712       14846      14947      55         200        1  Right
7   0   100        6710       14946      15047      56         100        1  Right
8   7   100        6757       15047      15048      58         300        1  Right
1   2   500        6713       14947      15349      57         5000       1  Left 
7   1   100        6721       15349      15449      60         200        1  Right
13  2   100        6725       15349      15450      60         700        1  Left 
7   0   100        6723       15449      15550      61         100        1  Right
1   15  500        6738       15449      15950      61         1000       1  Right
6   2   500        6747       15450      15951      62         1000       1  Right
9   0   100        6733       15950      16051      64         700        1  Right
12  0   100        6738       16051      16151      66         300        1  Right
1   6   500        6746       16051      16552      66         4000       1  Left 
12  1   100        6740       16552      16652      68         400        1  Right
8   13  100        6757       16552      16653      68         800        1  Left 
8   12  100        6757       16653      16753      70         100        1  Right
15  6   100        6763       16653      16754      70         600        1  Left 
8   11  100        6757       16754      16854      72         400        1  Left 
8   10  100        6757       16854      16954      73         200        1  Right
8   9   100        6757       16954      17054      74         500        1  Left 
0   3   500        6752       16652      17153      69         1000       1  Right
2   6   100        6790       17054      17154      75         200        1  Right
0   8   100        6761       17153      17252      76         400        1  Right
9   1   100        6744       17153      17253      76         600        1  Right
7   8   100        6765       17252      17353      78         300        1  Right
9   0   100        6746       17253      17354      79         700        1  Right
15  1   100        6764       17354      17454      81         200        1  Right
9   8   100        6780       17354      17455      81         500        1  Left 
10  8   100        6782       17455      17555      83         200        1  Right
11  8   100        6784       17555      17655      84         400        1  Left 
12  8   100        6786       17655      17755      85         100        1  Right
2   5   100        6815       17655      17756      85         600        1  Left 
12  4   100        6821       17755      17856      86         100        1  Right
13  8   100        6788       17756      17857      87         800        1  Left 
1   7   500        6767       17454      17955      82         1000       1  Right
13  8   100        6796       17857      17958      89         800        1  Left 
15  0   100        6768       17955      18056      90         300        1  Right
5   2   500        6846       17958      18459      90         3000       1  Left 
1   12  500        6774       18056      18460      92         2000       1  Right
3   0   100        6786       18460      18461      94         200        1  Right
7   1   100        6818       18461      18462      95         200        1  Right
15  8   500        6875       18459      18665      92         4500       1  Left 
4   12  500        6847       18460      18764      93         500        1  Right
10  2   100        7037       18665      18765      95         100        1  Right
1   9   500        6790       18665      19166      97         3000       1  Right
14  8   100        6908       19166      19266      99         600        1  Left 
7   8   100        6910       19266      19366      100        300        1  Right
1   15  500        6792       19166      19666      100        1000       1  Right
8   15  100        6829       19666      19766      102        700        1  Right
8   15  100        6837       19766      19866      103        700        1  Right
3   11  500        6838       19866      20366      104        3000       1  Right
1   7   500        6864       19866      20367      104        1000       1  Right
14  3   100        6912       20366      20368      105        400        1  Right
9   1   100        6846       20367      20369      106        1000       1  Left 
1   0   100        6870       20369      20469      108        100        1  Right
8   13  500        6934       20369      20870      107        4000       1  Left 
0   1   500        6896       20469      20871      109        500        1  Right
3   10  500        6935       20870      20872      109        4000       1  Left 
8   7   500        6935       20870      20873      109        1500       1  Right
9   8   100        6938       20873      20973      112        500        1  Left 
0   1   500        6950       20871      20974      110        500        1  Right
3   14  500        6943       20872      20975      111        2000       1  Right
1   9   500        6892       20974      21077      115        5000       1  Left 
1   0   100        6929       21077      21177      116        100        1  Right
7   3   100        6962       21177      21277      117        300        1  Right
1   0   100        6972       21277      21377      118        100        1  Right
3   4   100        6998       21377      21477      119        400        1  Right
3   5   100        6998       21477      21577      120        300        1  Right
8   14  500        6954       21077      21578      116        3000       1  Left 
1   0   100        7014       21477      21579      120        100        1  Right
8   9   500        6959       21578      22079      122        2500       1  Left 
1   14  500        7027       21579      22080      123        2500       1  Right
9   3   100        6984       22080      22180      125        500        1  Right
3   6   100        6998       22180      22280      126        700        1  Left 
2   5   100        7066       22280      22281      127        600        1  Left 
0   8   500        6971       22079      22481      124        2000       1  Right
0   10  100        6974       22481      22581      129        600        1  Right
4   8   100        6975       22581      22681      130        200        1  Right
1   13  500        7058       22280      22682      127        1500       1  Right
8   4   500        7011       22681      23182      131        1000       1  Right
0   1   500        6993       22682      23183      132        500        1  Right
4   3   100        7008       23182      23283      133        1200       1  Left 
0   10  100        6998       23283      23383      135        600        1  Right
14  1   100        7006       23283      23384      135        500        1  Right
8   0   100        7028       23383      23484      136        400        1  Right
5   3   100        7015       23384      23484      137        300        1  Right
0   15  100        7011       23484      23584      138        300        1  Right
12  4   100        7073       23484      23585      138        100        1  Right
6   3   100        7023       23584      23685      139        700        1  Left 
0   12  100        7067       23585      23686      140        300        1  Right
13  1   100        7032       23685      23786      141        300        1  Right
2   10  500        7073       23383      23884      136        500        1  Right
14  1   100        7048       23786      23886      143        500        1  Right
3   7   100        7054       23886      23986      145        300        1  Right
4   12  500        7099       23686      24188      142        500        1  Right
6   15  500        7065       23886      24388      145        3000       1  Left 
0   3   500        7078       23986      24487      146        1000       1  Right
12  6   100        7074       24388      24489      148        400        1  Right
14  1   100        7061       24487      24588      149        500        1  Right
14  0   100        7063       24588      24688      151        600        1  Right
6   2   500        7077       24489      24990      150        1000       1  Right
12  6   100        7097       24990      25090      153        400        1  Right
1   14  500        7069       24688      25189      152        2500       1  Right
6   12  500        7133       25090      25591      154        2000       1  Right
1   14  500        7082       25189      25690      155        2500       1  Right
13  0   100        7086       25690      25790      157        400        1  Right
0   15  100        7086       25790      25890      158        300        1  Right
13  8   100        7088       25890      25891      159        800        1  Right
5   2   500        7097       25690      26092      157        3000       1  Left 
10  8   100        7119       26092      26192      161        200        1  Right
12  2   100        7128       26192      26292      162        200        1  Right
0   1   500        7093       25891      26392      160        500        1  Right
7   8   100        7141       26292      26393      163        300        1  Right
13  1   100        7095       26392      26493      164        300        1  Right
15  1   100        7100       26493      26593      166        200        1  Right
13  6   100        7149       26493      26594      166        500        1  Left 
14  1   100        7104       26594      26694      168        500        1  Right
15  1   100        7118       26694      26794      169        200        1  Right
8   0   500        7098       26393      26894      165        2000       1  Right
14  3   100        7158       26794      26895      170        400        1  Right
8   4   100        7130       26894      26995      171        200        1  Right
8   7   100        7130       26995      27095      173        300        1  Right
9   8   100        7150       27095      27195      174        500        1  Left 
4   8   100        7153       27195      27295      175        200        1  Right
0   1   500        7142       26894      27395      171        500        1  Right
12  6   100        7186       27295      27396      176        400        1  Right
3   0   100        7107       27395      27496      177        200        1  Right
1   0   100        7121       27496      27596      179        100        1  Right
0   8   100        7155       27596      27696      180        400        1  Right
14  8   100        7172       27696      27796      181        600        1  Left 
1   13  500        7121       27596      28096      180        1500       1  Right
1   14  500        7125       28096      28596      183        2500       1  Right
1   15  500        7127       28596      29096      184        1000       1  Right
8   15  100        7130       29096      29196      185        700        1  Right
8   14  100        7130       29196      29296      186        600        1  Left 
8   9   100        7130       29296      29396      187        500        1  Left 
1   15  500        7144       29196      29697      186        1000       1  Right
13  1   100        7150       29697      29797      189        300        1  Right
13  0   100        7154       29797      29897      190        400        1  Right
2   1   100        7155       29897      29997      191        600        1  Right
2   1   100        7155       29997      30097      192        600        1  Right
1   0   100        7163       30097      30197      193        100        1  Right
3   9   500        7281       29897      30398      191        2500       1  Right
2   12  500        7155       30097      30598      193        1000       1  Right
0   15  500        7210       30398      30899      195        1500       1  Right
6   12  500        7363       30598      31099      195        2000       1  Right
15  8   100        7174       31099      31199      198        700        1  Right
1   2   500        7176       31199      31699      199        3000       1  Right
1   13  500        7178       31699      32199      200        1500       1  Right
1   2   500        7179       32199      32699      201        3000       1  Right
15  0   100        7189       32699      32799      202        300        1  Right
8   13  100        7225       32699      32800      202        800        1  Left 
2   0   100        7221       32800      32900      204        500        1  Right
8   13  100        7227       32900      33000      205        800        1  Right
15  0   100        7231       33000      33100      206        300        1  Right
15  1   100        7279       33100      33200      207        200        1  Right
15  0   100        7333       33200      33300      207        300        1  Right
15  0   100        7388       33300      33400      208        300        1  Right
13  8   500        7256       33000      33501      206        4000       1  Left 
0   2   500        7247       33501      34001      211        2500       1  Right
0   15  500        7252       34001      34501      212        1500       1  Right
8   10  500        7305       34001      34502      212        1000       1  Right
0   11  100        7277       34501      34602      213        800        1  Right
7   2   100        7338       34502      34603      213        400        1  Right
0   7   100        7300       34603      34703      216        100        1  Right
1   15  500        7305       34602      35103      215        1000       1  Right
0   8   500        7350       34703      35204      216        2000       1  Right
0   15  500        7354       35204      35704      218        1500       1  Right
2   7   500        7379       35204      35705      218        2000       1  Right
7   8   100        7430       35705      35805      218        300        1  Right
4   8   100        7438       35805      35905      219        200        1  Right
5   8   100        7481       35905      36005      220        700        1  Left 
0   1   500        7365       35704      36205      219        500        1  Right
12  1   100        7381       36205      36305      224        400        1  Right
15  1   100        7390       36305      36405      225        200        1  Right
8   0   100        7408       36305      36406      225        400        1  Right
10  1   100        7399       36405      36506      226        900        1  Left 
8   7   500        7451       36406      36907      225        1500       1  Right
0   3   500        7399       36506      36908      228        1000       1  Right
15  4   100        7453       36907      36909      227        1100       1  Left 
3   0   100        7431       36908      37009      228        200        1  Right
12  2   100        7458       36909      37010      229        200        1  Right
0   13  100        7404       37009      37110      232        400        1  Right
8   4   500        7474       37010      37511      231        1000       1  Right
6   13  500        7441       37110      37611      232        2500       1  Left 
1   12  500        7412       37511      38012      235        2000       1  Right
3   14  500        7450       37611      38112      234        2000       1  Right
6   12  500        7463       38012      38513      235        2000       1  Right
1   15  500        7417       38112      38514      238        1000       1  Right
0   13  100        7473       38513      38515      237        1200       1  Left 
1   10  500        7440       38515      39015      239        3500       1  Right
4   3   100        7442       39015      39115      240        400        1  Right
6   8   100        7483       39015      39116      240        300        1  Right
3   7   100        7463       39115      39117      241        300        1  Right
4   15  500        7494       39116      39518      242        5500       1  Left 
2   0   100        7474       39518      39618      244        500        1  Right
5   3   100        7485       39518      39619      244        300        1  Right
10  0   100        7483       39618      39719      245        600        1  Right
13  1   100        7489       39619      39720      246        300        1  Right
2   12  500        7484       39719      40220      247        1000       1  Right
7   3   500        7486       39720      40221      248        1500       1  Right
10  8   100        7485       40220      40321      249        200        1  Right
6   3   100        7487       40221      40322      250        700        1  Left 
10  1   100        7492       40322      40323      252        900        1  Left 
8   0   500        7485       40321      40723      251        2000       1  Right
7   3   100        7494       40723      40823      254        300        1  Right
7   1   100        7540       40823      40923      254        200        1  Right
8   6   500        7509       40723      41224      254        1500       1  Right
0   2   500        7500       41224      41724      257        2500       1  Right
8   5   500        7512       41724      42224      258        3500       1  Left 
8   4   100        7512       42224      42225      259        200        1  Right
2   0   100        7538       42224      42226      258        1100       1  Left 
8   5   100        7512       42226      42326      261        700        1  Left 
8   6   100        7512       42326      42426      262        300        1  Right
12  6   100        7516       42426      42526      263        400        1  Right
3   4   500        7536       42226      42727      260        2000       1  Right
8   7   100        7512       42727      42827      265        300        1  Right
0   8   100        7544       42827      42927      265        400        1  Right
7   8   100        7548       42927      43027      266        300        1  Right
6   8   100        7550       43027      43127      267        300        1  Right
3   5   500        7537       42727      43228      264        1500       1  Right
0   2   500        7564       43127      43628      268        2500       1  Right
3   6   500        7538       43228      43729      269        3500       1  Left 
8   13  100        7512       43729      43829      272        800        1  Right
12  5   100        7541       43829      43929      272        800        1  Left 
5   8   100        7552       43929      44029      273        700        1  Left 
4   8   100        7554       44029      44129      274        200        1  Right
1   13  500        7515       43829      44329      273        1500       1  Right
13  0   100        7547       44329      44429      276        400        1  Right
3   4   100        7547       44429      44529      277        400        1  Right
4   1   100        7561       44529      44629      278        300        1  Right
5   12  500        7572       44129      44630      275        4000       1  Left 
0   13  500        7578       44629      45130      279        2000       1  Right
3   5   100        7547       45130      45230      281        300        1  Right
3   6   100        7547       45230      45231      282        700        1  Left 
1   10  500        7538       45130      45531      281        3500       1  Right
13  8   100        7571       45531      45631      284        800        1  Right
10  6   100        7590       45531      45632      284        100        1  Right
0   7   100        7579       45631      45731      285        100        1  Right
5   1   100        7577       45631      45732      285        400        1  Right
8   10  100        7612       45632      45734      286        200        1  Right
4   3   100        7592       45734      45735      289        1200       1  Left 
5   3   100        7598       45735      45835      290        300        1  Right
1   7   500        7586       45732      46134      288        1000       1  Right
2   0   100        7591       46134      46135      292        500        1  Right
10  1   100        7591       46134      46136      292        900        1  Left 
7   8   100        7640       46135      46137      293        300        1  Right
10  0   100        7595       46136      46138      294        1000       1  Left 
1   4   500        7596       46138      46638      296        1500       1  Right
10  8   500        7674       46138      46639      296        1000       1  Right
0   11  100        7603       46638      46739      297        800        1  Right
6   1   100        7606       46739      46839      299        800        1  Right
6   3   100        7606       46839      46939      300        700        1  Left 
0   2   500        7617       46839      47340      300        2500       1  Right
1   5   500        7619       46939      47440      301        2000       1  Right
11  2   100        7642       47340      47441      302        300        1  Left 
13  0   100        7609       47440      47541      303        400        1  Right
11  8   100        7718       47441      47542      304        400        1  Left 
4   1   100        7639       47541      47642      305        300        1  Right
1   10  500        7634       47642      48142      307        3500       1  Right
3   7   100        7640       48142      48242      308        300        1  Right
8   10  100        7661       48142      48243      308        200        1  Right
0   13  500        7642       48242      48743      309        2000       1  Right
7   0   100        7644       48743      48843      311        100        1  Right
2   0   100        7650       48843      48844      312        500        1  Right
1   6   500        7647       48743      48845      311        4000       1  Left 
0   2   500        7677       48844      49045      313        2500       1  Right
4   1   100        7652       49045      49145      315        300        1  Right
7   1   100        7653       49145      49245      316        200        1  Right
4   0   100        7654       49245      49345      317        200        1  Right
5   1   100        7658       49245      49346      317        400        1  Right
7   8   100        7727       49345      49446      318        300        1  Right
5   1   100        7671       49346      49447      319        400        1  Right
2   11  500        7673       49045      49546      315        1500       1  Left 
10  8   100        7761       49546      49646      322        200        1  Right
1   4   500        7670       49447      49948      321        1500       1  Right
5   0   100        7673       49948      50048      324        500        1  Right
13  1   100        7676       50048      50148      325        300        1  Right
2   0   100        7714       50048      50149      325        500        1  Right
6   1   100        7702       50148      50249      326        800        1  Left 
1   4   500        7683       50249      50749      328        1500       1  Right
1   5   500        7694       50749      51249      329        2000       1  Right
15  4   100        7705       51249      51250      330        1100       1  Left 
15  6   100        7706       51250      51350      331        600        1  Left 
15  6   100        7720       51350      51450      332        600        1  Left 
1   7   500        7699       51249      51650      330        1000       1  Right
1   13  500        7703       51650      52150      334        1500       1  Right
8   7   500        7708       51650      52151      334        1500       1  Right
0   15  100        7712       52150      52251      335        300        1  Right
8   10  100        7748       52151      52252      336        200        1  Right
8   7   100        7787       52252      52352      338        300        1  Right
8   7   100        7789       52352      52452      339        300        1  Right
1   5   500        7714       52251      52752      337        2000       1  Right
8   11  500        7827       52452      52953      340        2000       1  Left 
12  5   100        7792       52953      53053      342        800        1  Left 
0   3   500        7723       52752      53253      341        1000       1  Right
6   1   100        7715       53253      53353      344        800        1  Right
6   0   100        7717       53353      53453      345        700        1  Right
4   1   100        7729       53453      53454      346        300        1  Right
8   3   100        7828       53453      53455      346        1000       1  Left 
0   2   500        7740       53455      53456      348        2500       1  Right
1   6   500        7743       53455      53457      348        4000       1  Left 
0   8   100        7763       53456      53557      349        400        1  Right
1   6   500        7756       53457      53958      350        4000       1  Left 
4   15  500        7746       53958      54458      352        2500       1  Right
13  0   100        7758       54458      54558      353        400        1  Right
7   6   100        7764       54458      54559      353        600        1  Right
0   13  500        7789       54558      55059      354        2000       1  Right
1   4   500        7762       55059      55559      356        1500       1  Right
6   15  500        7771       55059      55560      356        3000       1  Left 
7   1   100        7765       55559      55561      357        200        1  Right
15  2   100        7790       55560      55561      358        800        1  Left 
7   0   100        7769       55561      55661      359        100        1  Right
5   1   100        7789       55561      55662      359        400        1  Right
2   0   100        7780       55662      55663      361        1100       1  Left 
8   4   500        7860       55559      55664      357        1000       1  Right
0   2   500        7806       55663      55665      362        5500       1  Left 
3   0   100        7807       55665      55666      364        200        1  Right
7   8   500        7798       55664      55765      363        1500       1  Right
4   8   100        7824       55765      55766      366        200        1  Right
2   15  500        7821       55665      55969      364        4000       1  Left 
1   7   500        7823       55765      56167      366        1000       1  Right
6   12  500        7804       55969      56470      368        2000       1  Right
0   10  100        7816       56470      56570      370        600        1  Right
1   5   500        7826       56167      56571      369        2000       1  Right
0   9   100        7881       56570      56574      371        900        1  Left 
5   12  500        7823       56574      57074      373        4000       1  Right
6   1   100        7824       57074      57174      374        800        1  Right
2   1   100        7828       57174      57274      375        600        1  Right
15  6   100        7851       57174      57275      375        600        1  Left 
1   2   500        7853       57274      57775      376        3000       1  Right
6   10  500        7867       57275      57776      377        500        1  Right
13  0   100        7836       57775      57876      378        400        1  Right
5   8   100        7872       57776      57877      379        700        1  Left 
13  1   100        7838       57876      57977      380        300        1  Right
8   0   500        7899       57877      58378      381        2000       1  Right
1   13  500        7865       57977      58478      382        1500       1  Right
12  1   100        7873       58478      58578      384        400        1  Right
12  1   100        7873       58578      58678      385        400        1  Right
4   3   100        7892       58678      58778      386        400        1  Right
13  4   100        7893       58778      58779      387        600        1  Right
8   5   500        7903       58378      58780      383        3500       1  Left 
6   8   100        7917       58780      58880      389        300        1  Right
12  2   100        7932       58880      58980      388        200        1  Right
9   2   100        7948       58980      59080      389        400        1  Left 
4   13  500        7924       58779      59280      388        3000       1  Right
5   3   100        7937       59280      59380      391        300        1  Right
1   6   500        7870       59280      59780      393        4000       1  Right
2   1   100        7875       59780      59781      395        600        1  Right
6   3   100        7965       59780      59782      393        700        1  Left 
10  1   100        7895       59781      59783      396        700        1  Right
6   15  500        8010       59782      60184      395        3000       1  Left 
1   12  500        7904       59783      60284      398        2000       1  Right
0   9   100        7905       60284      60384      400        700        1  Right
8   6   500        7943       60184      60685      397        1500       1  Right
1   12  500        7907       60384      60885      401        2000       1  Right
11  1   100        7926       60885      60985      402        700        1  Right
12  0   100        7951       60885      60986      401        300        1  Right
1   10  500        7936       60985      61486      402        4500       1  Left 
2   12  500        7960       60986      61487      403        1000       1  Right
0   10  100        7943       61486      61587      404        1000       1  Left 
8   4   100        8041       61487      61588      403        200        1  Right
0   8   100        7956       61588      61589      407        400        1  Right
1   2   500        7951       61587      61590      406        5000       1  Left 
0   12  500        7987       61589      61691      408        1500       1  Right
1   11  500        7962       61590      61692      409        3500       1  Right
11  0   100        8007       61692      61693      411        800        1  Right
6   7   500        8026       61691      61694      410        3000       1  Right
11  8   100        8009       61694      61794      413        400        1  Left 
9   8   100        8040       61794      61894      412        500        1  Left 
8   5   100        8041       61894      61994      413        700        1  Left 
8   6   100        8041       61994      62094      414        300        1  Right
0   3   500        8099       61693      62194      410        1000       1  Right
8   7   100        8041       62094      62195      415        300        1  Right
2   1   100        7968       62194      62295      418        1000       1  Left 
10  1   100        7975       62295      62395      420        700        1  Right
13  4   100        8145       62395      62495      417        600        1  Right
2   9   500        7989       62395      62895      421        2000       1  Left 
11  1   100        8016       62895      62896      423        700        1  Right
10  0   100        8059       62895      62897      421        600        1  Right
11  6   100        8087       62896      62996      422        100        1  Left 
15  1   100        8043       62896      62997      422        200        1  Right
13  6   100        8146       62996      63097      422        500        1  Left 
13  6   100        8180       63097      63197      424        500        1  Left 
1   10  500        8016       62997      63498      427        3500       1  Right
7   1   100        8049       63498      63598      428        200        1  Right
15  2   100        8107       63498      63599      428        800        1  Left 
7   8   100        8058       63598      63699      429        300        1  Right
6   8   100        8060       63699      63799      431        300        1  Right
1   11  500        8052       63599      63800      430        3500       1  Right
0   10  500        8105       63799      64000      432        3000       1  Right
5   8   100        8062       64000      64100      434        700        1  Left 
4   8   100        8064       64100      64200      435        200        1  Right
8   11  100        8100       64200      64300      436        400        1  Left 
1   15  500        8069       63800      64301      433        1000       1  Right
8   11  100        8101       64300      64401      437        400        1  Left 
1   7   500        8095       64301      64802      438        1000       1  Right
2   15  500        8138       64401      64902      437        4000       1  Left 
0   7   100        8118       64802      64903      440        100        1  Right
11  1   100        8088       64902      65003      441        700        1  Right
11  0   100        8092       65003      65103      443        800        1  Right
3   0   100        8128       65103      65203      443        200        1  Right
7   1   100        8139       65203      65303      443        200        1  Right
0   13  100        8159       65303      65403      444        400        1  Right
11  8   500        8121       65103      65603      444        2000       1  Left 
4   13  500        8176       65403      65904      445        3000       1  Right
8   9   500        8160       65603      66104      446        2500       1  Left 
10  0   100        8158       66104      66105      448        600        1  Right
8   0   100        8196       66105      66205      449        400        1  Right
12  0   100        8204       66205      66305      450        300        1  Right
1   11  500        8126       66104      66306      450        3500       1  Right
0   10  500        8204       66305      66607      451        3000       1  Right
6   15  500        8153       66306      66807      452        3000       1  Left 
15  2   100        8170       66807      66808      454        800        1  Left 
3   8   500        8140       66607      66809      453        3000       1  Right
2   15  500        8201       66808      67109      455        4000       1  Left 
13  2   100        8210       67109      67209      457        700        1  Left 
3   4   500        8175       66809      67310      456        2000       1  Right
6   13  500        8221       67209      67710      458        2500       1  Left 
1   7   500        8185       67310      67811      459        1000       1  Right
6   11  500        8369       67710      68210      458        500        1  Left 
3   5   500        8224       67710      68211      460        1500       1  Right
15  6   100        8230       68211      68311      462        600        1  Left 
1   2   500        8213       67811      68313      461        3000       1  Right
13  6   100        8251       68311      68412      463        500        1  Left 
7   0   100        8233       68313      68413      464        100        1  Right
1   3   100        8215       68313      68414      465        100        1  Right
15  5   100        8255       68412      68512      465        200        1  Right
14  2   100        8228       68412      68514      466        500        1  Left 
12  0   100        8290       68413      68515      466        300        1  Right
0   14  100        8207       68515      68615      471        1000       1  Left 
1   8   100        8219       68615      68715      472        500        1  Right
5   15  500        8301       68512      69013      468        1000       1  Right
0   12  500        8240       68715      69216      472        1500       1  Right
0   7   100        8252       69216      69316      474        100        1  Right
2   13  500        8231       69013      69514      473        3500       1  Left 
9   1   100        8249       69514      69614      476        600        1  Right
10  1   100        8250       69614      69615      477        700        1  Right
0   1   100        8260       69615      69715      478        100        1  Right
0   1   100        8260       69715      69815      479        100        1  Right
3   6   500        8259       69614      70016      477        3500       1  Left 
2   3   100        8250       70016      70116      481        900        1  Left 
2   8   100        8254       70116      70216      482        100        1  Right
0   7   500        8284       69815      70316      480        500        1  Right
1   10  500        8291       70116      70618      482        4500       1  Left 
15  5   100        8506       70618      70718      484        200        1  Right
0   12  500        8326       70316      70817      484        1500       1  Right
2   14  500        8254       70618      71119      485        2500       1  Left 
8   1   500        8290       70817      71318      487        2500       1  Right
6   13  500        8440       71119      71620      487        2500       1  Left 
8   0   500        8290       71318      71819      489        2000       1  Right
7   0   100        8335       71819      71919      490        100        1  Right
1   9   500        8295       71620      72121      490        3000       1  Right
8   2   500        8311       71819      72320      491        500        1  Right
0   7   500        8386       71919      72420      491        500        1  Right
10  0   100        8343       72420      72520      494        600        1  Right
2   1   100        8363       72520      72620      495        600        1  Right
6   15  500        8532       72121      72622      492        3000       1  Left 
1   2   500        8384       72620      73121      496        3000       1  Right
5   15  500        8552       72622      73123      497        1000       1  Right
14  8   100        8301       73121      73222      499        600        1  Left 
8   14  500        8347       73222      73722      500        3000       1  Left 
9   0   100        8359       73722      73822      501        700        1  Right
9   8   100        8361       73822      73922      502        500        1  Left 
12  0   100        8363       73822      73923      502        300        1  Right
9   1   100        8368       73922      74023      503        600        1  Right
0   10  500        8389       73923      74424      504        3000       1  Right
1   9   500        8414       74023      74524      505        3000       1  Right
8   1   100        8386       74524      74525      507        1100       1  Left 
8   2   100        8386       74525      74625      508        100        1  Right
11  1   100        8402       74525      74626      508        700        1  Right
8   14  100        8386       74626      74726      510        600        1  Left 
0   12  500        8399       74424      74826      506        1500       1  Right
8   11  100        8386       74726      74827      511        400        1  Left 
11  8   100        8414       74827      74927      513        400        1  Left 
9   6   100        8461       74927      75027      514        200        1  Left 
8   9   100        8492       75027      75127      515        500        1  Left 
8   9   100        8493       75127      75227      516        500        1  Left 
0   3   500        8423       74826      75327      512        1000       1  Right
8   14  500        8532       75227      75728      517        3000       1  Left 
2   1   100        8406       75728      75828      519        600        1  Right
0   11  100        8424       75828      75928      520        800        1  Right
1   8   100        8424       75928      76028      521        500        1  Right
2   8   100        8425       76028      76128      522        100        1  Right
7   1   100        8440       76028      76129      522        200        1  Right
14  8   100        8428       76128      76229      523        600        1  Left 
0   12  500        8497       76129      76230      524        1500       1  Right
1   2   500        8427       76229      76330      525        5000       1  Left 
14  8   100        8435       76330      76430      527        600        1  Left 
10  0   100        8452       76430      76431      528        600        1  Right
12  0   100        8461       76431      76531      529        300        1  Right
1   11  500        8440       76430      76831      528        3500       1  Right
10  1   100        8454       76831      76931      531        700        1  Right
9   1   100        8462       76931      77031      532        600        1  Right
10  4   100        8587       76931      77032      532        400        1  Right
13  1   100        8463       77031      77132      533        300        1  Right
9   0   100        8466       77032      77133      534        900        1  Left 
3   1   100        8466       77132      77233      535        100        1  Right
12  0   100        8531       77133      77233      536        300        1  Right
9   8   500        8503       77133      77634      536        2500       1  Left 
1   13  500        8489       77233      77734      537        1500       1  Right
11  1   100        8495       77734      77834      539        700        1  Right
0   8   500        8513       77634      77835      538        2000       1  Right
3   2   500        8507       77834      78035      540        4500       1  Left 
3   2   100        8517       78035      78135      542        900        1  Left 
1   7   500        8495       77835      78336      541        1000       1  Right
2   3   500        8526       78135      78636      543        4500       1  Left 
1   10  500        8498       78636      79136      545        3500       1  Right
1   9   500        8510       79136      79636      546        3000       1  Right
4   10  500        8613       79136      79637      546        2000       1  Right
0   5   100        8514       79636      79737      547        500        1  Right
13  2   100        8527       79737      79837      549        700        1  Left 
3   1   100        8557       79737      79838      549        100        1  Right
0   12  500        8567       79737      80238      549        1500       1  Right
2   13  500        8548       79837      80338      550        3500       1  Left 
8   1   100        8583       80238      80339      552        500        1  Right
6   13  500        8554       80338      80839      553        2500       1  Left 
1   11  500        8531       80839      81339      555        3500       1  Right
13  2   100        8570       81339      81439      556        700        1  Left 
5   2   100        8578       81439      81539      557        600        1  Left 
1   0   500        8543       81339      81839      556        500        1  Right
2   13  500        8591       81539      82040      558        3500       1  Left 
1   0   500        8556       81839      82340      559        500        1  Right
7   0   100        8561       82340      82440      561        100        1  Right
2   5   500        8609       82040      82541      560        3000       1  Left 
0   11  100        8567       82541      82641      563        800        1  Right
14  1   100        8591       82641      82642      564        500        1  Right
11  0   100        8607       82641      82643      564        800        1  Left 
12  0   100        8612       82643      82644      566        300        1  Right
8   9   100        8684       82643      82645      562        500        1  Left 
0   8   100        8614       82645      82745      568        400        1  Right
1   14  500        8612       82642      83044      565        2500       1  Right
13  6   100        8610       83044      83144      570        500        1  Left 
0   7   500        8618       82745      83246      569        500        1  Right
1   8   500        8634       83144      83645      567        5500       1  Left 
0   1   100        8621       83645      83745      573        100        1  Right
13  5   100        8635       83645      83746      569        100        1  Right
14  0   100        8635       83745      83845      570        1000       1  Left 
15  1   100        8622       83745      83846      574        200        1  Right
14  8   100        8637       83845      83946      572        600        1  Left 
15  1   100        8622       83846      83946      577        200        1  Right
14  1   100        8644       83946      84046      574        500        1  Right
5   8   100        8654       84046      84047      575        700        1  Left 
9   8   100        8692       84047      84048      576        500        1  Left 
0   12  500        8648       83845      84148      572        1500       1  Right
14  6   100        8693       84048      84148      577        300        1  Left 
1   15  500        8648       84046      84349      575        1000       1  Right
5   13  500        8671       84047      84449      576        500        1  Right
0   11  500        8651       84148      84649      578        4000       1  Left 
7   0   100        8675       84649      84749      581        100        1  Right
1   15  500        8651       84349      84850      579        1000       1  Right
1   14  500        8665       84850      85350      583        2500       1  Right
15  2   100        8671       85350      85450      584        800        1  Right
7   1   100        8677       85450      85550      585        200        1  Right
7   4   100        8783       85550      85650      584        100        1  Right
2   15  500        8702       85450      85951      585        4000       1  Left 
15  0   100        8690       85951      86051      588        300        1  Right
8   14  100        8713       85951      86052      588        600        1  Left 
8   14  100        8715       86052      86152      590        600        1  Left 
0   15  500        8711       86051      86552      589        1500       1  Right
3   15  100        8785       86552      86652      590        100        1  Right
8   5   500        8803       86152      86653      589        3500       1  Left 
14  1   100        8694       86653      86654      594        500        1  Right
0   9   100        8726       86653      86655      594        900        1  Left 
1   14  500        8717       86654      87155      595        2500       1  Right
6   9   500        8733       86655      87156      595        1000       1  Left 
14  0   100        8698       87155      87256      597        600        1  Right
11  0   100        8700       87256      87356      599        800        1  Right
12  0   100        8724       87356      87456      600        300        1  Right
13  5   100        8886       87356      87456      597        100        1  Right
14  8   500        8749       87356      87857      598        3000       1  Left 
1   7   500        8735       87456      87957      599        1000       1  Right
0   11  500        8741       87957      88457      601        4000       1  Right
4   7   500        8814       87957      88458      601        500        1  Right
1   3   500        8751       88457      88958      602        500        1  Right
0   12  500        8760       88458      88959      603        1500       1  Right
9   1   100        8756       88958      89059      604        600        1  Right
12  0   100        8795       88959      89060      605        300        1  Right
11  1   100        8782       89059      89061      606        700        1  Right
0   10  100        8798       89060      89062      607        600        1  Right
0   4   100        8816       89062      89162      609        200        1  Right
1   9   500        8802       89061      89562      608        3000       1  Right
0   12  500        8831       89162      89663      610        1500       1  Right
10  4   100        8839       89663      89763      611        400        1  Right
10  6   100        8840       89763      89863      612        100        1  Right
10  6   100        8849       89863      89963      613        100        1  Right
1   11  500        8818       89562      90063      611        3500       1  Right
9   1   100        8854       90063      90163      615        600        1  Right
11  0   100        8861       90163      90263      616        800        1  Right
2   4   500        8902       89763      90265      612        1500       1  Right
0   9   100        8869       90263      90364      617        700        1  Right
1   3   100        8896       90364      90464      619        100        1  Right
4   10  500        8865       90265      90766      618        2000       1  Right
4   2   100        8866       90766      90866      621        300        1  Right
1   9   500        8902       90464      90965      620        3000       1  Right
4   8   100        8939       90866      90966      621        200        1  Right
6   10  500        8875       90766      91268      621        500        1  Right
10  2   100        8894       91268      91368      625        100        1  Right
0   11  500        8904       90965      91467      623        4000       1  Right
12  1   100        8865       91467      91567      627        400        1  Right
2   10  500        8930       91368      91869      626        500        1  Right
6   13  500        8904       91467      91969      627        2500       1  Left 
1   0   500        8910       91567      92068      628        500        1  Right
10  6   100        8971       91969      92070      629        100        1  Right
5   1   100        8902       92068      92169      631        400        1  Right
3   1   100        8909       92169      92269      633        100        1  Right
8   0   500        8941       92068      92569      630        2000       1  Right
6   14  500        8997       92070      92571      631        1500       1  Left 
5   13  500        8922       92169      92671      633        500        1  Right
1   12  500        8935       92569      93070      634        2000       1  Right
6   10  500        9119       92571      93072      635        500        1  Right
8   4   500        8975       93070      93570      637        1000       1  Right
1   5   500        8938       93070      93571      637        2000       1  Right
8   4   100        9025       93570      93671      639        200        1  Right
15  0   100        8943       93571      93672      640        300        1  Right
7   4   100        9035       93671      93771      641        100        1  Right
8   14  100        9025       93671      93772      641        600        1  Left 
7   6   100        9036       93772      93872      644        600        1  Right
0   15  500        8964       93672      94174      642        1500       1  Right
9   0   100        8957       94174      94274      646        700        1  Right
11  0   100        8962       94274      94374      647        800        1  Right
11  1   100        8964       94374      94474      648        700        1  Right
12  15  100        8975       94474      94574      649        600        1  Right
13  1   100        8977       94574      94575      650        300        1  Right
5   0   100        8991       94574      94576      650        1100       1  Left 
13  1   100        8977       94575      94676      651        300        1  Right
5   8   100        8993       94576      94677      652        700        1  Left 
0   1   100        8997       94676      94777      653        100        1  Right
13  2   100        9029       94677      94778      654        700        1  Left 
15  0   100        8997       94777      94878      655        300        1  Right
11  4   100        9069       94778      94879      656        600        1  Left 
5   1   100        9000       94878      94979      657        400        1  Right
0   8   100        9009       94879      94980      658        400        1  Right
5   6   100        9097       94979      95079      659        400        1  Left 
4   8   100        9048       94980      95081      660        200        1  Right
4   8   100        9053       95081      95181      662        200        1  Right
1   13  500        9006       94979      95480      659        1500       1  Right
4   7   500        9066       95181      95682      663        500        1  Right
7   2   100        9102       95682      95782      665        400        1  Right
1   13  500        9012       95480      95981      664        1500       1  Right
0   15  500        9018       95981      96481      667        1500       1  Right
2   13  500        9050       95981      96482      667        3500       1  Left 
15  0   100        9040       96481      96582      668        300        1  Right
1   11  500        9018       96582      97082      670        3500       1  Right
0   9   500        9020       97082      97083      671        3500       1  Right
4   11  500        9090       97082      97084      671        3000       1  Left 
0   14  100        9028       97083      97184      672        600        1  Right
1   5   500        9036       97184      97684      674        2000       1  Right
14  1   100        9048       97684      97784      675        500        1  Right
13  0   100        9048       97784      97884      676        400        1  Right
14  8   100        9061       97784      97885      676        600        1  Left 
8   5   100        9107       97885      97985      678        700        1  Left 
8   5   100        9109       97985      98085      679        700        1  Left 
0   15  500        9061       97884      98385      677        1500       1  Right
8   4   500        9168       98085      98586      680        1000       1  Right
1   14  500        9069       98385      98886      681        2500       1  Right
0   13  500        9079       98886      99386      683        2000       1  Right
5   1   100        9098       99386      99387      684        1200       1  Left 
15  3   500        9082       99386      99388      684        500        1  Right
1   5   500        9136       99387      99489      685        6000       1  Left 
15  0   100        9083       99489      99589      687        300        1  Right
9   0   100        9088       99589      99689      688        700        1  Right
14  0   100        9096       99689      99789      689        600        1  Right
5   0   100        9102       99789      99889      690        500        1  Right
0   15  500        9114       99889      100389     691        1500       1  Right
5   8   500        9128       99889      100390     691        3500       1  Left 
0   7   100        9114       100389     100490     692        100        1  Right
15  12  500        9116       100390     100891     693        5000       1  Left 
3   6   100        9117       100891     100991     695        700        1  Left 
3   15  100        9121       100991     101091     696        100        1  Right
2   7   500        9145       100891     101392     695        2000       1  Right
0   14  500        9122       101091     101592     697        3000       1  Right
15  0   100        9140       101592     101692     699        300        1  Right
14  0   100        9154       101692     101792     700        600        1  Right
15  0   100        9182       101792     101892     701        300        1  Right
6   7   500        9184       101392     101893     698        3000       1  Right
0   6   100        9122       101893     101993     703        700        1  Right
12  6   100        9146       101993     102093     704        400        1  Right
7   6   100        9163       102093     102094     705        600        1  Right
6   2   100        9186       102094     102194     706        200        1  Right
7   6   100        9192       102194     102195     707        600        1  Right
0   9   500        9139       101993     102295     704        3500       1  Right
2   6   500        9232       102195     102696     708        1000       1  Right
0   15  500        9161       102295     102796     709        1500       1  Right
8   6   500        9304       102696     103197     710        1500       1  Right
0   14  500        9180       102796     103297     711        3000       1  Right
10  1   100        9147       103297     103397     713        700        1  Right
0   14  100        9180       103397     103497     714        600        1  Right
10  2   100        9241       103397     103498     714        100        1  Right
0   15  500        9203       103497     103998     715        1500       1  Right
1   10  500        9188       103998     104498     717        3500       1  Right
14  1   100        9206       104498     104598     718        500        1  Right
9   1   100        9207       104598     104698     719        600        1  Right
4   1   100        9217       104698     104798     720        300        1  Right
15  1   100        9220       104798     104898     721        200        1  Right
6   10  500        9248       104498     104999     718        500        1  Right
1   14  500        9227       104898     105399     722        2500       1  Right
12  15  100        9228       105399     105499     724        600        1  Right
2   10  500        9277       104999     105500     723        500        1  Right
14  0   100        9250       105500     105600     726        1000       1  Left 
1   15  500        9246       105499     106000     725        1000       1  Right
15  1   100        9273       106000     106100     728        200        1  Right
0   14  500        9276       105600     106101     727        5000       1  Left 
6   8   100        9278       106101     106201     730        300        1  Right
1   4   500        9248       106101     106601     730        1500       1  Right
4   0   100        9290       106601     106701     732        200        1  Right
4   8   100        9292       106701     106801     733        200        1  Right
1   9   500        9253       106601     107101     732        3000       1  Right
6   7   500        9310       106801     107302     734        3000       1  Right
11  4   100        9321       107302     107402     736        600        1  Left 
11  6   100        9322       107402     107502     737        100        1  Left 
1   0   500        9291       107101     107602     735        500        1  Right
10  6   100        9329       107502     107603     738        100        1  Right
4   1   100        9299       107602     107703     739        300        1  Right
6   8   100        9349       107603     107704     740        300        1  Right
13  0   100        9301       107704     107705     742        1200       1  Left 
14  0   100        9308       107705     107805     743        1000       1  Left 
9   0   100        9316       107805     107905     744        900        1  Left 
1   15  500        9299       107703     107906     741        1000       1  Right
0   13  500        9332       107905     108207     745        6000       1  Left 
14  1   100        9310       108207     108307     747        500        1  Right
15  1   100        9324       108307     108407     748        200        1  Right
0   5   100        9332       108407     108507     749        500        1  Right
7   1   100        9355       108507     108607     750        200        1  Right
15  3   100        9389       108507     108608     750        100        1  Right
4   11  500        9342       108207     108609     747        3000       1  Left 
6   8   100        9350       108609     108709     753        300        1  Right
11  2   100        9366       108709     108809     754        300        1  Left 
0   9   500        9367       108608     109010     752        3500       1  Right
8   5   100        9333       109010     109110     756        700        1  Left 
8   6   100        9333       109110     109210     757        300        1  Right
5   8   100        9351       109210     109310     758        700        1  Left 
10  5   100        9354       109310     109410     759        500        1  Left 
1   4   500        9331       109010     109510     756        1500       1  Right
6   5   500        9369       109410     109911     760        2000       1  Left 
8   0   500        9343       109510     110011     761        2000       1  Right
4   6   100        9361       110011     110111     763        500        1  Right
1   14  500        9332       109911     110412     762        2500       1  Right
14  4   100        9365       110412     110512     765        800        1  Left 
8   4   100        9382       110512     110612     766        200        1  Right
8   4   100        9384       110612     110712     767        200        1  Right
1   15  500        9350       110412     110912     765        1000       1  Right
4   1   100        9362       110912     111012     769        300        1  Right
5   10  500        9375       110512     111013     766        2500       1  Left 
4   0   100        9366       111012     111113     770        200        1  Right
5   1   100        9392       111013     111114     771        400        1  Right
13  0   100        9380       111114     111214     773        400        1  Right
15  8   100        9393       111214     111314     774        700        1  Right
15  3   100        9394       111314     111414     775        100        1  Right
1   4   500        9395       111314     111815     775        1500       1  Right
0   1   100        9397       111815     111915     777        100        1  Right
