
141
C:/Users/nxconrad/Desktop/REU 2.0/Benchmark Data/16-core/7/flow_freqmine100#2.txt
810
[6, 13, 8, 0, 10, 9, 4, 5, 2, 15, 11, 1, 3, 14, 7, 12]
10  1   100        6420       6422       6522       0          700        1  Right
10  0   100        6422       6522       6622       1          100        1  Right
1   11  500        6440       6522       7022       0          500        1  Right
2   15  500        6428       6522       7023       0          500        1  Right
11  1   100        6477       7022       7122       2          100        1  Right
0   3   500        6423       6622       7124       1          3500       1  Left 
12  0   100        6439       7124       7224       5          400        1  Left 
3   0   100        6455       7224       7324       6          700        1  Left 
1   5   500        6460       7122       7623       4          2000       1  Right
0   12  500        6475       7324       7825       7          2000       1  Left 
12  0   100        6513       7825       7925       9          400        1  Left 
1   10  500        6461       7623       8124       8          3500       1  Right
1   5   100        6468       8124       8224       11         400        1  Right
0   9   100        6526       8124       8225       10         200        1  Right
15  8   100        6469       8225       8226       13         700        1  Right
3   13  500        6537       7925       8227       9          2500       1  Left 
1   11  500        6513       8224       8527       12         500        1  Right
8   15  500        6520       8226       8627       14         3500       1  Right
11  3   100        6551       8527       8628       15         200        1  Right
6   2   500        6435       8627       9128       17         4000       1  Right
2   6   100        6460       9128       9228       19         800        1  Right
6   1   500        6485       9228       9728       20         2500       1  Left 
2   0   500        6614       9228       9729       19         2500       1  Right
7   8   100        6567       9728       9829       20         400        1  Left 
10  1   100        6513       9729       9830       22         700        1  Right
0   7   100        6527       9829       9930       22         500        1  Left 
5   1   500        6529       9830       10331      23         2000       1  Right
0   12  500        6549       9930       10431      24         2000       1  Left 
1   10  500        6554       10331      10832      25         3500       1  Right
0   8   500        6588       10431      10932      26         500        1  Right
9   3   100        6564       10832      10933      27         700        1  Right
8   7   500        6588       10932      11433      28         2000       1  Left 
3   9   500        6600       10933      11434      29         3500       1  Right
10  8   100        6595       11433      11534      30         200        1  Right
12  1   100        6596       11434      11535      31         400        1  Right
1   2   100        6612       11535      11635      33         300        1  Right
7   1   100        6613       11635      11735      34         300        1  Right
8   10  500        6621       11534      12035      31         1000       1  Right
10  3   100        6643       12035      12135      35         800        1  Left 
2   1   500        6633       11735      12236      34         1500       1  Right
1   0   100        6617       12236      12336      38         800        1  Right
8   0   100        6648       12336      12436      38         100        1  Right
1   12  500        6627       12336      12836      38         2000       1  Right
6   2   500        6677       12436      12937      39         4000       1  Right
12  0   100        6660       12937      13037      41         400        1  Left 
1   7   500        6664       12836      13337      40         1500       1  Right
0   1   500        6638       13337      13837      43         4000       1  Right
15  1   100        6639       13837      13937      44         200        1  Right
0   6   100        6672       13837      13938      44         300        1  Right
9   1   100        6640       13937      14038      45         600        1  Right
0   12  500        6696       13938      14439      46         2000       1  Left 
1   15  500        6665       14038      14539      47         1000       1  Right
0   13  100        6696       14439      14540      48         200        1  Right
1   9   500        6687       14539      14541      49         3000       1  Right
0   3   500        6752       14540      14542      50         3500       1  Left 
2   1   100        6692       14541      14642      51         300        1  Right
15  0   100        6703       14642      14742      53         600        1  Right
6   1   100        6705       14642      14743      53         500        1  Left 
15  8   100        6705       14742      14843      54         700        1  Right
15  1   100        6712       14843      14943      56         200        1  Right
8   0   500        6709       14843      15343      56         500        1  Right
7   0   100        6710       15343      15443      58         500        1  Left 
1   2   500        6713       14943      15444      57         1500       1  Right
8   7   100        6757       15443      15544      59         400        1  Left 
13  2   100        6725       15544      15644      61         700        1  Right
1   15  500        6738       15444      15945      60         1000       1  Right
7   1   100        6721       15945      16045      63         300        1  Right
2   13  500        6746       15644      16145      62         3500       1  Right
8   13  100        6757       16145      16245      65         100        1  Right
0   8   100        6761       16245      16345      66         100        1  Right
1   6   500        6746       16045      16546      64         2500       1  Left 
7   0   100        6723       16546      16646      68         500        1  Left 
9   0   100        6733       16646      16746      69         200        1  Right
6   2   500        6747       16646      17147      69         4000       1  Left 
12  0   100        6738       17147      17247      71         400        1  Left 
8   12  100        6757       17247      17347      72         300        1  Left 
5   2   500        6846       17147      17647      71         500        1  Right
1   7   500        6767       17147      17648      71         1500       1  Right
8   11  100        6757       17647      17748      74         800        1  Right
12  1   100        6740       17648      17749      75         400        1  Right
8   10  100        6757       17748      17849      76         200        1  Right
9   1   100        6744       17749      17850      77         600        1  Right
7   8   100        6765       17849      17950      78         400        1  Left 
9   0   100        6746       17850      17951      79         200        1  Right
15  6   100        6763       17950      18051      80         700        1  Left 
8   9   100        6757       17951      18052      81         300        1  Right
15  1   100        6764       18051      18152      82         200        1  Right
9   8   100        6780       18052      18153      83         300        1  Right
15  0   100        6768       18153      18253      85         600        1  Right
10  8   100        6782       18253      18353      86         200        1  Right
11  8   100        6784       18353      18453      87         800        1  Right
2   6   100        6790       18453      18553      88         800        1  Right
1   12  500        6774       18152      18653      84         2000       1  Right
2   5   100        6815       18553      18654      89         100        1  Right
3   0   100        6786       18653      18655      90         700        1  Left 
12  8   100        6786       18655      18755      92         300        1  Left 
13  8   100        6788       18755      18855      93         100        1  Right
13  8   100        6796       18855      18955      94         100        1  Right
1   9   500        6790       18654      19056      91         3000       1  Right
12  4   100        6821       19056      19156      96         700        1  Left 
1   15  500        6792       19056      19556      96         1000       1  Right
7   1   100        6818       19556      19656      98         300        1  Right
4   12  500        6847       19156      19657      97         3500       1  Left 
8   15  100        6829       19657      19757      100        700        1  Right
8   15  100        6837       19757      19857      101        700        1  Right
3   11  500        6838       19656      20157      99         1000       1  Right
15  8   500        6875       19857      20358      102        3500       1  Right
10  2   100        7037       20358      20458      102        400        1  Right
1   7   500        6864       20157      20658      103        1500       1  Right
9   1   100        6846       20658      20758      106        600        1  Right
1   0   100        6870       20758      20858      107        800        1  Right
8   13  500        6934       20358      20859      104        500        1  Right
14  8   100        6908       20859      20959      109        500        1  Left 
7   8   100        6910       20959      21059      110        400        1  Left 
14  3   100        6912       20959      21060      110        100        1  Right
1   9   500        6892       20858      21359      108        3000       1  Right
8   7   500        6935       21059      21561      111        2000       1  Left 
7   3   100        6962       21561      21661      114        200        1  Right
0   1   500        6896       21359      21860      113        4000       1  Right
1   0   100        6929       21860      21960      116        800        1  Right
3   10  500        6935       21960      22460      117        4000       1  Right
9   8   100        6938       22460      22560      118        300        1  Right
3   14  500        6943       22460      22961      118        500        1  Right
0   1   500        6950       22560      22962      119        4000       1  Right
1   0   100        6972       22962      22963      121        800        1  Right
9   3   100        6984       22963      23063      122        700        1  Right
3   4   100        6998       23063      23163      123        600        1  Right
3   5   100        6998       23163      23263      124        500        1  Right
8   14  500        6954       22961      23264      120        2500       1  Left 
1   0   100        7014       23263      23364      125        800        1  Right
3   6   100        6998       23264      23365      126        400        1  Left 
2   5   100        7066       23364      23464      125        100        1  Right
8   9   500        6959       23364      23865      127        1500       1  Right
1   14  500        7027       23365      23867      126        1000       1  Right
3   7   100        7054       23867      23967      129        200        1  Right
0   8   500        6971       23865      24366      130        500        1  Right
0   10  100        6974       24366      24466      133        100        1  Right
1   13  500        7058       23967      24468      130        3000       1  Left 
4   8   100        6975       24466      24567      134        400        1  Right
1   14  500        7069       24468      24969      133        1000       1  Right
8   4   500        7011       24567      25068      136        2000       1  Right
8   0   100        7028       25068      25168      136        100        1  Right
12  4   100        7073       25168      25268      137        700        1  Left 
12  6   100        7074       25268      25368      138        100        1  Left 
12  6   100        7097       25368      25468      139        100        1  Left 
1   14  500        7082       24969      25470      135        1000       1  Right
0   1   500        6993       25470      25970      143        4000       1  Right
0   10  100        6998       25970      26070      144        100        1  Right
14  1   100        7006       25970      26071      144        200        1  Right
0   15  100        7011       26070      26171      145        600        1  Right
13  1   100        7032       26071      26172      144        600        1  Left 
14  1   100        7048       26172      26272      146        200        1  Right
0   12  100        7067       26172      26273      146        400        1  Left 
14  1   100        7061       26272      26373      147        200        1  Right
14  0   100        7063       26373      26473      149        600        1  Left 
13  0   100        7086       26473      26573      150        200        1  Right
2   10  500        7073       26171      26672      145        2000       1  Right
13  8   100        7088       26573      26674      151        100        1  Right
4   3   100        7008       26672      26773      154        600        1  Right
5   3   100        7015       26773      26873      156        500        1  Right
6   3   100        7023       26873      26973      155        400        1  Left 
8   0   500        7098       26674      27175      153        500        1  Right
10  8   100        7119       27175      27275      157        200        1  Right
8   4   100        7130       27275      27375      156        400        1  Right
6   15  500        7065       26973      27474      156        3500       1  Left 
6   2   500        7077       27474      27974      160        4000       1  Right
0   3   500        7078       27974      28474      161        3500       1  Left 
5   2   500        7097       27974      28475      161        500        1  Right
0   15  100        7086       28474      28575      162        1000       1  Left 
8   7   100        7130       28575      28675      162        400        1  Left 
7   8   100        7141       28675      28775      163        400        1  Left 
0   1   500        7093       28575      29075      164        4000       1  Right
13  1   100        7095       29075      29175      167        600        1  Left 
9   8   100        7150       29075      29176      165        300        1  Right
13  6   100        7149       29175      29275      166        100        1  Right
4   12  500        7099       29175      29676      168        4500       1  Right
15  1   100        7100       29676      29776      171        200        1  Right
3   0   100        7107       29676      29777      171        700        1  Left 
14  1   100        7104       29777      29877      173        200        1  Right
12  2   100        7128       29777      29878      171        900        1  Left 
14  3   100        7158       29877      29977      172        100        1  Right
15  1   100        7118       29877      29978      174        200        1  Right
4   8   100        7153       29878      29978      173        400        1  Right
1   0   100        7121       29978      30078      176        800        1  Right
6   12  500        7133       29878      30380      173        500        1  Left 
12  6   100        7186       30380      30480      177        100        1  Left 
1   13  500        7121       30078      30579      177        5000       1  Right
1   14  500        7125       30579      31079      179        1000       1  Right
1   15  500        7127       31079      31579      180        1000       1  Right
8   15  100        7130       31579      31679      181        700        1  Right
8   14  100        7130       31679      31680      182        500        1  Left 
0   1   500        7142       31679      32081      182        4000       1  Right
8   9   100        7130       32081      32181      184        300        1  Right
0   8   100        7155       32181      32281      185        100        1  Right
14  8   100        7172       32281      32381      186        500        1  Left 
1   15  500        7144       32081      32582      184        1000       1  Right
3   9   500        7281       32381      32882      186        4500       1  Left 
13  1   100        7150       32882      32883      189        600        1  Left 
15  8   100        7174       32882      32884      189        700        1  Right
13  0   100        7154       32884      32984      191        200        1  Right
2   1   100        7155       32884      32985      191        300        1  Right
2   1   100        7155       32985      33085      193        300        1  Right
13  8   500        7256       32984      33485      191        500        1  Right
2   12  500        7155       33085      33586      194        3500       1  Right
1   0   100        7163       33586      33686      196        800        1  Right
6   12  500        7363       33586      34087      194        500        1  Left 
1   2   500        7176       33686      34187      197        1500       1  Right
15  0   100        7189       34187      34287      199        600        1  Right
1   13  500        7178       34187      34687      199        3000       1  Left 
8   13  100        7225       34687      34787      200        100        1  Right
0   15  500        7210       34287      34788      200        3000       1  Right
8   13  100        7227       34787      34888      201        100        1  Right
1   2   500        7179       34788      35289      203        1500       1  Right
8   10  500        7305       34888      35389      203        1000       1  Right
2   0   100        7221       35389      35489      206        500        1  Right
15  0   100        7231       35489      35589      206        600        1  Right
15  1   100        7279       35589      35689      207        200        1  Right
0   2   500        7247       35589      36089      207        2500       1  Right
0   15  500        7252       36089      36589      209        3000       1  Right
0   11  100        7277       36589      36689      210        700        1  Right
0   7   100        7300       36689      36789      211        500        1  Left 
7   2   100        7338       36789      36889      211        1000       1  Left 
1   15  500        7305       36689      37190      211        1000       1  Right
0   8   500        7350       36889      37390      212        500        1  Right
2   7   500        7379       37190      37691      213        3000       1  Right
15  0   100        7333       37691      37791      215        600        1  Right
1   12  500        7412       37691      38192      215        2000       1  Right
0   15  500        7354       37791      38292      216        3000       1  Right
7   8   100        7430       38192      38293      217        400        1  Left 
0   1   500        7365       38292      38793      218        4000       1  Right
12  1   100        7381       38793      38893      220        400        1  Right
15  0   100        7388       38793      38894      220        600        1  Right
15  1   100        7390       38894      38994      222        200        1  Right
10  1   100        7399       38994      38995      223        700        1  Right
0   3   500        7399       38894      39296      222        3500       1  Left 
0   13  100        7404       39296      39396      225        200        1  Right
1   15  500        7417       38995      39496      224        1000       1  Right
8   0   100        7408       39396      39497      226        100        1  Right
6   13  500        7441       39396      39897      226        500        1  Right
1   10  500        7440       39496      39898      227        3500       1  Right
3   0   100        7431       39897      39899      229        700        1  Left 
15  4   100        7453       39898      39999      230        300        1  Right
2   0   100        7474       39999      40099      232        500        1  Right
10  0   100        7483       40099      40199      233        100        1  Right
8   7   500        7451       39899      40399      231        2000       1  Left 
3   14  500        7450       39899      40400      231        500        1  Right
4   8   100        7438       40399      40500      235        400        1  Right
3   7   100        7463       40400      40500      236        200        1  Right
4   3   100        7442       40500      40600      237        600        1  Right
0   13  100        7473       40500      40601      237        200        1  Right
6   12  500        7463       40399      40900      235        500        1  Left 
13  1   100        7489       40900      41000      240        600        1  Left 
4   15  500        7494       40600      41102      238        1500       1  Right
12  2   100        7458       41102      41202      242        700        1  Right
8   4   500        7474       41102      41603      242        2000       1  Right
2   12  500        7484       41202      41703      243        3500       1  Right
5   8   100        7481       41603      41704      244        500        1  Right
6   8   100        7483       41704      41804      246        200        1  Right
5   3   100        7485       41704      41805      246        500        1  Right
10  8   100        7485       41804      41905      247        200        1  Right
10  1   100        7492       41905      42005      249        700        1  Right
7   3   500        7486       41805      42306      248        1000       1  Right
8   0   500        7485       41905      42406      249        500        1  Right
6   3   100        7487       42306      42407      251        400        1  Left 
7   3   100        7494       42407      42507      253        200        1  Right
7   1   100        7540       42507      42607      254        300        1  Right
0   2   500        7500       42406      42907      252        2500       1  Right
8   6   500        7509       42407      42909      253        1000       1  Right
2   0   100        7538       42907      43008      256        500        1  Right
8   5   500        7512       43008      43508      258        2500       1  Right
8   4   100        7512       43508      43608      259        400        1  Right
8   5   100        7512       43608      43708      260        500        1  Right
8   6   100        7512       43708      43808      261        200        1  Right
8   7   100        7512       43808      43908      262        400        1  Left 
8   13  100        7512       43908      44008      263        100        1  Right
12  6   100        7516       43908      44009      263        100        1  Left 
0   8   100        7544       44008      44109      264        100        1  Right
3   4   500        7536       43708      44209      261        3000       1  Right
13  0   100        7547       44109      44210      266        200        1  Right
7   8   100        7548       44210      44310      268        400        1  Left 
6   8   100        7550       44310      44410      269        200        1  Right
3   5   500        7537       44209      44710      267        2500       1  Right
5   8   100        7552       44710      44810      271        500        1  Right
4   8   100        7554       44810      44910      272        400        1  Right
1   13  500        7515       44710      45210      271        3000       1  Left 
13  8   100        7571       45210      45310      274        100        1  Right
0   2   500        7564       44910      45411      273        2500       1  Right
3   6   500        7538       45210      45412      274        2000       1  Left 
0   13  500        7578       45411      45612      276        1000       1  Right
1   10  500        7538       45411      45613      276        3500       1  Right
0   7   100        7579       45612      45713      278        500        1  Left 
3   4   100        7547       45613      45714      279        600        1  Right
8   10  100        7612       45713      45814      280        200        1  Right
12  5   100        7541       45714      45815      281        800        1  Right
3   5   100        7547       45815      45915      283        500        1  Right
7   8   100        7640       45815      45916      282        400        1  Left 
4   1   100        7561       45915      46016      284        500        1  Right
3   6   100        7547       45916      46017      285        400        1  Left 
2   0   100        7591       46016      46117      286        500        1  Right
1   7   500        7586       46017      46518      287        1500       1  Right
5   12  500        7572       46117      46618      288        4000       1  Left 
3   7   100        7640       46518      46619      288        200        1  Right
10  6   100        7590       46618      46718      290        400        1  Right
5   1   100        7577       46618      46719      290        400        1  Right
4   3   100        7592       46718      46819      292        1000       1  Left 
10  1   100        7591       46819      46919      294        700        1  Right
10  0   100        7595       46919      47019      295        100        1  Right
13  0   100        7609       47019      47119      296        200        1  Right
7   0   100        7644       47119      47219      296        500        1  Left 
1   4   500        7596       46919      47420      295        2500       1  Right
5   3   100        7598       47420      47520      299        500        1  Right
6   1   100        7606       47520      47620      300        500        1  Left 
10  8   500        7674       47219      47720      297        1000       1  Right
6   3   100        7606       47620      47721      301        400        1  Left 
1   5   500        7619       47620      48121      301        2000       1  Right
0   11  100        7603       48121      48221      304        700        1  Right
0   2   500        7617       48221      48721      305        2500       1  Right
1   10  500        7634       48721      49221      305        3500       1  Right
0   13  500        7642       48721      49222      305        1000       1  Right
4   1   100        7639       49221      49322      306        500        1  Right
8   10  100        7661       49222      49323      307        200        1  Right
11  2   100        7642       49322      49423      308        200        1  Right
2   0   100        7650       49423      49523      310        500        1  Right
1   6   500        7647       49322      49823      308        2500       1  Left 
4   1   100        7652       49823      49824      312        1100       1  Left 
7   1   100        7653       49824      49924      313        300        1  Right
2   11  500        7673       49523      49925      311        1000       1  Right
4   0   100        7654       49824      49926      313        300        1  Right
5   1   100        7658       49925      50026      315        400        1  Right
1   4   500        7670       50026      50526      317        2500       1  Right
5   1   100        7671       50526      50626      318        400        1  Right
5   0   100        7673       50626      50726      319        400        1  Right
13  1   100        7676       50626      50727      319        600        1  Left 
6   1   100        7702       50727      50827      321        500        1  Left 
6   1   100        7715       50827      50927      322        500        1  Left 
11  8   100        7718       50927      50928      323        800        1  Left 
7   8   100        7727       50928      51028      324        400        1  Left 
0   2   500        7677       50726      51128      320        2500       1  Right
10  8   100        7761       51128      51228      326        200        1  Right
1   4   500        7683       51128      51628      326        2500       1  Right
1   5   500        7694       51628      52128      328        2000       1  Right
15  4   100        7705       52128      52228      329        300        1  Right
15  6   100        7706       52228      52328      330        900        1  Right
0   15  100        7712       52328      52428      331        600        1  Right
2   0   100        7714       52428      52528      332        500        1  Right
1   7   500        7699       52128      52628      329        1500       1  Right
6   0   100        7717       52528      52629      333        300        1  Right
4   1   100        7729       52628      52729      334        500        1  Right
8   7   500        7708       52629      52730      335        2000       1  Left 
0   3   500        7723       52729      52830      336        4500       1  Right
1   13  500        7703       52830      53330      338        3000       1  Left 
0   2   500        7740       52830      53331      338        2500       1  Right
15  6   100        7720       53330      53431      339        700        1  Left 
8   10  100        7748       53331      53432      340        200        1  Right
13  0   100        7758       53432      53532      342        200        1  Right
0   8   100        7763       53532      53632      343        100        1  Right
8   7   100        7787       53632      53732      344        400        1  Left 
8   7   100        7789       53732      53832      345        400        1  Left 
1   5   500        7714       53431      53932      341        2000       1  Right
0   13  500        7789       53832      54333      346        1000       1  Right
4   15  500        7746       53932      54432      347        1500       1  Right
1   6   500        7743       53932      54433      347        2500       1  Left 
15  2   100        7790       54432      54533      349        100        1  Right
1   6   500        7756       54433      54934      350        2500       1  Left 
0   2   500        7806       54533      55034      351        2500       1  Right
7   6   100        7764       54934      55035      352        200        1  Left 
0   10  100        7816       55034      55134      353        100        1  Right
0   9   100        7881       55134      55234      354        200        1  Right
0   9   100        7905       55234      55334      355        200        1  Right
1   4   500        7762       55034      55535      353        2500       1  Right
7   1   100        7765       55535      55635      358        300        1  Right
6   15  500        7771       55535      56036      358        4500       1  Right
1   7   500        7823       55635      56136      359        1500       1  Right
12  5   100        7792       56036      56137      360        800        1  Left 
7   0   100        7769       56137      56237      362        500        1  Left 
5   1   100        7789       56137      56238      362        400        1  Right
2   0   100        7780       56238      56338      364        500        1  Right
3   0   100        7807       56338      56339      365        900        1  Right
7   8   500        7798       56237      56639      363        2000       1  Left 
4   8   100        7824       56639      56739      366        400        1  Right
13  0   100        7836       56739      56839      367        200        1  Right
2   15  500        7821       56339      56840      366        500        1  Right
6   12  500        7804       56639      57140      367        500        1  Left 
1   5   500        7826       56840      57341      369        2000       1  Right
5   12  500        7823       57341      57841      372        4000       1  Right
6   1   100        7824       57841      57842      372        500        1  Left 
8   11  500        7827       57841      58243      372        4000       1  Right
8   3   100        7828       58243      58343      374        600        1  Left 
2   1   100        7828       58243      58344      374        300        1  Right
13  1   100        7838       58344      58444      376        600        1  Left 
15  6   100        7851       58444      58544      377        700        1  Left 
8   4   500        7860       58343      58844      375        2000       1  Right
1   2   500        7853       58544      59045      378        1500       1  Right
12  1   100        7873       59045      59145      380        400        1  Right
12  1   100        7873       59145      59245      381        400        1  Right
6   10  500        7867       58844      59345      379        2000       1  Right
2   1   100        7875       59245      59346      382        300        1  Right
5   8   100        7872       59345      59446      383        500        1  Right
1   13  500        7865       59346      59847      384        3000       1  Left 
8   0   500        7899       59446      59947      385        500        1  Right
13  4   100        7893       59947      60047      387        500        1  Right
1   6   500        7870       59847      60348      386        2500       1  Left 
8   5   500        7903       60047      60548      388        2500       1  Right
6   8   100        7917       60548      60648      390        200        1  Right
1   12  500        7904       60348      60849      389        2000       1  Right
4   3   100        7892       60849      60949      392        600        1  Right
10  1   100        7895       60949      61049      393        700        1  Right
8   6   500        7943       60648      61149      390        1000       1  Right
1   12  500        7907       61049      61550      394        2000       1  Right
4   13  500        7924       61149      61650      394        2500       1  Right
11  1   100        7926       61550      61651      395        100        1  Right
12  2   100        7932       61650      61751      396        900        1  Left 
12  0   100        7951       61751      61851      398        400        1  Left 
1   10  500        7936       61751      62251      398        3500       1  Right
5   3   100        7937       62251      62351      400        500        1  Right
0   10  100        7943       62251      62352      400        100        1  Right
6   3   100        7965       62351      62451      401        400        1  Left 
9   2   100        7948       62351      62452      401        300        1  Right
0   8   100        7956       62352      62454      402        100        1  Right
8   4   100        8041       62454      62554      405        400        1  Right
8   5   100        8041       62554      62654      406        500        1  Right
13  4   100        8145       62654      62754      406        500        1  Right
6   15  500        8010       62451      62952      403        3500       1  Left 
1   2   500        7951       62952      63452      409        1500       1  Right
6   7   500        8026       62952      63453      409        1000       1  Left 
1   11  500        7962       63452      63953      410        500        1  Right
2   12  500        7960       63453      63954      411        4500       1  Left 
2   1   100        7968       63954      64054      413        300        1  Right
10  1   100        7975       64054      64154      414        700        1  Right
0   12  500        7987       63954      64455      413        2000       1  Left 
11  0   100        8007       64455      64555      416        900        1  Left 
2   9   500        7989       64154      64556      415        1500       1  Right
10  0   100        8059       64555      64556      417        100        1  Right
11  8   100        8009       64555      64557      417        800        1  Left 
11  1   100        8016       64557      64657      419        100        1  Right
9   8   100        8040       64557      64658      419        300        1  Right
15  1   100        8043       64657      64758      420        200        1  Right
8   6   100        8041       64658      64759      421        200        1  Right
8   7   100        8041       64759      64859      423        400        1  Left 
1   10  500        8016       64758      64860      422        3500       1  Right
15  2   100        8107       64860      64960      425        100        1  Right
0   3   500        8099       64859      64961      424        3500       1  Left 
15  2   100        8170       64960      65060      425        100        1  Right
1   11  500        8052       64860      65361      425        500        1  Right
7   1   100        8049       65361      65461      429        300        1  Right
0   10  500        8105       64961      65463      427        500        1  Right
7   8   100        8058       65461      65562      430        400        1  Left 
6   8   100        8060       65562      65662      432        200        1  Right
5   8   100        8062       65662      65762      433        500        1  Right
4   8   100        8064       65762      65862      434        400        1  Right
1   15  500        8069       65461      65962      430        1000       1  Right
11  6   100        8087       65962      66062      436        600        1  Left 
11  1   100        8088       66062      66162      437        100        1  Right
13  6   100        8146       66062      66163      436        100        1  Right
13  6   100        8180       66163      66263      438        100        1  Right
2   15  500        8138       65962      66463      435        500        1  Right
11  0   100        8092       66463      66563      441        700        1  Right
8   11  100        8100       66563      66663      442        800        1  Right
1   7   500        8095       66162      66664      438        1500       1  Right
8   11  100        8101       66663      66764      443        800        1  Right
7   1   100        8139       66664      66765      443        300        1  Right
11  8   500        8121       66764      67265      445        4000       1  Right
0   7   100        8118       67265      67365      447        500        1  Left 
3   0   100        8128       67365      67465      447        700        1  Left 
10  0   100        8158       67465      67565      448        100        1  Right
1   11  500        8126       67265      67766      446        500        1  Right
9   1   100        8249       67766      67866      446        600        1  Right
3   8   500        8140       67465      67867      448        3000       1  Left 
10  1   100        8250       67866      67868      447        700        1  Right
0   13  100        8159       67867      67968      452        200        1  Right
6   15  500        8153       67868      68369      453        3500       1  Left 
8   9   500        8160       67968      68469      454        1500       1  Right
8   0   100        8196       68469      68569      456        100        1  Right
12  0   100        8204       68569      68669      457        400        1  Left 
3   4   500        8175       68369      68870      455        3000       1  Right
0   10  500        8204       68669      69170      458        500        1  Right
4   13  500        8176       68870      69371      459        5500       1  Left 
1   7   500        8185       69371      69871      461        1500       1  Right
6   13  500        8221       69371      69871      461        500        1  Right
2   15  500        8201       69371      69872      461        500        1  Right
0   14  100        8207       69871      69972      462        600        1  Left 
7   0   100        8233       69972      70072      460        500        1  Left 
3   5   500        8224       69872      70373      461        2500       1  Right
0   12  500        8240       70072      70573      461        2000       1  Left 
0   7   100        8252       70573      70673      463        500        1  Left 
0   1   100        8260       70673      70773      464        800        1  Left 
0   1   100        8260       70773      70873      465        800        1  Left 
5   15  500        8301       70373      70874      462        1000       1  Right
0   7   500        8284       70873      71374      466        2500       1  Left 
13  2   100        8210       71374      71375      472        700        1  Right
15  6   100        8230       71374      71376      468        700        1  Left 
2   13  500        8231       71375      71377      469        3500       1  Right
6   11  500        8369       71376      71378      470        3000       1  Left 
15  5   100        8255       71377      71478      471        200        1  Right
13  6   100        8251       71378      71479      472        100        1  Right
1   2   500        8213       71478      71979      477        1500       1  Right
3   6   500        8259       71479      71980      474        2000       1  Left 
8   1   500        8290       71979      72480      475        4500       1  Right
6   13  500        8440       71980      72481      476        500        1  Right
15  5   100        8506       72480      72580      477        200        1  Right
1   3   100        8215       72480      72581      481        100        1  Right
12  0   100        8290       72481      72583      478        400        1  Left 
14  2   100        8228       72581      72682      480        500        1  Right
2   3   100        8250       72682      72782      482        400        1  Right
8   0   500        8290       72583      73084      481        500        1  Right
6   15  500        8532       72782      73085      482        3500       1  Left 
8   2   500        8311       73084      73387      484        3000       1  Right
1   8   100        8219       73387      73487      490        700        1  Left 
5   15  500        8552       73387      73888      485        1000       1  Right
1   10  500        8291       73487      73988      487        4500       1  Left 
2   8   100        8254       73988      74088      489        600        1  Right
2   14  500        8254       74088      74588      490        2500       1  Right
0   12  500        8326       74088      74589      490        2000       1  Left 
14  8   100        8301       74589      74689      492        500        1  Left 
7   0   100        8335       74689      74789      493        500        1  Left 
10  0   100        8343       74789      74790      494        100        1  Right
1   9   500        8295       74588      74990      491        3000       1  Right
9   0   100        8359       74990      75090      496        200        1  Right
2   1   100        8363       74990      75091      496        300        1  Right
8   14  500        8347       74789      75192      494        2500       1  Left 
9   8   100        8361       75192      75292      499        300        1  Right
12  0   100        8363       75292      75392      500        400        1  Left 
1   2   500        8384       75091      75592      498        1500       1  Right
9   1   100        8368       75592      75692      502        600        1  Right
0   7   500        8386       75392      75893      501        2500       1  Left 
1   9   500        8414       75692      76193      503        3000       1  Right
8   1   100        8386       76193      76293      505        700        1  Left 
8   2   100        8386       76293      76393      506        1000       1  Left 
0   10  500        8389       75893      76394      504        500        1  Right
11  1   100        8402       76393      76493      507        100        1  Right
8   14  100        8386       76393      76494      507        500        1  Left 
10  0   100        8452       76394      76496      508        100        1  Right
2   1   100        8406       76493      76594      509        300        1  Right
7   1   100        8440       76594      76694      512        300        1  Right
10  1   100        8454       76694      76794      513        700        1  Right
10  4   100        8587       76794      76894      513        200        1  Right
0   12  500        8399       76496      76997      511        2000       1  Left 
8   11  100        8386       76997      77097      516        800        1  Right
11  8   100        8414       77097      77197      517        800        1  Right
0   3   500        8423       77197      77697      518        3500       1  Left 
0   11  100        8424       77697      77698      519        700        1  Right
1   8   100        8424       77697      77699      519        700        1  Left 
2   8   100        8425       77699      77799      521        600        1  Right
14  8   100        8428       77799      77899      522        500        1  Left 
14  8   100        8435       77899      77999      523        500        1  Left 
9   6   100        8461       77999      78099      524        500        1  Right
12  0   100        8461       78099      78199      525        400        1  Left 
1   2   500        8427       77799      78299      522        1500       1  Right
8   9   100        8492       78199      78300      526        300        1  Right
8   9   100        8493       78300      78400      528        300        1  Right
1   11  500        8440       78299      78800      527        500        1  Right
9   1   100        8462       78800      78900      530        600        1  Right
0   12  500        8497       78400      78901      529        2000       1  Left 
9   0   100        8466       78901      79001      532        200        1  Right
2   3   500        8526       78900      79401      530        2000       1  Right
8   14  500        8532       78901      79403      531        2500       1  Left 
13  1   100        8463       79403      79503      535        600        1  Left 
3   1   100        8466       79503      79603      536        100        1  Right
9   8   500        8503       79403      79904      535        1500       1  Right
1   13  500        8489       79603      80104      537        3000       1  Left 
11  1   100        8495       80104      80204      539        100        1  Right
0   8   500        8513       79904      80405      538        500        1  Right
0   5   100        8514       80405      80505      541        400        1  Right
12  0   100        8531       80505      80605      541        400        1  Left 
1   7   500        8495       80204      80705      540        1500       1  Right
2   13  500        8548       80605      81106      542        3500       1  Right
1   10  500        8498       81106      81606      545        3500       1  Right
6   13  500        8554       81106      81607      544        500        1  Right
4   10  500        8613       81606      82106      545        1000       1  Right
3   2   500        8507       81606      82107      546        2000       1  Right
0   12  500        8567       81607      82109      546        2000       1  Left 
1   9   500        8510       82107      82608      549        3000       1  Right
3   2   100        8517       82608      82708      551        400        1  Right
13  2   100        8527       82708      82808      551        700        1  Right
13  2   100        8570       82808      82908      552        700        1  Right
5   2   100        8578       82908      83008      553        100        1  Right
13  6   100        8610       82908      83009      553        100        1  Right
1   11  500        8531       82708      83209      551        500        1  Right
3   1   100        8557       83209      83309      556        100        1  Right
2   13  500        8591       83009      83510      555        3500       1  Right
1   0   500        8543       83510      84010      558        4000       1  Right
1   0   500        8556       84010      84510      559        4000       1  Right
7   0   100        8561       84510      84610      560        500        1  Left 
1   14  500        8612       84510      85010      560        1000       1  Right
2   5   500        8609       84510      85011      560        500        1  Right
0   11  100        8567       85010      85111      562        900        1  Left 
8   1   100        8583       85111      85112      564        700        1  Left 
11  0   100        8607       85111      85113      564        700        1  Right
14  1   100        8591       85112      85213      565        200        1  Right
12  0   100        8612       85113      85214      566        400        1  Left 
0   8   100        8614       85214      85314      568        100        1  Right
13  5   100        8635       85214      85315      566        1000       1  Left 
8   9   100        8684       85314      85415      567        300        1  Right
0   7   500        8618       85415      85915      571        2500       1  Left 
0   1   100        8621       85915      86015      572        800        1  Right
15  1   100        8622       86015      86115      573        200        1  Right
14  0   100        8635       86015      86116      571        600        1  Left 
15  1   100        8622       86115      86216      574        200        1  Right
15  2   100        8671       86216      86316      574        100        1  Right
0   12  500        8648       86116      86617      573        2000       1  Left 
1   8   500        8634       86617      86618      576        3500       1  Left 
0   11  500        8651       86617      86619      576        3500       1  Right
14  8   100        8637       86618      86719      577        500        1  Left 
5   8   100        8654       86719      86819      579        500        1  Right
1   15  500        8648       86619      87120      578        1000       1  Right
14  1   100        8644       87120      87220      581        200        1  Right
5   13  500        8671       86819      87320      580        3000       1  Right
14  6   100        8693       87220      87320      582        300        1  Left 
7   0   100        8675       87320      87420      583        500        1  Left 
9   8   100        8692       87420      87520      584        300        1  Right
1   15  500        8651       87220      87721      582        1000       1  Right
15  0   100        8690       87721      87821      586        600        1  Right
1   14  500        8665       87721      88221      586        1000       1  Right
7   1   100        8677       88221      88321      588        300        1  Right
2   15  500        8702       87821      88322      587        500        1  Right
7   4   100        8783       88321      88421      589        800        1  Left 
14  1   100        8694       88321      88422      589        200        1  Right
8   14  100        8713       88422      88522      592        500        1  Left 
8   14  100        8715       88522      88622      593        500        1  Left 
0   15  500        8711       88421      88922      591        3000       1  Right
0   9   100        8726       88922      89022      595        200        1  Right
1   14  500        8717       88622      89123      594        1000       1  Right
6   9   500        8733       89022      89523      596        2500       1  Right
1   7   500        8735       89123      89624      597        1500       1  Right
0   11  500        8741       89523      90024      598        3500       1  Right
14  0   100        8698       90024      90124      600        600        1  Left 
1   3   500        8751       89624      90125      599        500        1  Right
11  0   100        8700       90124      90225      601        700        1  Right
9   1   100        8756       90225      90325      603        600        1  Right
11  1   100        8782       90325      90425      604        100        1  Right
3   15  100        8785       90425      90525      605        300        1  Right
14  8   500        8749       90124      90625      601        2500       1  Left 
12  0   100        8724       90625      90725      607        400        1  Left 
1   9   500        8802       90525      91026      606        3000       1  Right
0   12  500        8760       90725      91226      608        2000       1  Left 
12  0   100        8795       91226      91326      610        400        1  Left 
0   10  100        8798       91326      91426      611        100        1  Right
4   7   500        8814       91026      91527      609        4000       1  Right
8   5   500        8803       91527      92027      613        2500       1  Right
1   11  500        8818       91527      92028      613        500        1  Right
0   4   100        8816       92027      92029      614        300        1  Right
13  5   100        8886       92028      92030      615        1000       1  Left 
10  4   100        8839       92029      92130      616        200        1  Right
1   3   100        8896       92030      92130      617        100        1  Right
9   1   100        8854       92130      92230      618        600        1  Right
0   12  500        8831       92030      92531      617        2000       1  Left 
11  0   100        8861       92531      92631      620        900        1  Left 
4   10  500        8865       92230      92731      619        1000       1  Right
12  1   100        8865       92631      92732      621        400        1  Right
4   2   100        8866       92731      92831      622        200        1  Right
10  6   100        8840       92731      92832      622        400        1  Right
5   1   100        8902       92831      92932      624        400        1  Right
10  6   100        8849       92832      92933      625        400        1  Right
3   1   100        8909       92932      93032      626        100        1  Right
0   9   100        8869       92933      93034      627        200        1  Right
2   4   500        8902       92932      93433      626        1000       1  Right
6   10  500        8875       93034      93535      629        2000       1  Right
1   9   500        8902       93433      93934      630        3000       1  Right
10  2   100        8894       93934      94034      632        400        1  Right
6   13  500        8904       93535      94036      631        500        1  Right
0   11  500        8904       94034      94535      633        3500       1  Right
6   14  500        8997       94036      94537      634        1500       1  Left 
1   0   500        8910       94535      95036      635        4000       1  Right
5   13  500        8922       95036      95536      637        3000       1  Right
1   12  500        8935       95036      95537      637        2000       1  Right
8   0   500        8941       95536      96036      638        500        1  Right
2   10  500        8930       95536      96037      638        2000       1  Right
15  0   100        8943       96036      96137      640        1000       1  Left 
4   8   100        8939       96137      96237      642        400        1  Right
9   0   100        8957       96237      96337      643        200        1  Right
10  6   100        8971       96337      96437      644        400        1  Right
1   5   500        8938       96137      96637      642        2000       1  Right
8   4   500        8975       96437      96938      645        2000       1  Right
11  0   100        8962       96938      96939      647        700        1  Right
1   13  500        9006       96637      97039      646        3000       1  Left 
11  1   100        8964       97039      97139      649        100        1  Right
13  1   100        8977       97139      97239      650        600        1  Left 
13  1   100        8977       97239      97339      651        600        1  Left 
0   15  500        8964       96939      97440      648        3000       1  Right
5   0   100        8991       97440      97540      653        400        1  Right
5   8   100        8993       97540      97640      654        500        1  Right
15  0   100        8997       97640      97740      655        600        1  Right
1   13  500        9012       97339      97840      652        3000       1  Left 
8   4   100        9025       97740      97841      656        400        1  Right
12  15  100        8975       97840      97842      657        600        1  Right
13  2   100        9029       97841      97843      658        700        1  Right
8   14  100        9025       97843      97844      660        500        1  Left 
15  0   100        9040       97843      97845      660        600        1  Right
7   4   100        9035       97845      97945      662        800        1  Left 
7   6   100        9036       97945      98045      663        200        1  Left 
13  0   100        9048       97945      98046      663        200        1  Right
1   11  500        9018       97842      98244      659        500        1  Right
2   13  500        9050       98046      98547      665        3500       1  Right
7   2   100        9102       98547      98548      667        1000       1  Left 
15  3   500        9082       98244      98646      666        1500       1  Right
6   10  500        9119       98548      99049      668        2000       1  Right
1   5   500        9036       98646      99147      669        2000       1  Right
0   1   100        8997       99147      99247      671        800        1  Right
5   1   100        9000       99247      99347      672        400        1  Right
0   8   100        9009       99247      99348      672        100        1  Right
11  4   100        9069       99347      99447      673        400        1  Right
14  1   100        9048       99347      99448      673        200        1  Right
0   15  500        9018       99447      99948      675        3000       1  Right
4   8   100        9048       99948      99949      677        1200       1  Left 
4   8   100        9053       99949      99950      678        1200       1  Left 
14  8   100        9061       99950      100050     679        500        1  Left 
0   9   500        9020       99948      100250     677        1000       1  Right
4   7   500        9066       100050     100551     680        4000       1  Right
0   14  100        9028       100551     100651     682        600        1  Left 
4   11  500        9090       100551     101052     682        2000       1  Right
1   14  500        9069       100651     101152     683        1000       1  Right
0   15  500        9061       101052     101553     684        3000       1  Right
5   6   100        9097       101553     101653     686        900        1  Left 
5   1   100        9098       101653     101753     687        400        1  Right
3   6   100        9117       101653     101754     687        400        1  Left 
10  1   100        9147       101753     101854     687        700        1  Right
0   13  500        9079       101553     102053     686        1000       1  Right
15  0   100        9083       102053     102153     691        600        1  Right
9   0   100        9088       102153     102154     692        200        1  Right
8   5   100        9107       102153     102155     692        1100       1  Left 
14  0   100        9096       102155     102255     694        600        1  Left 
5   0   100        9102       102255     102355     695        400        1  Right
8   5   100        9109       102355     102455     696        500        1  Right
15  12  500        9116       102255     102756     695        3000       1  Right
5   8   500        9128       102455     102956     696        2500       1  Right
0   15  500        9114       102956     103456     699        3000       1  Right
0   7   100        9114       103456     103556     700        500        1  Left 
3   15  100        9121       103456     103557     700        300        1  Right
0   14  500        9122       103556     104057     701        3000       1  Left 
1   5   500        9136       103557     104058     701        2000       1  Right
0   6   100        9122       104057     104158     703        300        1  Right
12  6   100        9146       104158     104258     704        100        1  Left 
2   7   500        9145       104058     104559     703        3000       1  Right
0   9   500        9139       104158     104659     704        1000       1  Right
7   6   100        9163       104559     104660     706        200        1  Left 
15  0   100        9140       104659     104760     707        600        1  Right
14  0   100        9154       104760     104860     709        1000       1  Right
14  1   100        9206       104860     104960     710        200        1  Right
6   7   500        9184       104660     105161     708        1000       1  Left 
7   6   100        9192       105161     105261     712        200        1  Left 
0   15  500        9161       104860     105361     710        3000       1  Right
6   2   100        9186       105361     105461     714        800        1  Left 
8   4   500        9168       105361     105861     714        2000       1  Right
2   6   500        9232       105461     105962     714        4000       1  Left 
0   14  500        9180       105962     105963     717        3000       1  Left 
1   10  500        9188       105962     105964     717        3500       1  Right
0   14  100        9180       105963     106064     718        600        1  Left 
9   1   100        9207       105964     106065     719        600        1  Right
4   1   100        9217       106065     106165     721        500        1  Right
6   10  500        9248       106064     106565     719        2000       1  Right
15  0   100        9182       106565     106665     723        600        1  Right
1   14  500        9227       106165     106666     721        1000       1  Right
6   8   100        9278       106565     106667     722        200        1  Right
0   15  500        9203       106665     107166     724        3000       1  Right
8   6   500        9304       106667     107168     725        1000       1  Right
10  2   100        9241       107166     107169     726        400        1  Right
15  1   100        9220       107166     107170     727        200        1  Right
14  0   100        9250       107168     107171     727        600        1  Left 
15  1   100        9273       107170     107172     729        200        1  Right
2   10  500        9277       107169     107572     728        2000       1  Right
0   14  500        9276       107171     107577     730        3000       1  Left 
12  15  100        9228       107577     107677     733        600        1  Right
4   0   100        9290       107577     107678     733        300        1  Right
4   8   100        9292       107678     107778     735        400        1  Right
6   7   500        9310       107677     108177     734        1000       1  Left 
1   15  500        9246       107677     108178     734        1000       1  Right
0   13  500        9332       107778     108280     736        1000       1  Right
6   8   100        9349       108280     108380     739        200        1  Right
6   8   100        9350       108380     108480     740        200        1  Right
1   4   500        9248       108178     108679     738        2500       1  Right
1   9   500        9253       108679     109179     742        3000       1  Right
1   0   500        9291       109179     109679     743        4000       1  Right
4   1   100        9299       109679     109779     744        500        1  Right
13  0   100        9301       109679     109780     744        200        1  Right
14  0   100        9308       109780     109880     746        600        1  Left 
9   0   100        9316       109880     109980     747        200        1  Right
0   5   100        9332       109980     110080     748        400        1  Right
8   5   100        9333       110080     110180     749        500        1  Right
1   15  500        9299       109779     110280     745        1000       1  Right
5   8   100        9351       110180     110281     750        500        1  Right
14  1   100        9310       110280     110381     751        200        1  Right
11  4   100        9321       110281     110382     752        400        1  Right
11  6   100        9322       110382     110482     754        600        1  Left 
15  1   100        9324       110482     110582     755        200        1  Right
0   9   500        9367       110281     110782     752        1000       1  Right
10  6   100        9329       110782     110882     757        400        1  Right
8   6   100        9333       110882     110982     758        200        1  Right
1   4   500        9331       110582     111083     756        2500       1  Right
8   0   500        9343       110982     111483     759        500        1  Right
4   11  500        9342       111083     111583     760        2000       1  Right
1   14  500        9332       111083     111584     760        1000       1  Right
11  2   100        9366       111583     111683     762        200        1  Right
10  5   100        9354       111583     111684     762        300        1  Right
7   1   100        9355       111584     111686     763        300        1  Right
4   6   100        9361       111684     111785     765        600        1  Right
14  4   100        9365       111785     111885     767        900        1  Left 
1   15  500        9350       111686     112187     766        1000       1  Right
15  3   100        9389       112187     112287     769        300        1  Right
6   5   500        9369       111885     112386     768        3500       1  Right
4   1   100        9362       112386     112486     771        500        1  Right
4   0   100        9366       112486     112586     772        300        1  Right
15  8   100        9393       112486     112587     772        900        1  Left 
13  0   100        9380       112587     112687     774        200        1  Right
15  3   100        9394       112587     112688     774        300        1  Right
5   10  500        9375       112586     113087     773        1500       1  Right
8   4   100        9382       113087     113187     777        400        1  Right
5   1   100        9392       113087     113188     777        400        1  Right
8   4   100        9384       113187     113288     778        400        1  Right
1   4   500        9395       113288     113788     780        2500       1  Right
0   1   100        9397       113788     113888     781        800        1  Right
