
149
C:/Users/nxconrad/Desktop/REU 2.0/Benchmark Data/16-core/7/flow_freqmine100#2.txt
810
[0, 6, 10, 5, 11, 13, 14, 9, 15, 2, 4, 8, 3, 1, 7, 12]
10  1   100        6420       6422       6522       0          500        1  Left 
10  0   100        6422       6522       6622       1          200        1  Right
2   15  500        6428       6522       7023       0          500        1  Right
0   3   500        6423       6622       7123       1          2000       1  Left 
12  0   100        6439       7123       7223       3          100        1  Left 
3   0   100        6455       7223       7323       4          400        1  Left 
6   2   500        6435       7023       7524       2          4000       1  Right
0   12  500        6475       7323       7824       5          500        1  Left 
12  0   100        6513       7824       7924       7          100        1  Left 
1   11  500        6440       7524       8025       6          4500       1  Right
2   6   100        6460       8025       8125       9          800        1  Right
15  8   100        6469       8125       8225       10         300        1  Right
1   5   500        6460       8125       8625       10         3000       1  Left 
8   15  500        6520       8225       8726       11         1500       1  Right
1   10  500        6461       8625       9126       12         2500       1  Left 
1   5   100        6468       9126       9127       14         600        1  Left 
3   13  500        6537       8726       9128       12         3500       1  Right
11  1   100        6477       9127       9228       15         700        1  Left 
11  3   100        6551       9228       9328       16         800        1  Right
9   3   100        6564       9328       9428       17         500        1  Right
6   1   500        6485       9228       9728       17         2000       1  Left 
10  1   100        6513       9728       9828       20         500        1  Left 
1   11  500        6513       9828       10328      21         3500       1  Left 
0   9   100        6526       10328      10428      21         700        1  Right
7   8   100        6567       10328      10429      21         300        1  Right
2   0   500        6614       10428      10929      22         4500       1  Right
0   7   100        6527       10929      11029      24         200        1  Left 
5   1   500        6529       10929      11430      24         5000       1  Right
0   12  500        6549       11029      11530      25         500        1  Left 
1   10  500        6554       11430      11931      26         5500       1  Right
0   8   500        6588       11931      12431      28         2500       1  Left 
8   7   500        6588       12431      12931      29         1500       1  Right
10  8   100        6595       12931      13031      30         700        1  Left 
12  1   100        6596       13031      13131      31         200        1  Right
7   1   100        6613       13131      13231      32         100        1  Right
3   9   500        6600       13031      13532      31         2500       1  Right
1   2   100        6612       13532      13632      34         400        1  Right
1   0   100        6617       13632      13732      35         300        1  Left 
8   10  500        6621       13632      14133      34         4500       1  Right
1   12  500        6627       13732      14233      35         1000       1  Right
10  3   100        6643       14133      14234      36         1000       1  Right
8   0   100        6648       14234      14334      38         1100       1  Right
12  0   100        6660       14334      14434      39         100        1  Left 
1   7   500        6664       14233      14734      37         500        1  Right
6   2   500        6677       14334      14836      39         4000       1  Right
2   1   500        6633       14836      15336      42         2000       1  Right
0   1   500        6638       15336      15836      43         1500       1  Left 
15  1   100        6639       15836      15936      44         500        1  Right
0   6   100        6672       15836      15937      44         100        1  Right
9   1   100        6640       15936      16037      45         600        1  Right
0   12  500        6696       15937      16438      46         500        1  Left 
1   15  500        6665       16037      16538      47         2500       1  Right
0   13  100        6696       16438      16539      48         500        1  Right
1   9   500        6687       16538      17039      49         3000       1  Right
2   1   100        6692       17039      17139      51         400        1  Right
15  0   100        6703       17039      17140      51         800        1  Right
1   2   500        6713       17139      17640      52         2000       1  Right
6   1   100        6705       17640      17740      54         400        1  Left 
15  8   100        6705       17640      17741      54         300        1  Right
13  2   100        6725       17741      17841      56         400        1  Right
0   3   500        6752       17740      18241      55         2000       1  Left 
2   13  500        6746       17841      18342      57         2000       1  Right
8   0   500        6709       18241      18343      58         2500       1  Left 
7   0   100        6710       18343      18443      60         200        1  Left 
6   2   500        6747       18342      18444      59         4000       1  Right
8   7   100        6757       18443      18544      61         300        1  Right
0   8   100        6761       18544      18644      63         500        1  Left 
5   2   500        6846       18444      18945      62         3000       1  Right
15  1   100        6712       18945      19045      65         500        1  Right
7   1   100        6721       19045      19145      66         100        1  Right
8   13  100        6757       19045      19146      66         600        1  Right
7   0   100        6723       19145      19246      67         200        1  Left 
9   0   100        6733       19246      19346      69         700        1  Right
12  0   100        6738       19346      19446      70         100        1  Left 
1   15  500        6738       19146      19647      68         2500       1  Right
12  1   100        6740       19647      19747      72         200        1  Right
9   1   100        6744       19747      19847      73         600        1  Right
9   0   100        6746       19847      19947      74         700        1  Right
8   12  100        6757       19847      19948      74         400        1  Right
8   11  100        6757       19948      20048      76         700        1  Right
8   10  100        6757       20048      20049      77         900        1  Right
8   9   100        6757       20049      20149      78         400        1  Right
1   6   500        6746       19948      20349      76         2000       1  Left 
15  6   100        6763       20349      20449      80         700        1  Right
7   8   100        6765       20349      20450      80         300        1  Right
2   6   100        6790       20449      20550      81         800        1  Right
9   8   100        6780       20550      20650      83         400        1  Right
10  8   100        6782       20650      20750      84         900        1  Right
11  8   100        6784       20750      20850      85         700        1  Right
12  8   100        6786       20850      20851      86         1200       1  Left 
1   7   500        6767       20450      20852      82         500        1  Right
13  8   100        6788       20851      20952      87         600        1  Right
13  8   100        6796       20952      21052      89         600        1  Right
2   5   100        6815       21052      21152      90         600        1  Right
10  2   100        7037       21152      21252      90         700        1  Right
1   12  500        6774       20852      21353      88         1000       1  Right
15  1   100        6764       21353      21453      93         500        1  Right
15  0   100        6768       21453      21553      94         800        1  Right
7   1   100        6818       21453      21554      94         100        1  Right
3   0   100        6786       21553      21654      95         1200       1  Right
1   9   500        6790       21654      22154      97         3000       1  Right
1   15  500        6792       22154      22654      98         2500       1  Right
12  4   100        6821       22654      22754      99         500        1  Right
8   15  100        6829       22754      22854      100        300        1  Right
8   15  100        6837       22854      22954      101        300        1  Right
3   11  500        6838       22754      23255      100        4000       1  Left 
9   1   100        6846       23255      23256      103        1000       1  Left 
15  8   500        6875       22954      23356      102        1500       1  Right
1   7   500        6864       23256      23757      104        500        1  Right
4   12  500        6847       23356      23857      105        5500       1  Left 
1   0   100        6870       23857      23957      107        300        1  Left 
14  8   100        6908       23857      23958      107        500        1  Right
14  3   100        6912       23958      24058      109        600        1  Right
0   1   500        6896       23957      24458      108        1500       1  Left 
8   13  500        6934       24058      24559      110        3000       1  Right
3   10  500        6935       24458      24959      111        3000       1  Left 
1   9   500        6892       24959      25459      113        3000       1  Right
7   8   100        6910       25459      25559      114        300        1  Right
1   0   100        6929       25559      25659      115        300        1  Left 
9   8   100        6938       25559      25660      115        400        1  Right
3   14  500        6943       25659      26160      116        5000       1  Left 
8   7   500        6935       26160      26660      118        1500       1  Right
0   1   500        6950       26660      27160      119        1500       1  Left 
8   14  500        6954       26660      27161      119        2500       1  Right
7   3   100        6962       27160      27261      120        200        1  Right
1   0   100        6972       27261      27361      122        300        1  Left 
1   0   100        7014       27361      27461      123        300        1  Left 
8   9   500        6959       27161      27462      121        2000       1  Right
9   3   100        6984       27462      27463      125        500        1  Right
3   4   100        6998       27463      27563      126        200        1  Right
1   14  500        7027       27461      27663      123        4500       1  Left 
3   5   100        6998       27663      27763      128        700        1  Left 
3   6   100        6998       27763      27764      129        500        1  Left 
2   5   100        7066       27763      27765      128        600        1  Right
3   7   100        7054       27764      27865      129        200        1  Right
8   4   500        7011       27563      27965      127        500        1  Right
1   13  500        7058       27865      28366      131        4000       1  Left 
0   8   500        6971       28366      28866      134        2500       1  Left 
0   10  100        6974       28866      28966      135        200        1  Right
4   8   100        6975       28866      28967      135        100        1  Right
4   3   100        7008       28967      29067      137        200        1  Right
5   3   100        7015       29067      29167      138        900        1  Right
6   3   100        7023       29167      29168      138        1100       1  Right
0   1   500        6993       28966      29368      136        1500       1  Left 
0   10  100        6998       29368      29468      141        200        1  Right
14  1   100        7006       29368      29469      141        700        1  Right
0   15  100        7011       29469      29470      143        800        1  Right
12  4   100        7073       29469      29471      142        500        1  Right
8   0   100        7028       29471      29571      144        500        1  Left 
0   12  100        7067       29571      29671      145        100        1  Left 
6   15  500        7065       29470      29971      143        3500       1  Right
0   3   500        7078       29671      30172      146        2000       1  Left 
12  6   100        7074       30172      30272      148        200        1  Left 
12  6   100        7097       30272      30372      149        200        1  Left 
2   10  500        7073       29971      30472      147        3500       1  Right
4   12  500        7099       30372      30473      150        2500       1  Right
6   2   500        7077       30472      30573      151        4000       1  Right
13  1   100        7032       30573      30673      153        800        1  Right
14  1   100        7048       30673      30773      154        700        1  Right
14  1   100        7061       30773      30873      155        700        1  Right
6   12  500        7133       30573      31074      152        1000       1  Left 
1   14  500        7069       30873      31374      156        3500       1  Right
14  0   100        7063       31374      31474      158        600        1  Right
13  0   100        7086       31474      31574      159        500        1  Right
1   14  500        7082       31474      31974      159        3500       1  Right
0   15  100        7086       31974      32074      161        800        1  Right
13  8   100        7088       32074      32174      162        600        1  Right
0   1   500        7093       32074      32575      162        1500       1  Left 
5   2   500        7097       32174      32675      163        3000       1  Right
8   0   500        7098       32575      33076      164        2500       1  Left 
13  1   100        7095       33076      33176      166        800        1  Right
15  1   100        7100       33176      33276      167        500        1  Right
13  6   100        7149       33176      33277      166        400        1  Right
14  1   100        7104       33276      33377      168        700        1  Right
3   0   100        7107       33377      33378      170        400        1  Left 
10  8   100        7119       33377      33379      170        900        1  Right
1   0   100        7121       33378      33479      171        300        1  Left 
8   4   100        7130       33379      33480      171        100        1  Right
15  1   100        7118       33479      33580      173        1100       1  Left 
1   13  500        7121       33580      34080      175        4000       1  Right
1   14  500        7125       34080      34580      175        3500       1  Right
1   15  500        7127       34580      35080      176        2500       1  Right
12  2   100        7128       35080      35180      177        600        1  Right
8   7   100        7130       35180      35280      178        300        1  Right
12  6   100        7186       35180      35281      178        200        1  Left 
8   15  100        7130       35280      35381      179        300        1  Right
8   14  100        7130       35381      35481      181        500        1  Right
8   9   100        7130       35481      35581      182        400        1  Right
14  3   100        7158       35581      35681      183        600        1  Right
0   1   500        7142       35281      35782      180        1500       1  Left 
13  1   100        7150       35782      35783      185        800        1  Left 
13  0   100        7154       35783      35883      186        500        1  Right
3   9   500        7281       35681      36083      183        2500       1  Right
7   8   100        7141       36083      36183      188        300        1  Right
1   15  500        7144       36183      36683      189        2500       1  Right
9   8   100        7150       36683      36783      190        400        1  Right
1   0   100        7163       36683      36784      190        300        1  Left 
4   8   100        7153       36783      36785      191        100        1  Right
2   1   100        7155       36784      36786      192        1200       1  Left 
2   1   100        7155       36786      36886      194        400        1  Right
0   8   100        7155       36886      36986      195        500        1  Left 
2   12  500        7155       36986      36987      196        3000       1  Right
0   15  500        7210       36986      36988      196        4000       1  Right
1   2   500        7176       36987      37488      197        2000       1  Right
6   12  500        7363       36988      37489      196        1000       1  Left 
14  8   100        7172       37488      37490      199        500        1  Right
15  8   100        7174       37490      37590      201        300        1  Right
1   13  500        7178       37489      37891      200        4000       1  Left 
15  0   100        7189       37891      37991      203        800        1  Right
1   2   500        7179       37891      38391      203        2000       1  Right
2   0   100        7221       38391      38491      205        700        1  Left 
8   13  100        7225       38491      38591      205        600        1  Right
8   13  100        7227       38591      38691      206        600        1  Right
15  0   100        7231       38691      38791      207        800        1  Right
0   2   500        7247       38791      39291      208        3500       1  Left 
7   2   100        7338       39291      39292      208        500        1  Right
0   15  500        7252       39291      39692      209        4000       1  Right
0   11  100        7277       39692      39792      211        400        1  Right
0   7   100        7300       39792      39892      212        200        1  Left 
13  8   500        7256       39692      40192      211        3000       1  Right
15  1   100        7279       40192      40292      214        500        1  Right
1   15  500        7305       40292      40792      215        2500       1  Right
8   10  500        7305       40792      41292      216        3500       1  Left 
15  0   100        7333       41292      41293      216        800        1  Right
15  0   100        7388       41293      41294      217        800        1  Right
2   7   500        7379       41292      41595      216        2500       1  Right
0   8   500        7350       41595      42095      219        2500       1  Left 
0   15  500        7354       42095      42595      220        4000       1  Right
1   12  500        7412       42095      42596      220        1000       1  Right
8   0   100        7408       42595      42696      221        1100       1  Right
0   1   500        7365       42696      43196      223        1500       1  Left 
12  1   100        7381       43196      43197      224        200        1  Right
0   3   500        7399       43196      43598      224        6000       1  Right
15  1   100        7390       43598      43698      226        500        1  Right
0   13  100        7404       43598      43699      226        500        1  Right
1   15  500        7417       43698      44199      227        2500       1  Right
6   13  500        7441       43699      44200      228        2000       1  Right
15  4   100        7453       44199      44299      229        200        1  Right
7   8   100        7430       44199      44300      229        300        1  Right
10  1   100        7399       44300      44301      232        1100       1  Right
4   8   100        7438       44301      44401      233        100        1  Right
6   12  500        7463       44200      44402      230        1000       1  Left 
1   10  500        7440       44401      44701      234        5500       1  Right
3   0   100        7431       44701      44801      236        400        1  Left 
5   8   100        7481       44701      44802      236        800        1  Right
4   3   100        7442       44802      44902      238        200        1  Right
12  2   100        7458       44802      44903      238        1000       1  Left 
0   13  100        7473       44903      45003      240        500        1  Right
8   7   500        7451       44902      45403      239        1500       1  Right
4   15  500        7494       44903      45405      240        1000       1  Right
3   14  500        7450       45403      45904      242        5000       1  Left 
8   4   500        7474       45405      45905      243        500        1  Right
2   0   100        7474       45904      46003      244        900        1  Right
3   7   100        7463       45904      46004      244        200        1  Right
6   8   100        7483       46003      46104      246        1000       1  Right
10  0   100        7483       46104      46204      248        200        1  Right
2   12  500        7484       46104      46605      248        3000       1  Right
5   3   100        7485       46605      46705      250        700        1  Left 
10  8   100        7485       46705      46805      251        700        1  Left 
8   0   500        7485       46805      47305      252        2500       1  Left 
7   3   500        7486       47305      47805      253        1000       1  Right
0   2   500        7500       47305      47806      253        4500       1  Right
6   3   100        7487       47806      47906      255        500        1  Left 
13  1   100        7489       47906      48006      256        800        1  Right
10  1   100        7492       48006      48106      257        500        1  Left 
7   3   100        7494       48106      48206      258        200        1  Right
7   1   100        7540       48206      48306      258        100        1  Right
8   6   500        7509       48106      48607      258        5000       1  Right
8   5   500        7512       48607      49107      261        4000       1  Right
8   4   100        7512       49107      49207      262        100        1  Right
2   0   100        7538       49107      49208      261        900        1  Right
13  0   100        7547       49208      49308      263        500        1  Right
2   0   100        7591       49308      49408      264        900        1  Right
3   4   500        7536       49207      49708      262        1000       1  Right
8   5   100        7512       49708      49808      267        800        1  Right
8   6   100        7512       49808      49908      268        600        1  Left 
8   7   100        7512       49908      50008      269        300        1  Right
12  6   100        7516       49908      50009      269        200        1  Left 
8   13  100        7512       50008      50010      270        600        1  Right
3   5   500        7537       50009      50411      270        3500       1  Left 
12  5   100        7541       50411      50511      272        400        1  Left 
1   13  500        7515       50411      50911      273        4000       1  Right
3   6   500        7538       50911      51411      274        2500       1  Left 
3   4   100        7547       51411      51511      275        200        1  Right
3   5   100        7547       51511      51512      276        900        1  Right
1   10  500        7538       51411      51812      275        2500       1  Left 
0   8   100        7544       51812      51912      278        500        1  Left 
3   6   100        7547       51912      51913      279        500        1  Left 
8   10  100        7612       51912      51914      279        900        1  Right
7   8   100        7548       51914      52014      281        300        1  Right
0   2   500        7564       51914      52415      281        4500       1  Right
6   8   100        7550       52415      52515      283        600        1  Left 
5   8   100        7552       52515      52615      284        800        1  Right
10  6   100        7590       52515      52616      284        100        1  Right
4   8   100        7554       52615      52716      285        100        1  Right
4   1   100        7561       52716      52816      287        300        1  Right
13  8   100        7571       52816      52916      288        600        1  Right
4   3   100        7592       52916      53016      289        200        1  Right
7   8   100        7640       53016      53116      290        300        1  Right
5   12  500        7572       52616      53117      286        2000       1  Left 
5   1   100        7577       53117      53217      292        600        1  Left 
0   13  500        7578       53217      53717      293        2500       1  Right
0   7   100        7579       53717      53718      294        200        1  Left 
10  1   100        7591       53717      53719      294        1100       1  Right
10  0   100        7595       53719      53720      296        200        1  Right
5   3   100        7598       53719      53721      296        900        1  Right
0   11  100        7603       53721      53821      298        400        1  Right
13  0   100        7609       53821      53921      299        500        1  Right
1   7   500        7586       53719      54120      296        500        1  Right
0   2   500        7617       53921      54422      300        4500       1  Right
11  2   100        7642       54422      54522      302        500        1  Right
7   0   100        7644       54422      54523      302        200        1  Left 
1   4   500        7596       54120      54621      301        1500       1  Right
3   7   100        7640       54621      54721      305        200        1  Right
0   13  500        7642       54523      55024      304        2500       1  Right
6   1   100        7606       55024      55025      307        400        1  Left 
6   3   100        7606       55025      55026      308        500        1  Left 
10  8   500        7674       55024      55327      307        4500       1  Right
11  8   100        7718       55327      55328      310        700        1  Right
1   5   500        7619       55327      55728      310        3000       1  Left 
1   10  500        7634       55728      56228      312        2500       1  Left 
4   1   100        7639       56228      56328      313        300        1  Right
2   0   100        7650       56228      56329      313        900        1  Right
4   1   100        7652       56328      56429      314        300        1  Right
2   11  500        7673       56329      56830      315        2500       1  Right
1   6   500        7647       56429      56831      316        2000       1  Left 
8   10  100        7661       56830      56832      317        900        1  Right
7   1   100        7653       56831      56932      318        100        1  Right
4   0   100        7654       56832      56933      319        1000       1  Right
7   8   100        7727       56932      57033      320        300        1  Right
0   2   500        7677       56933      57434      321        4500       1  Right
1   4   500        7670       57033      57534      322        1500       1  Right
0   15  100        7712       57434      57535      323        800        1  Right
1   4   500        7683       57534      58035      324        1500       1  Right
5   1   100        7658       58035      58135      326        600        1  Left 
15  4   100        7705       58035      58136      326        200        1  Right
5   1   100        7671       58135      58236      327        600        1  Left 
5   0   100        7673       58236      58336      329        300        1  Right
13  1   100        7676       58236      58337      329        800        1  Right
1   5   500        7694       58337      58837      331        3000       1  Left 
15  6   100        7706       58837      58937      332        700        1  Right
2   0   100        7714       58937      59037      333        900        1  Right
15  6   100        7720       59037      59137      334        700        1  Right
1   7   500        7699       58837      59138      332        500        1  Right
0   3   500        7723       59137      59439      335        6000       1  Right
6   1   100        7702       59439      59440      337        400        1  Left 
10  8   100        7761       59439      59441      337        900        1  Right
6   1   100        7715       59440      59541      338        400        1  Left 
6   0   100        7717       59541      59641      340        100        1  Right
1   13  500        7703       59541      60041      340        4000       1  Right
8   7   500        7708       60041      60541      342        1500       1  Right
0   2   500        7740       60041      60542      342        4500       1  Right
4   1   100        7729       60541      60642      343        300        1  Right
15  2   100        7790       60542      60642      344        100        1  Right
13  0   100        7758       60542      60643      344        500        1  Right
4   15  500        7746       60642      61143      345        1000       1  Right
1   5   500        7714       60643      61144      346        3000       1  Left 
8   10  100        7748       61144      61145      348        900        1  Right
1   6   500        7743       61144      61545      348        2000       1  Left 
1   6   500        7756       61545      62045      350        2000       1  Left 
7   6   100        7764       62045      62145      351        300        1  Left 
1   4   500        7762       62045      62545      351        1500       1  Right
0   8   100        7763       62545      62645      353        500        1  Left 
6   15  500        7771       62145      62646      352        3500       1  Right
7   1   100        7765       62645      62746      354        100        1  Right
8   7   100        7787       62746      62846      356        300        1  Right
8   7   100        7789       62846      62946      357        300        1  Right
0   13  500        7789       62646      63147      355        2500       1  Right
12  5   100        7792       63147      63148      359        400        1  Left 
1   7   500        7823       62946      63348      357        500        1  Right
8   11  500        7827       63147      63550      358        3500       1  Right
6   12  500        7804       63148      63649      360        1000       1  Left 
5   1   100        7789       63550      63651      362        1000       1  Right
7   0   100        7769       63649      63652      363        200        1  Left 
6   1   100        7824       63651      63654      363        1200       1  Right
2   0   100        7780       63654      63655      366        700        1  Left 
15  6   100        7851       63654      63656      365        700        1  Right
7   8   500        7798       63655      64156      367        1500       1  Right
0   2   500        7806       63656      64157      368        4500       1  Right
4   8   100        7824       64156      64257      368        100        1  Right
3   0   100        7807       64157      64258      370        400        1  Left 
0   10  100        7816       64258      64358      372        200        1  Right
8   3   100        7828       64258      64359      371        100        1  Right
2   15  500        7821       64157      64658      370        500        1  Right
8   4   500        7860       64359      64859      373        500        1  Right
5   12  500        7823       64358      64860      372        2000       1  Left 
2   1   100        7828       64859      64960      375        400        1  Right
13  0   100        7836       64860      64961      376        500        1  Right
4   3   100        7892       64960      65061      377        200        1  Right
1   5   500        7826       64961      65462      378        3000       1  Left 
13  1   100        7838       65462      65562      380        800        1  Right
6   10  500        7867       65462      65963      380        500        1  Right
1   2   500        7853       65562      66063      381        2000       1  Right
0   9   100        7881       65963      66064      382        700        1  Right
12  1   100        7873       66063      66164      383        200        1  Right
5   8   100        7872       66064      66165      384        800        1  Right
12  1   100        7873       66164      66265      385        200        1  Right
13  4   100        7893       66165      66266      386        500        1  Right
8   0   500        7899       66265      66766      387        2500       1  Left 
1   13  500        7865       66766      67266      389        4000       1  Right
1   6   500        7870       67266      67766      390        2000       1  Left 
8   5   500        7903       67266      67767      390        4000       1  Right
0   9   100        7905       67767      67867      392        700        1  Right
6   8   100        7917       67867      67967      393        1000       1  Right
1   12  500        7904       67766      68267      391        1000       1  Right
4   13  500        7924       67967      68468      393        2500       1  Right
5   3   100        7937       68468      68568      395        900        1  Right
1   12  500        7907       68267      68768      395        1000       1  Right
8   6   500        7943       68568      69069      396        5000       1  Right
2   1   100        7875       69069      69169      399        400        1  Right
10  1   100        7895       69169      69269      400        500        1  Left 
8   4   100        8041       69169      69270      398        100        1  Right
11  1   100        7926       69269      69370      400        700        1  Left 
13  4   100        8145       69270      69371      399        500        1  Right
8   5   100        8041       69371      69372      402        800        1  Right
1   10  500        7936       69370      69772      402        2500       1  Left 
12  2   100        7932       69772      69872      405        600        1  Right
0   10  100        7943       69772      69873      405        200        1  Right
9   2   100        7948       69872      69973      406        200        1  Right
12  0   100        7951       69873      69974      407        100        1  Left 
11  0   100        8007       69974      70074      409        400        1  Right
1   2   500        7951       69973      70474      408        2000       1  Right
0   8   100        7956       70474      70574      411        500        1  Left 
2   12  500        7960       70574      71074      412        3000       1  Right
1   11  500        7962       71074      71574      413        3500       1  Left 
6   3   100        7965       71574      71674      414        500        1  Left 
11  8   100        8009       71574      71675      414        700        1  Right
2   1   100        7968       71675      71676      416        400        1  Right
0   12  500        7987       71674      72076      415        500        1  Left 
6   15  500        8010       71675      72078      416        3500       1  Right
0   3   500        8099       72076      72577      417        2000       1  Left 
2   9   500        7989       72078      72579      419        1000       1  Right
10  1   100        7975       72577      72678      420        500        1  Left 
9   8   100        8040       72579      72680      420        400        1  Right
11  1   100        8016       72678      72779      422        700        1  Left 
1   10  500        8016       72779      73279      424        2500       1  Left 
15  1   100        8043       73279      73379      424        500        1  Right
6   7   500        8026       73279      73779      424        1500       1  Left 
10  0   100        8059       73779      73879      426        200        1  Right
1   11  500        8052       73379      73880      425        4500       1  Right
7   1   100        8049       73880      73980      428        100        1  Right
15  2   100        8107       73880      73981      428        100        1  Right
7   8   100        8058       73980      74081      429        300        1  Right
15  2   100        8170       73981      74082      429        100        1  Right
0   10  500        8105       73879      74380      427        1000       1  Right
1   15  500        8069       74082      74583      432        2500       1  Right
8   6   100        8041       74583      74683      434        600        1  Left 
8   7   100        8041       74683      74783      435        300        1  Right
11  6   100        8087       74683      74784      435        300        1  Right
13  6   100        8146       74784      74884      436        400        1  Right
13  6   100        8180       74884      74984      437        400        1  Right
2   15  500        8138       74583      75084      433        500        1  Right
6   8   100        8060       75084      75184      440        1000       1  Right
5   8   100        8062       75184      75284      441        800        1  Right
1   7   500        8095       74783      75285      436        500        1  Right
4   8   100        8064       75284      75385      442        100        1  Right
0   7   100        8118       75285      75385      443        200        1  Left 
6   15  500        8153       75284      75785      441        3500       1  Right
11  1   100        8088       75785      75885      445        700        1  Left 
11  0   100        8092       75885      75985      446        400        1  Right
7   1   100        8139       75885      75986      445        100        1  Right
0   13  100        8159       75985      76086      446        500        1  Right
8   11  100        8100       76086      76186      449        900        1  Left 
2   15  500        8201       75785      76286      444        500        1  Right
8   11  100        8101       76186      76287      450        900        1  Left 
4   13  500        8176       76286      76288      450        2500       1  Right
11  8   500        8121       76287      76289      452        4500       1  Left 
13  2   100        8210       76288      76389      452        400        1  Right
1   11  500        8126       76289      76790      453        3500       1  Left 
8   9   500        8160       76389      76791      454        2000       1  Right
3   0   100        8128       76790      76792      455        400        1  Left 
6   13  500        8221       76790      77192      455        2000       1  Right
1   7   500        8185       76792      77292      457        500        1  Right
3   8   500        8140       76792      77293      457        500        1  Right
10  0   100        8158       77192      77294      458        200        1  Right
2   13  500        8231       77192      77693      457        2000       1  Right
3   4   500        8175       77293      77794      460        1000       1  Right
0   10  500        8204       77294      77795      461        1000       1  Right
5   15  500        8301       77693      78194      461        2500       1  Right
0   14  100        8207       78194      78294      465        600        1  Right
1   2   500        8213       77794      78295      463        2000       1  Right
15  6   100        8230       78294      78395      465        700        1  Right
1   3   100        8215       78295      78395      467        100        1  Right
1   8   100        8219       78395      78495      468        200        1  Right
13  6   100        8251       78395      78495      467        400        1  Right
14  2   100        8228       78395      78496      467        300        1  Right
9   1   100        8249       78496      78596      469        600        1  Right
2   3   100        8250       78596      78696      470        300        1  Right
0   12  500        8240       78294      78795      465        500        1  Left 
2   8   100        8254       78696      78796      471        200        1  Right
0   7   100        8252       78795      78896      472        200        1  Left 
8   0   100        8196       78896      78996      475        500        1  Left 
6   11  500        8369       78495      78997      468        1500       1  Right
12  0   100        8204       78996      79096      476        100        1  Left 
7   0   100        8233       79096      79196      477        200        1  Left 
12  0   100        8290       79196      79296      478        100        1  Left 
2   14  500        8254       78796      79298      473        1500       1  Right
14  8   100        8301       79298      79398      480        500        1  Right
6   13  500        8440       78997      79499      476        2000       1  Right
3   5   500        8224       79499      79999      482        3500       1  Left 
10  1   100        8250       79999      80099      483        500        1  Left 
15  5   100        8255       79999      80100      483        500        1  Right
15  5   100        8506       80100      80200      485        500        1  Right
3   6   500        8259       80099      80600      484        2500       1  Left 
0   1   100        8260       80600      80700      487        300        1  Left 
0   1   100        8260       80700      80800      488        300        1  Left 
6   15  500        8532       80600      81101      487        3500       1  Right
8   1   500        8290       80800      81300      489        1000       1  Right
0   7   500        8284       80800      81301      489        1000       1  Left 
2   1   100        8363       81300      81400      491        400        1  Right
5   15  500        8552       81101      81603      490        2500       1  Right
0   12  500        8326       81301      81803      492        500        1  Left 
1   10  500        8291       81603      81804      494        5500       1  Right
0   7   500        8386       81803      82004      495        1000       1  Left 
1   9   500        8295       81804      82305      496        3000       1  Right
0   10  500        8389       82004      82505      497        1000       1  Right
8   0   500        8290       82505      83005      499        2500       1  Left 
7   0   100        8335       83005      83105      500        200        1  Left 
10  0   100        8343       83105      83205      501        200        1  Right
9   0   100        8359       83205      83305      502        700        1  Right
12  0   100        8363       83305      83405      503        100        1  Left 
8   2   500        8311       83005      83505      500        1000       1  Right
0   12  500        8399       83405      83906      504        500        1  Left 
8   14  500        8347       83505      84006      505        2500       1  Right
9   8   100        8361       84006      84106      507        400        1  Right
0   3   500        8423       83906      84407      506        2000       1  Left 
9   1   100        8368       84407      84507      509        600        1  Right
10  0   100        8452       84407      84508      509        200        1  Right
9   6   100        8461       84508      84608      511        600        1  Right
12  0   100        8461       84508      84609      511        100        1  Left 
1   2   500        8384       84507      85008      510        2000       1  Right
8   1   100        8386       85008      85108      514        200        1  Right
8   2   100        8386       85108      85208      515        200        1  Right
11  1   100        8402       85108      85209      515        700        1  Left 
8   14  100        8386       85208      85309      516        500        1  Right
8   11  100        8386       85309      85409      518        700        1  Right
2   1   100        8406       85409      85509      519        400        1  Right
0   11  100        8424       85409      85510      519        400        1  Right
1   9   500        8414       85509      86010      520        3000       1  Right
0   12  500        8497       85510      86011      521        500        1  Left 
7   1   100        8440       86010      86110      522        100        1  Right
11  8   100        8414       86010      86111      522        700        1  Right
10  1   100        8454       86110      86211      524        500        1  Left 
8   9   100        8492       86111      86212      525        400        1  Right
1   8   100        8424       86212      86312      527        200        1  Right
10  4   100        8587       86212      86313      527        800        1  Right
2   8   100        8425       86313      86413      529        200        1  Right
9   1   100        8462       86313      86414      529        1000       1  Left 
13  1   100        8463       86414      86514      531        800        1  Left 
9   0   100        8466       86514      86614      532        700        1  Right
12  0   100        8531       86614      86714      533        100        1  Left 
2   3   500        8526       86413      86914      530        1500       1  Right
1   2   500        8427       86914      87414      535        2000       1  Right
14  8   100        8428       87414      87514      536        500        1  Right
14  8   100        8435       87514      87614      537        500        1  Right
8   9   100        8493       87614      87714      538        400        1  Right
1   11  500        8440       87414      87915      536        3500       1  Left 
3   1   100        8466       87915      88015      540        100        1  Right
9   8   500        8503       87714      88215      539        2000       1  Right
1   13  500        8489       88015      88516      541        4000       1  Left 
11  1   100        8495       88516      88616      543        700        1  Left 
3   2   500        8507       88215      88716      542        1500       1  Right
1   7   500        8495       88616      89117      544        500        1  Right
0   8   500        8513       88716      89217      545        5500       1  Right
3   2   100        8517       89217      89317      547        300        1  Right
13  2   100        8527       89317      89417      548        400        1  Right
1   10  500        8498       89217      89717      547        2500       1  Left 
0   5   100        8514       89717      89817      550        300        1  Right
3   1   100        8557       89717      89818      550        100        1  Right
8   14  500        8532       89417      89918      549        2500       1  Right
0   12  500        8567       89817      90319      551        500        1  Left 
1   9   500        8510       89918      90419      553        3000       1  Right
1   11  500        8531       90419      90919      555        3500       1  Left 
2   13  500        8548       90419      90920      555        2000       1  Right
1   0   500        8543       90919      91420      556        1500       1  Left 
6   13  500        8554       90920      91421      557        2000       1  Right
13  2   100        8570       91421      91521      559        400        1  Right
5   2   100        8578       91521      91621      560        600        1  Right
1   0   500        8556       91420      91921      558        1500       1  Left 
7   0   100        8561       91921      92021      562        200        1  Left 
8   1   100        8583       91921      92022      562        200        1  Right
2   13  500        8591       91621      92122      561        2000       1  Right
0   11  100        8567       92021      92123      563        400        1  Right
14  1   100        8591       92122      92223      565        700        1  Right
11  0   100        8607       92123      92224      566        400        1  Right
13  6   100        8610       92224      92225      568        400        1  Right
12  0   100        8612       92224      92226      568        100        1  Left 
1   14  500        8612       92223      92625      567        3500       1  Right
2   5   500        8609       92625      92626      571        3000       1  Right
4   10  500        8613       92625      92627      571        4000       1  Left 
13  5   100        8635       92626      92727      571        200        1  Right
0   8   100        8614       92627      92728      573        500        1  Left 
0   7   500        8618       92728      93228      575        1000       1  Left 
1   8   500        8634       92728      93229      574        1000       1  Right
14  0   100        8635       93228      93329      575        600        1  Right
7   0   100        8675       93329      93429      577        200        1  Left 
1   15  500        8648       93229      93730      576        2500       1  Right
0   1   100        8621       93730      93830      580        300        1  Left 
14  8   100        8637       93730      93831      579        500        1  Right
15  1   100        8622       93831      93931      582        500        1  Right
15  1   100        8622       93931      94031      583        500        1  Right
14  1   100        8644       94031      94131      583        700        1  Right
14  6   100        8693       94131      94231      584        500        1  Right
0   12  500        8648       93830      94331      580        500        1  Left 
1   15  500        8651       94131      94632      584        2500       1  Right
0   11  500        8651       94331      94832      586        2000       1  Right
1   14  500        8665       94632      95133      587        3500       1  Right
5   8   100        8654       95133      95233      589        800        1  Right
7   1   100        8677       95133      95234      589        100        1  Right
15  2   100        8671       95233      95334      590        100        1  Right
7   4   100        8783       95234      95334      590        400        1  Right
8   9   100        8684       95334      95434      592        400        1  Right
15  0   100        8690       95434      95534      593        800        1  Left 
9   8   100        8692       95534      95634      594        400        1  Right
5   13  500        8671       95233      95734      590        1000       1  Right
14  1   100        8694       95634      95735      595        700        1  Right
14  0   100        8698       95735      95835      597        600        1  Right
11  0   100        8700       95835      95935      598        400        1  Right
8   14  100        8713       95935      96035      599        1100       1  Left 
8   14  100        8715       96035      96135      600        1100       1  Left 
2   15  500        8702       95735      96236      597        500        1  Right
1   14  500        8717       96135      96636      601        4500       1  Left 
0   15  500        8711       96636      97136      603        4000       1  Right
1   7   500        8735       96636      97137      602        500        1  Right
12  0   100        8724       97136      97237      604        100        1  Left 
12  0   100        8795       97237      97337      605        100        1  Left 
14  8   500        8749       97136      97637      603        2500       1  Right
1   3   500        8751       97137      97638      604        500        1  Right
0   9   100        8726       97637      97738      607        700        1  Right
3   15  100        8785       97638      97739      608        400        1  Right
6   9   500        8733       97738      98239      609        3000       1  Right
4   7   500        8814       97739      98240      610        2000       1  Right
9   1   100        8756       98240      98340      612        600        1  Right
0   11  500        8741       98239      98740      611        2000       1  Right
1   9   500        8802       98340      98841      613        3000       1  Right
11  1   100        8782       98841      98941      615        900        1  Right
0   12  500        8760       98740      99241      614        500        1  Left 
0   10  100        8798       99241      99341      617        200        1  Right
8   5   500        8803       98941      99442      616        4000       1  Right
0   4   100        8816       99442      99542      619        600        1  Left 
13  5   100        8886       99442      99543      619        200        1  Right
9   1   100        8854       99542      99642      620        600        1  Right
0   12  500        8831       99542      100043     620        500        1  Left 
1   11  500        8818       99642      100143     622        4500       1  Right
10  4   100        8839       100143     100243     624        800        1  Right
12  1   100        8865       100143     100244     624        200        1  Right
10  6   100        8840       100243     100344     625        100        1  Right
1   3   100        8896       100244     100344     626        100        1  Right
10  6   100        8849       100344     100444     627        100        1  Right
11  0   100        8861       100444     100544     628        400        1  Right
0   9   100        8869       100544     100644     629        700        1  Right
2   4   500        8902       100243     100744     625        500        1  Right
5   1   100        8902       100644     100745     630        600        1  Left 
3   1   100        8909       100745     100845     632        100        1  Right
4   10  500        8865       100745     101245     632        4000       1  Right
4   2   100        8866       101245     101345     634        100        1  Right
6   10  500        8875       101245     101746     634        500        1  Right
1   9   500        8902       101345     101846     635        3000       1  Right
4   8   100        8939       101846     101946     637        100        1  Right
0   11  500        8904       101746     102247     636        2000       1  Right
10  2   100        8894       102247     102347     639        700        1  Right
1   0   500        8910       102247     102748     639        1500       1  Left 
6   13  500        8904       102347     102848     640        2000       1  Right
10  6   100        8971       102848     102948     642        100        1  Right
1   12  500        8935       102748     103249     641        1000       1  Right
5   13  500        8922       102848     103349     642        1000       1  Right
2   10  500        8930       103249     103750     644        4500       1  Left 
1   5   500        8938       103750     104250     646        3000       1  Left 
8   0   500        8941       104250     104750     647        2500       1  Left 
6   14  500        8997       104250     104751     647        2500       1  Right
15  0   100        8943       104750     104851     648        800        1  Left 
9   0   100        8957       104851     104951     650        900        1  Left 
11  0   100        8962       104951     104952     651        1200       1  Left 
11  1   100        8964       104952     105052     652        900        1  Right
6   10  500        9119       104751     105153     649        500        1  Right
0   15  500        8964       105052     105553     653        4000       1  Left 
12  15  100        8975       105553     105653     655        700        1  Right
5   0   100        8991       105553     105654     655        300        1  Right
13  1   100        8977       105654     105754     657        800        1  Left 
13  1   100        8977       105754     105854     658        800        1  Left 
0   1   100        8997       105854     105954     659        300        1  Left 
13  2   100        9029       105854     105955     659        400        1  Right
15  0   100        8997       105955     106055     661        800        1  Right
8   4   500        8975       105653     106154     656        500        1  Right
8   4   100        9025       106154     106254     663        100        1  Right
8   14  100        9025       106254     106255     664        500        1  Right
1   13  500        9006       106055     106457     662        4000       1  Left 
5   8   100        8993       106457     106557     666        800        1  Right
5   1   100        9000       106557     106657     667        600        1  Left 
0   8   100        9009       106657     106757     668        500        1  Left 
1   13  500        9012       106757     107257     669        4000       1  Right
7   4   100        9035       107257     107357     670        400        1  Right
4   8   100        9048       107357     107457     671        100        1  Right
4   8   100        9053       107457     107557     672        100        1  Right
0   15  500        9018       107257     107757     670        4000       1  Right
4   7   500        9066       107557     108058     673        2000       1  Right
0   9   500        9020       107757     108258     674        3500       1  Right
1   11  500        9018       108258     108758     676        3500       1  Left 
2   13  500        9050       108258     108759     676        2000       1  Right
7   6   100        9036       108758     108760     677        300        1  Left 
1   5   500        9036       108759     109161     678        5000       1  Right
0   14  100        9028       109161     109261     680        600        1  Right
7   2   100        9102       109161     109262     680        500        1  Right
15  0   100        9040       109261     109362     681        800        1  Right
14  1   100        9048       109362     109462     683        700        1  Right
13  0   100        9048       109362     109463     683        500        1  Right
14  8   100        9061       109462     109563     684        500        1  Right
5   6   100        9097       109463     109564     685        200        1  Right
0   15  500        9061       109563     110064     686        4000       1  Left 
11  4   100        9069       110064     110164     688        600        1  Right
5   1   100        9098       110064     110165     688        600        1  Left 
15  3   500        9082       110164     110166     689        2000       1  Right
1   14  500        9069       110165     110167     690        4500       1  Left 
0   13  500        9079       110167     110667     692        2500       1  Right
15  0   100        9083       110667     110767     693        800        1  Right
9   0   100        9088       110767     110768     694        700        1  Right
14  0   100        9096       110768     110769     695        600        1  Right
5   0   100        9102       110769     110869     696        300        1  Right
15  12  500        9116       110767     111070     694        3500       1  Right
8   5   100        9107       111070     111071     698        800        1  Left 
8   5   100        9109       111071     111072     699        800        1  Left 
3   6   100        9117       111072     111172     700        500        1  Left 
4   11  500        9090       111070     111173     698        3000       1  Right
5   8   500        9128       111172     111474     698        4000       1  Left 
0   15  500        9114       111474     111974     703        4000       1  Right
8   4   500        9168       111474     111975     700        500        1  Right
0   7   100        9114       111974     112075     704        200        1  Left 
3   15  100        9121       111975     112076     705        400        1  Right
0   14  500        9122       112075     112576     706        3000       1  Right
2   7   500        9145       112076     112577     704        2500       1  Right
0   6   100        9122       112576     112677     708        100        1  Right
12  6   100        9146       112677     112777     707        200        1  Left 
7   6   100        9163       112777     112778     708        300        1  Left 
1   5   500        9136       112577     112779     706        5000       1  Right
10  1   100        9147       112779     112780     710        1100       1  Right
6   7   500        9184       112778     112781     709        1500       1  Left 
7   6   100        9192       112781     112782     712        300        1  Left 
1   10  500        9188       112780     112983     711        5500       1  Right
0   9   500        9139       112983     113483     714        3500       1  Right
15  0   100        9140       113483     113583     715        800        1  Right
14  0   100        9154       113583     113683     716        600        1  Right
0   15  500        9161       113683     114183     717        4000       1  Right
0   14  500        9180       114183     114683     718        3000       1  Right
0   14  100        9180       114683     114783     719        600        1  Right
15  0   100        9182       114783     114883     720        800        1  Right
6   2   100        9186       114883     114983     721        800        1  Right
0   15  500        9203       114983     115483     722        4000       1  Right
14  1   100        9206       115483     115583     723        700        1  Right
9   1   100        9207       115583     115683     724        600        1  Right
4   1   100        9217       115683     115783     725        300        1  Right
15  1   100        9220       115783     115883     726        500        1  Right
6   10  500        9248       115483     115984     722        500        1  Right
1   14  500        9227       115883     116384     726        3500       1  Right
12  15  100        9228       116384     116385     728        700        1  Right
14  0   100        9250       116384     116386     728        600        1  Right
1   15  500        9246       116385     116886     729        2500       1  Right
0   14  500        9276       116386     116887     730        3000       1  Right
1   4   500        9248       116886     117387     731        1500       1  Right
2   6   500        9232       116887     117388     732        4000       1  Right
4   0   100        9290       117387     117389     733        600        1  Left 
10  2   100        9241       117388     117390     734        700        1  Right
6   8   100        9278       117389     117391     735        600        1  Left 
4   8   100        9292       117391     117491     737        100        1  Right
2   10  500        9277       117390     117792     736        3500       1  Right
6   7   500        9310       117391     117893     737        1500       1  Left 
1   9   500        9253       117792     118293     739        3000       1  Right
15  1   100        9273       118293     118393     741        500        1  Right
0   13  500        9332       117893     118394     739        2500       1  Right
4   1   100        9299       118393     118494     742        300        1  Right
0   5   100        9332       118394     118495     742        300        1  Right
11  4   100        9321       118494     118595     744        600        1  Right
1   0   500        9291       118495     118596     745        1500       1  Left 
8   6   500        9304       118595     118696     746        5000       1  Right
13  0   100        9301       118696     118796     748        500        1  Right
14  0   100        9308       118796     118896     749        600        1  Right
9   0   100        9316       118896     118996     750        700        1  Right
11  6   100        9322       118996     119096     751        300        1  Right
1   15  500        9299       118696     119196     748        2500       1  Right
10  6   100        9329       119096     119197     751        100        1  Right
14  1   100        9310       119196     119297     753        700        1  Right
15  1   100        9324       119297     119397     755        500        1  Right
0   9   500        9367       119297     119798     754        3500       1  Right
1   4   500        9331       119397     119898     755        1500       1  Right
11  2   100        9366       119798     119899     756        500        1  Right
8   5   100        9333       119898     119900     757        800        1  Left 
8   6   100        9333       119900     119901     759        600        1  Left 
10  5   100        9354       119900     119902     759        100        1  Right
4   11  500        9342       119899     120202     758        3000       1  Right
4   6   100        9361       120202     120203     762        900        1  Right
14  4   100        9365       120203     120303     763        400        1  Right
8   0   500        9343       119901     120304     760        2500       1  Left 
1   14  500        9332       120304     120804     765        3500       1  Right
6   8   100        9349       120804     120904     766        600        1  Left 
6   8   100        9350       120904     121004     767        600        1  Left 
1   15  500        9350       121004     121504     768        2500       1  Right
6   5   500        9369       121004     121505     768        1000       1  Right
8   4   100        9382       121504     121604     769        100        1  Right
7   1   100        9355       121504     121605     769        100        1  Right
5   8   100        9351       121604     121705     771        800        1  Right
4   1   100        9362       121705     121805     773        300        1  Right
4   0   100        9366       121805     121905     774        600        1  Left 
13  0   100        9380       121905     122005     775        1100       1  Left 
8   4   100        9384       122005     122105     776        100        1  Right
15  3   100        9389       122105     122205     777        400        1  Right
5   10  500        9375       121705     122206     773        500        1  Right
15  8   100        9393       122205     122306     778        300        1  Right
5   1   100        9392       122206     122307     779        600        1  Left 
15  3   100        9394       122306     122407     780        400        1  Right
0   1   100        9397       122307     122408     781        300        1  Left 
1   4   500        9395       122408     122908     784        1500       1  Right
