
66
C:/Users/nxconrad/Desktop/REU 2.0/Benchmark Data/16-core/7/flow_freqmine100#2.txt
810
[12, 4, 11, 13, 7, 14, 2, 3, 6, 5, 15, 1, 9, 8, 0, 10]
10  1   100        6420       6422       6522       0          400        1  Right
10  0   100        6422       6522       6622       1          100        1  Right
12  0   100        6439       6622       6722       1          200        1  Left 
2   15  500        6428       6522       7023       0          2000       1  Right
1   11  500        6440       6722       7223       2          3500       1  Left 
6   2   500        6435       7023       7524       3          1000       1  Right
1   5   500        6460       7223       7724       4          1000       1  Right
15  8   100        6469       7724       7824       6          300        1  Right
0   3   500        6423       7524       8025       5          4500       1  Left 
3   0   100        6455       8025       8125       8          900        1  Left 
2   6   100        6460       8125       8225       9          200        1  Right
8   15  500        6520       7824       8325       7          1500       1  Right
0   12  500        6475       8125       8627       9          1000       1  Left 
3   13  500        6537       8225       8726       9          2000       1  Right
1   10  500        6461       8627       9128       12         2000       1  Right
1   5   100        6468       9128       9228       14         200        1  Right
12  0   100        6513       9128       9229       14         200        1  Left 
11  1   100        6477       9228       9329       15         900        1  Right
0   9   100        6526       9229       9330       15         200        1  Right
11  3   100        6551       9329       9429       16         500        1  Right
0   7   100        6527       9429       9529       18         600        1  Left 
6   1   500        6485       9329       9830       17         1500       1  Right
0   12  500        6549       9529       10030      19         1000       1  Left 
1   11  500        6513       9830       10331      21         4500       1  Right
10  1   100        6513       10331      10431      23         400        1  Right
9   3   100        6564       10431      10432      23         1100       1  Left 
7   8   100        6567       10432      10532      24         700        1  Left 
5   1   500        6529       10431      10832      23         1000       1  Right
0   8   500        6588       10532      10833      25         500        1  Right
1   10  500        6554       10832      11133      26         6000       1  Left 
8   7   500        6588       11133      11633      28         3500       1  Left 
3   9   500        6600       11133      11634      28         2500       1  Right
10  8   100        6595       11633      11635      29         200        1  Right
12  1   100        6596       11634      11636      30         1100       1  Right
1   2   100        6612       11636      11736      32         500        1  Right
7   1   100        6613       11736      11836      33         700        1  Right
8   10  500        6621       11635      12136      30         1000       1  Right
6   2   500        6677       11836      12337      33         1000       1  Right
2   0   500        6614       12337      12837      36         4000       1  Right
1   0   100        6617       12837      12937      37         300        1  Right
10  3   100        6643       12837      12938      36         800        1  Left 
8   0   100        6648       12937      13038      37         100        1  Right
1   12  500        6627       12938      13439      38         5500       1  Right
12  0   100        6660       13439      13539      40         200        1  Left 
2   1   500        6633       13439      13939      40         2500       1  Right
0   1   500        6638       13939      14439      42         1500       1  Right
15  1   100        6639       14439      14539      43         100        1  Right
0   6   100        6672       14439      14540      43         1000       1  Left 
9   1   100        6640       14539      14640      44         100        1  Right
0   12  500        6696       14540      15041      45         1000       1  Left 
1   7   500        6664       14640      15141      46         3500       1  Right
0   13  100        6696       15041      15142      47         500        1  Left 
1   15  500        6665       15141      15642      48         500        1  Right
0   3   500        6752       15142      15643      48         4500       1  Left 
15  0   100        6703       15643      15644      51         1200       1  Left 
15  8   100        6705       15644      15645      52         1300       1  Left 
1   9   500        6687       15642      15945      50         500        1  Right
2   1   100        6692       15945      16045      54         500        1  Right
6   1   100        6705       16045      16145      55         300        1  Right
8   0   500        6709       15645      16146      53         500        1  Right
15  1   100        6712       16145      16245      56         100        1  Right
0   8   100        6761       16146      16247      56         100        1  Right
2   13  500        6746       16045      16547      54         1500       1  Right
7   0   100        6710       16547      16647      60         600        1  Left 
8   7   100        6757       16647      16747      60         700        1  Left 
8   13  100        6757       16747      16847      61         600        1  Left 
8   12  100        6757       16847      16947      62         300        1  Left 
8   11  100        6757       16947      17047      63         500        1  Left 
1   2   500        6713       16547      17048      60         2500       1  Right
8   10  100        6757       17047      17148      64         200        1  Right
7   1   100        6721       17048      17149      65         700        1  Right
8   9   100        6757       17148      17249      66         100        1  Right
7   0   100        6723       17149      17250      67         600        1  Left 
13  2   100        6725       17250      17350      69         300        1  Right
9   0   100        6733       17250      17351      69         200        1  Right
12  0   100        6738       17351      17451      71         200        1  Left 
7   8   100        6765       17451      17551      72         700        1  Left 
1   15  500        6738       17149      17650      67         500        1  Right
12  1   100        6740       17650      17750      74         500        1  Left 
9   1   100        6744       17750      17850      75         100        1  Right
6   2   500        6747       17350      17852      70         1000       1  Right
9   0   100        6746       17850      17951      76         200        1  Right
9   8   100        6780       17951      18051      78         100        1  Right
10  8   100        6782       18051      18151      79         200        1  Right
11  8   100        6784       18151      18251      80         500        1  Left 
12  8   100        6786       18251      18351      81         300        1  Left 
1   6   500        6746       17852      18353      77         1500       1  Right
13  8   100        6788       18351      18452      82         600        1  Left 
15  6   100        6763       18353      18454      83         200        1  Right
2   6   100        6790       18454      18554      85         200        1  Right
2   5   100        6815       18554      18654      86         300        1  Right
1   7   500        6767       18452      18953      84         4500       1  Left 
15  1   100        6764       18953      19053      88         100        1  Right
13  8   100        6796       18953      19054      88         600        1  Left 
15  0   100        6768       19054      19154      90         400        1  Right
5   2   500        6846       18654      19155      87         1500       1  Right
12  4   100        6821       19054      19156      90         100        1  Right
3   0   100        6786       19156      19256      93         900        1  Left 
15  8   500        6875       19154      19655      91         1500       1  Right
3   11  500        6838       19256      19757      94         2500       1  Right
1   12  500        6774       19655      20156      95         2500       1  Left 
1   9   500        6790       20156      20656      97         500        1  Right
4   12  500        6847       20156      20657      97         500        1  Right
14  8   100        6908       20657      20757      99         800        1  Left 
14  3   100        6912       20757      20857      100        200        1  Right
1   15  500        6792       20656      21157      98         500        1  Right
8   15  100        6829       21157      21257      102        300        1  Right
8   15  100        6837       21257      21357      103        300        1  Right
3   10  500        6935       20857      21358      101        4000       1  Left 
7   1   100        6818       21358      21359      105        700        1  Right
9   1   100        6846       21359      21459      106        100        1  Right
8   13  500        6934       21358      21760      105        3000       1  Left 
3   14  500        6943       21359      21861      106        1000       1  Right
1   7   500        6864       21760      22261      108        4500       1  Left 
1   0   100        6870       22261      22361      110        300        1  Right
3   4   100        6998       22261      22362      110        600        1  Right
7   8   100        6910       22362      22462      112        700        1  Left 
3   5   100        6998       22362      22463      112        200        1  Right
3   6   100        6998       22463      22563      114        100        1  Right
2   5   100        7066       22563      22663      114        300        1  Right
1   9   500        6892       22361      22862      111        500        1  Right
8   7   500        6935       22462      22964      113        3500       1  Left 
7   3   100        6962       22964      23064      118        300        1  Right
10  2   100        7037       23064      23164      118        700        1  Left 
3   7   100        7054       23164      23264      119        300        1  Right
0   1   500        6896       22964      23464      118        1500       1  Right
1   0   100        6929       23464      23564      122        300        1  Right
9   8   100        6938       23564      23565      123        100        1  Right
0   1   500        6950       23564      23966      123        6500       1  Left 
8   14  500        6954       23966      24466      125        4000       1  Right
1   0   100        6972       24466      24467      126        1300       1  Left 
1   0   100        7014       24467      24468      127        1300       1  Left 
8   9   500        6959       24466      24768      126        500        1  Right
1   14  500        7027       24468      24969      127        3000       1  Right
9   3   100        6984       24969      25069      130        500        1  Right
0   8   500        6971       24768      25269      129        500        1  Right
0   10  100        6974       25269      25369      132        100        1  Right
4   8   100        6975       25369      25469      133        400        1  Left 
1   13  500        7058       25069      25570      130        4000       1  Right
8   4   500        7011       25469      25970      134        2000       1  Left 
8   0   100        7028       25970      26070      135        100        1  Right
1   14  500        7069       25570      26071      134        3000       1  Right
12  4   100        7073       25970      26072      135        100        1  Right
4   3   100        7008       26072      26172      139        600        1  Right
5   3   100        7015       26172      26272      140        200        1  Right
6   3   100        7023       26272      26372      140        100        1  Right
12  6   100        7074       26372      26472      141        800        1  Right
0   1   500        6993       26071      26572      138        1500       1  Right
12  6   100        7097       26472      26573      142        800        1  Right
0   10  100        6998       26572      26673      144        100        1  Right
14  1   100        7006       26573      26674      145        600        1  Right
0   15  100        7011       26674      26774      147        400        1  Right
2   10  500        7073       26674      27175      146        3500       1  Left 
6   15  500        7065       26774      27275      147        1000       1  Right
13  1   100        7032       27175      27276      148        800        1  Left 
14  1   100        7048       27276      27376      150        1000       1  Left 
14  1   100        7061       27376      27476      151        1000       1  Left 
14  0   100        7063       27476      27576      152        700        1  Left 
0   12  100        7067       27576      27676      153        200        1  Left 
6   2   500        7077       27275      27776      149        1000       1  Right
1   14  500        7082       27676      27777      154        5000       1  Left 
5   2   500        7097       27776      27877      155        1500       1  Right
13  0   100        7086       27777      27878      156        500        1  Left 
0   3   500        7078       27878      28378      158        3500       1  Right
4   12  500        7099       27878      28379      158        500        1  Right
0   15  100        7086       28378      28479      159        400        1  Right
12  2   100        7128       28379      28480      160        600        1  Right
0   1   500        7093       28479      28980      161        1500       1  Right
6   12  500        7133       28480      28981      162        4000       1  Right
8   0   500        7098       28980      29481      163        500        1  Right
13  8   100        7088       29481      29581      165        600        1  Left 
13  1   100        7095       29581      29681      166        800        1  Right
10  8   100        7119       29581      29682      166        200        1  Right
13  6   100        7149       29681      29781      167        500        1  Right
15  1   100        7100       29681      29782      167        100        1  Right
8   4   100        7130       29682      29784      168        400        1  Left 
14  1   100        7104       29782      29785      170        600        1  Right
8   7   100        7130       29784      29787      171        700        1  Left 
14  3   100        7158       29785      29885      172        200        1  Right
15  1   100        7118       29785      29886      172        100        1  Right
7   8   100        7141       29787      29889      173        700        1  Left 
3   0   100        7107       29889      29989      176        700        1  Right
1   0   100        7121       29989      30089      177        300        1  Right
12  6   100        7186       29989      30090      177        800        1  Right
0   1   500        7142       30089      30590      178        1500       1  Right
9   8   100        7150       30590      30690      180        100        1  Right
4   8   100        7153       30690      30790      181        400        1  Left 
0   8   100        7155       30790      30890      182        100        1  Right
1   13  500        7121       30590      31090      180        4000       1  Right
1   14  500        7125       31090      31590      184        3000       1  Right
14  8   100        7172       31590      31690      185        800        1  Left 
1   15  500        7127       31590      32090      185        500        1  Right
8   15  100        7130       32090      32190      187        300        1  Right
8   14  100        7130       32190      32290      188        800        1  Right
8   9   100        7130       32290      32390      189        100        1  Right
1   15  500        7144       32290      32791      189        500        1  Right
3   9   500        7281       32390      32891      189        5500       1  Left 
13  1   100        7150       32891      32991      192        800        1  Right
13  0   100        7154       32991      33091      193        500        1  Left 
2   1   100        7155       32991      33092      193        500        1  Right
2   1   100        7155       33092      33192      195        500        1  Right
1   0   100        7163       33192      33292      196        300        1  Right
15  8   100        7174       33292      33392      197        300        1  Right
15  0   100        7189       33392      33492      198        400        1  Right
2   12  500        7155       33192      33692      196        3000       1  Right
0   15  500        7210       33492      33993      199        2000       1  Right
6   12  500        7363       33692      34193      199        4000       1  Right
1   2   500        7176       34193      34693      202        2500       1  Right
13  8   500        7256       34193      34694      201        3000       1  Left 
1   13  500        7178       34694      35194      204        4000       1  Right
8   13  100        7225       35194      35294      204        600        1  Left 
8   13  100        7227       35294      35394      205        600        1  Left 
1   2   500        7179       35194      35694      205        2500       1  Right
8   10  500        7305       35394      35895      206        1000       1  Right
2   0   100        7221       35895      35995      209        800        1  Right
15  0   100        7231       35995      36095      209        400        1  Right
0   2   500        7247       36095      36595      210        4000       1  Right
7   2   100        7338       36595      36695      211        200        1  Right
0   15  500        7252       36595      37095      211        2000       1  Right
0   11  100        7277       37095      37195      213        400        1  Left 
15  1   100        7279       37095      37196      213        100        1  Right
0   7   100        7300       37195      37296      214        600        1  Left 
1   15  500        7305       37196      37697      215        500        1  Right
2   7   500        7379       37296      37796      216        1000       1  Right
0   8   500        7350       37296      37797      216        500        1  Right
1   12  500        7412       37796      38297      218        5500       1  Right
15  0   100        7333       38297      38397      220        400        1  Right
0   15  500        7354       38397      38897      221        2000       1  Right
0   1   500        7365       38897      39397      222        1500       1  Right
12  1   100        7381       39397      39497      223        500        1  Left 
15  0   100        7388       39497      39597      224        400        1  Right
12  2   100        7458       39497      39598      224        600        1  Right
8   0   100        7408       39597      39697      225        100        1  Right
15  1   100        7390       39597      39698      225        100        1  Right
0   3   500        7399       39697      40198      227        4500       1  Left 
1   15  500        7417       39698      40199      228        500        1  Right
0   13  100        7404       40198      40200      229        500        1  Left 
7   8   100        7430       40199      40201      230        900        1  Right
10  1   100        7399       40201      40301      232        400        1  Right
4   8   100        7438       40301      40401      233        400        1  Left 
6   13  500        7441       40201      40702      232        2500       1  Right
4   3   100        7442       40702      40802      235        600        1  Right
1   10  500        7440       40401      40803      234        2000       1  Right
15  4   100        7453       40802      40804      236        900        1  Right
3   0   100        7431       40804      40904      238        700        1  Right
3   14  500        7450       40904      41404      239        1000       1  Right
8   7   500        7451       40904      41405      239        3500       1  Left 
3   7   100        7463       41405      41505      241        300        1  Right
6   12  500        7463       41405      41906      241        4000       1  Left 
0   13  100        7473       41906      42006      243        500        1  Left 
5   8   100        7481       41906      42007      243        400        1  Right
2   0   100        7474       42006      42008      244        800        1  Left 
6   8   100        7483       42007      42009      245        500        1  Right
10  0   100        7483       42008      42109      246        100        1  Right
5   3   100        7485       42009      42109      247        200        1  Right
10  8   100        7485       42109      42209      248        200        1  Right
2   12  500        7484       42008      42509      246        3000       1  Right
8   4   500        7474       42509      43009      250        2000       1  Left 
7   3   500        7486       42509      43010      250        1500       1  Right
6   3   100        7487       43010      43110      252        100        1  Right
13  1   100        7489       43110      43210      253        800        1  Right
10  1   100        7492       43210      43211      254        1200       1  Left 
7   3   100        7494       43211      43311      255        300        1  Right
8   0   500        7485       43009      43411      251        500        1  Right
4   15  500        7494       43311      43812      256        4500       1  Right
0   2   500        7500       43812      44312      258        4000       1  Right
2   0   100        7538       44312      44313      258        800        1  Left 
13  0   100        7547       44313      44413      259        500        1  Left 
2   0   100        7591       44413      44414      260        800        1  Left 
8   6   500        7509       44312      44614      259        2500       1  Right
8   5   500        7512       44614      45114      263        2000       1  Right
8   4   100        7512       45114      45214      264        400        1  Left 
7   1   100        7540       45114      45215      263        700        1  Right
0   8   100        7544       45214      45315      264        100        1  Right
8   5   100        7512       45315      45415      267        400        1  Right
8   6   100        7512       45415      45515      268        500        1  Right
12  6   100        7516       45515      45516      269        800        1  Left 
3   4   500        7536       45215      45617      265        3000       1  Right
8   7   100        7512       45617      45717      271        700        1  Left 
8   13  100        7512       45717      45817      272        600        1  Left 
3   5   500        7537       45617      46118      270        1000       1  Right
1   13  500        7515       45817      46318      273        4000       1  Left 
3   6   500        7538       46118      46619      273        500        1  Right
12  5   100        7541       46619      46620      275        900        1  Right
1   10  500        7538       46318      46720      274        2000       1  Right
3   4   100        7547       46620      46721      276        600        1  Right
8   10  100        7612       46720      46821      277        200        1  Right
3   5   100        7547       46721      46822      278        200        1  Right
7   8   100        7548       46821      46922      279        700        1  Left 
3   6   100        7547       46822      46923      280        100        1  Right
6   8   100        7550       46923      46924      282        500        1  Right
5   8   100        7552       46924      47024      283        400        1  Right
0   2   500        7564       46922      47324      281        4000       1  Left 
4   8   100        7554       47324      47424      285        400        1  Left 
4   1   100        7561       47424      47524      286        600        1  Left 
13  8   100        7571       47524      47624      287        600        1  Left 
4   3   100        7592       47624      47625      288        600        1  Right
5   12  500        7572       47624      48025      288        3500       1  Left 
5   1   100        7577       48025      48125      290        200        1  Right
5   3   100        7598       48125      48225      291        200        1  Right
7   8   100        7640       48225      48226      292        900        1  Right
0   13  500        7578       48025      48427      290        2500       1  Left 
0   7   100        7579       48427      48527      294        600        1  Left 
0   11  100        7603       48527      48627      295        400        1  Left 
1   7   500        7586       48527      49027      295        3500       1  Right
10  6   100        7590       49027      49127      297        700        1  Right
3   7   100        7640       49027      49128      297        300        1  Right
10  1   100        7591       49127      49228      298        400        1  Right
10  0   100        7595       49228      49328      300        100        1  Right
1   4   500        7596       49228      49729      300        5000       1  Right
10  8   500        7674       49328      49829      301        1000       1  Right
6   1   100        7606       49729      49830      302        300        1  Right
13  0   100        7609       49829      49930      303        500        1  Left 
6   3   100        7606       49830      49931      304        100        1  Right
1   5   500        7619       49830      50331      304        1000       1  Right
0   2   500        7617       49930      50431      305        4000       1  Left 
11  2   100        7642       50431      50531      308        400        1  Right
1   10  500        7634       50431      50931      308        2000       1  Right
4   1   100        7639       50931      51031      310        600        1  Left 
0   13  500        7642       51031      51531      311        2500       1  Left 
1   6   500        7647       51031      51532      311        1500       1  Right
7   0   100        7644       51531      51632      312        600        1  Left 
2   0   100        7650       51632      51732      314        800        1  Right
4   1   100        7652       51732      51832      315        600        1  Left 
4   0   100        7654       51832      51932      316        300        1  Left 
8   10  100        7661       51932      52032      317        200        1  Right
2   11  500        7673       51732      52233      315        2000       1  Right
1   4   500        7670       52032      52533      318        3000       1  Left 
7   1   100        7653       52533      52633      320        700        1  Right
11  8   100        7718       52533      52634      320        500        1  Left 
5   1   100        7658       52633      52734      321        200        1  Right
5   1   100        7671       52734      52834      323        200        1  Right
0   2   500        7677       52634      53135      322        4000       1  Left 
5   0   100        7673       53135      53235      325        500        1  Right
13  1   100        7676       53235      53335      326        800        1  Right
1   4   500        7683       53335      53835      327        3000       1  Left 
2   0   100        7714       53835      53935      328        800        1  Left 
7   8   100        7727       53935      54035      328        700        1  Left 
10  8   100        7761       54035      54135      329        200        1  Right
1   5   500        7694       53835      54335      328        1000       1  Right
1   7   500        7699       54335      54835      332        3500       1  Right
6   1   100        7702       54835      54935      333        300        1  Right
6   1   100        7715       54935      55035      334        300        1  Right
8   7   500        7708       54835      55336      333        3500       1  Left 
8   10  100        7748       55336      55436      335        200        1  Right
1   13  500        7703       55336      55836      336        4000       1  Right
15  4   100        7705       55836      55936      338        700        1  Left 
15  6   100        7706       55936      56036      339        200        1  Right
4   1   100        7729       55936      56037      338        600        1  Left 
15  6   100        7720       56036      56137      340        200        1  Right
8   7   100        7787       56037      56138      340        700        1  Left 
6   0   100        7717       56138      56238      343        1000       1  Left 
13  0   100        7758       56238      56338      343        500        1  Left 
8   7   100        7789       56338      56438      344        700        1  Left 
1   5   500        7714       56137      56638      342        1000       1  Right
8   11  500        7827       56438      56939      344        2500       1  Left 
1   6   500        7743       56638      57139      346        1500       1  Right
0   15  100        7712       57139      57140      349        400        1  Right
12  5   100        7792       57139      57141      348        900        1  Right
0   3   500        7723       57141      57641      350        3500       1  Right
0   2   500        7740       57641      58141      351        4000       1  Right
4   15  500        7746       58141      58641      352        3500       1  Left 
0   8   100        7763       58641      58741      353        100        1  Right
1   6   500        7756       58641      59141      353        1500       1  Right
7   6   100        7764       59141      59241      355        400        1  Right
0   13  500        7789       58741      59242      354        2500       1  Left 
7   1   100        7765       59241      59342      356        700        1  Right
1   4   500        7762       59342      59842      358        3000       1  Left 
6   15  500        7771       59342      59843      358        1000       1  Right
7   0   100        7769       59842      59943      359        600        1  Left 
5   1   100        7789       59843      59944      360        200        1  Right
2   0   100        7780       59943      59945      361        800        1  Left 
8   3   100        7828       59944      59946      361        600        1  Right
15  2   100        7790       59946      60046      364        400        1  Right
7   8   500        7798       59946      60447      364        3500       1  Left 
2   15  500        7821       60046      60448      365        2000       1  Right
15  6   100        7851       60448      60548      366        200        1  Right
1   7   500        7823       60447      60849      365        4500       1  Left 
6   12  500        7804       60849      61349      369        4000       1  Right
1   5   500        7826       60849      61350      368        1000       1  Right
6   1   100        7824       61350      61450      370        300        1  Right
0   2   500        7806       61349      61850      370        4000       1  Left 
3   0   100        7807       61850      61950      373        700        1  Right
0   10  100        7816       61950      62050      374        100        1  Right
0   9   100        7881       62050      62150      374        200        1  Right
0   9   100        7905       62150      62250      375        200        1  Right
5   12  500        7823       61950      62451      373        4500       1  Right
4   8   100        7824       62451      62551      377        400        1  Left 
2   1   100        7828       62451      62552      377        500        1  Right
13  0   100        7836       62551      62652      378        500        1  Left 
1   2   500        7853       62552      63053      379        2500       1  Right
8   4   500        7860       62652      63153      380        2000       1  Left 
13  1   100        7838       63053      63154      381        800        1  Right
8   0   500        7899       63153      63654      382        500        1  Right
1   13  500        7865       63154      63655      383        4000       1  Right
4   3   100        7892       63655      63656      385        600        1  Right
13  4   100        7893       63656      63756      386        200        1  Right
6   10  500        7867       63655      64056      385        3500       1  Right
4   13  500        7924       63756      64257      387        1000       1  Right
1   6   500        7870       64056      64557      388        1500       1  Right
5   8   100        7872       64557      64657      390        400        1  Right
12  1   100        7873       64657      64757      391        500        1  Left 
5   3   100        7937       64657      64758      391        200        1  Right
12  1   100        7873       64757      64858      392        500        1  Left 
2   1   100        7875       64858      64958      394        500        1  Right
10  1   100        7895       64958      65058      395        400        1  Right
12  2   100        7932       64958      65059      395        600        1  Right
12  0   100        7951       65059      65159      397        200        1  Left 
8   5   500        7903       65058      65559      396        2000       1  Right
1   12  500        7904       65559      66059      399        2500       1  Left 
1   12  500        7907       66059      66559      400        2500       1  Left 
6   8   100        7917       66559      66659      401        500        1  Right
6   3   100        7965       66659      66759      402        100        1  Right
2   12  500        7960       66559      66760      401        3000       1  Right
1   10  500        7936       66659      66860      402        2000       1  Right
6   15  500        8010       66759      66960      403        1000       1  Right
11  1   100        7926       66860      66961      405        700        1  Left 
0   10  100        7943       66961      67061      407        100        1  Right
0   8   100        7956       67061      67161      408        100        1  Right
6   7   500        8026       66960      67461      405        2000       1  Right
0   12  500        7987       67161      67662      409        1000       1  Left 
11  0   100        8007       67662      67762      411        400        1  Left 
8   6   500        7943       67461      67763      410        2500       1  Right
0   3   500        8099       67762      68064      411        4500       1  Left 
9   2   100        7948       68064      68164      414        600        1  Right
11  8   100        8009       68064      68165      414        500        1  Left 
9   8   100        8040       68165      68265      415        100        1  Right
8   4   100        8041       68265      68365      416        400        1  Left 
13  4   100        8145       68365      68465      416        200        1  Right
1   2   500        7951       68164      68665      415        2500       1  Right
1   11  500        7962       68665      69165      420        3500       1  Left 
2   1   100        7968       69165      69265      421        500        1  Right
10  1   100        7975       69265      69365      422        400        1  Right
10  0   100        8059       69365      69465      422        100        1  Right
2   9   500        7989       69365      69865      423        3000       1  Right
11  1   100        8016       69865      69965      425        700        1  Left 
1   10  500        8016       69965      70465      426        2000       1  Right
8   5   100        8041       70465      70565      426        400        1  Right
8   6   100        8041       70565      70665      427        500        1  Right
8   7   100        8041       70665      70765      428        900        1  Right
15  1   100        8043       70765      70865      429        100        1  Right
11  6   100        8087       70765      70866      429        600        1  Right
0   10  500        8105       70465      70966      426        500        1  Right
7   1   100        8049       70866      70967      431        700        1  Right
15  2   100        8107       70967      71067      433        400        1  Right
13  6   100        8146       71067      71167      433        500        1  Right
15  2   100        8170       71167      71267      434        400        1  Right
13  6   100        8180       71267      71367      435        500        1  Right
1   11  500        8052       70967      71368      433        3500       1  Left 
15  6   100        8230       71367      71368      435        200        1  Right
13  2   100        8210       71367      71369      436        300        1  Right
8   11  100        8100       71368      71468      438        500        1  Left 
13  6   100        8251       71369      71470      437        500        1  Right
8   11  100        8101       71468      71569      440        500        1  Left 
7   8   100        8058       71569      71669      442        700        1  Left 
6   8   100        8060       71669      71769      443        1100       1  Left 
1   15  500        8069       71368      71770      438        500        1  Right
5   8   100        8062       71769      71771      444        1200       1  Left 
4   8   100        8064       71771      71772      446        400        1  Left 
11  1   100        8088       71771      71773      446        900        1  Right
11  0   100        8092       71773      71774      448        400        1  Left 
8   9   500        8160       71772      72174      446        500        1  Right
1   7   500        8095       71773      72176      448        3500       1  Right
11  8   500        8121       72174      72675      450        2500       1  Left 
2   15  500        8138       72176      72677      450        2000       1  Right
0   7   100        8118       72675      72776      452        600        1  Left 
6   15  500        8153       72677      73178      452        1000       1  Right
1   11  500        8126       72776      73277      453        3500       1  Left 
7   1   100        8139       73277      73278      455        900        1  Left 
0   13  100        8159       73278      73378      456        500        1  Left 
9   1   100        8249       73278      73379      455        100        1  Right
2   15  500        8201       73178      73580      454        2000       1  Right
0   10  500        8204       73378      73878      457        500        1  Right
4   13  500        8176       73378      73880      457        1000       1  Right
1   7   500        8185       73580      74082      459        3500       1  Right
3   0   100        8128       74082      74182      462        700        1  Right
10  0   100        8158       74182      74282      463        100        1  Right
0   14  100        8207       74282      74283      464        700        1  Left 
3   8   500        8140       74182      74583      463        3000       1  Right
0   12  500        8240       74283      74784      464        1000       1  Left 
8   0   100        8196       74784      74884      467        100        1  Right
12  0   100        8204       74884      74984      468        200        1  Left 
5   15  500        8301       74583      75083      465        500        1  Right
3   4   500        8175       74583      75084      466        3000       1  Right
10  1   100        8250       74984      75086      468        400        1  Right
6   13  500        8221       75084      75585      471        2500       1  Right
7   0   100        8233       75585      75685      472        600        1  Left 
0   7   100        8252       75685      75785      473        600        1  Left 
12  0   100        8290       75785      75885      474        200        1  Left 
1   2   500        8213       75585      76085      473        2500       1  Right
1   3   100        8215       76085      76185      477        400        1  Right
14  2   100        8228       76085      76186      476        100        1  Right
1   8   100        8219       76185      76286      478        200        1  Right
0   1   100        8260       76286      76386      479        300        1  Right
0   1   100        8260       76386      76486      480        300        1  Right
3   5   500        8224       76185      76686      477        1000       1  Right
2   13  500        8231       76186      76687      478        1500       1  Right
15  5   100        8255       76686      76786      482        100        1  Right
15  5   100        8506       76786      76886      483        100        1  Right
8   1   500        8290       76486      76987      481        1000       1  Right
0   7   500        8284       76687      77187      483        3000       1  Left 
3   6   500        8259       76686      77188      482        500        1  Right
2   3   100        8250       77188      77288      488        100        1  Right
8   0   500        8290       77187      77289      487        500        1  Right
1   10  500        8291       77288      77390      489        6000       1  Left 
2   8   100        8254       77390      77490      491        700        1  Right
0   12  500        8326       77390      77891      490        1000       1  Left 
1   9   500        8295       77490      77990      492        500        1  Right
2   14  500        8254       77490      77991      492        500        1  Right
7   0   100        8335       77891      77992      492        600        1  Left 
14  8   100        8301       77991      78091      495        800        1  Right
10  0   100        8343       77992      78093      495        100        1  Right
8   2   500        8311       78091      78094      497        3500       1  Right
0   7   500        8386       78093      78095      497        3000       1  Left 
8   14  500        8347       78094      78594      498        4000       1  Right
0   10  500        8389       78095      78596      499        500        1  Right
2   1   100        8363       78594      78695      500        500        1  Right
9   0   100        8359       78596      78697      501        200        1  Right
9   8   100        8361       78697      78797      503        100        1  Right
12  0   100        8363       78697      78798      503        200        1  Left 
9   1   100        8368       78797      78898      504        100        1  Right
8   1   100        8386       78898      78998      506        200        1  Right
6   11  500        8369       78695      79196      502        3000       1  Right
0   12  500        8399       78798      79300      505        1000       1  Left 
10  0   100        8452       79300      79400      509        100        1  Right
12  0   100        8461       79400      79500      510        200        1  Left 
1   2   500        8384       79196      79697      508        2500       1  Right
8   2   100        8386       79697      79797      512        700        1  Right
8   14  100        8386       79797      79897      513        800        1  Right
8   11  100        8386       79897      79997      514        500        1  Left 
6   13  500        8440       79897      80397      514        2500       1  Right
1   9   500        8414       79897      80398      514        500        1  Right
8   9   100        8492       80398      80399      517        100        1  Right
8   9   100        8493       80399      80400      518        100        1  Right
6   15  500        8532       80397      80699      516        1000       1  Right
0   3   500        8423       80397      80700      516        4500       1  Left 
9   6   100        8461       80699      80800      520        400        1  Right
0   11  100        8424       80700      80801      521        400        1  Left 
8   14  500        8532       80800      81301      522        4000       1  Right
0   12  500        8497       80801      81302      523        1000       1  Left 
11  1   100        8402       81301      81402      524        900        1  Right
2   1   100        8406       81402      81502      526        500        1  Right
11  8   100        8414       81402      81503      526        500        1  Left 
7   1   100        8440       81502      81603      527        700        1  Right
1   8   100        8424       81603      81703      529        200        1  Right
2   8   100        8425       81703      81803      530        900        1  Left 
5   15  500        8552       81603      82104      529        500        1  Right
1   2   500        8427       81803      82304      531        5500       1  Left 
14  8   100        8428       82304      82404      533        800        1  Right
14  8   100        8435       82404      82504      534        800        1  Right
1   11  500        8440       82504      83004      535        3500       1  Left 
2   3   500        8526       82504      83005      535        500        1  Right
10  1   100        8454       83004      83105      536        400        1  Right
9   1   100        8462       83105      83205      538        100        1  Right
10  4   100        8587       83105      83206      538        200        1  Left 
9   0   100        8466       83205      83305      539        200        1  Right
13  1   100        8463       83205      83306      539        800        1  Right
12  0   100        8531       83305      83405      541        200        1  Left 
3   1   100        8466       83306      83407      542        400        1  Right
9   8   500        8503       83305      83806      541        500        1  Right
1   13  500        8489       83407      83908      544        4000       1  Right
11  1   100        8495       83908      84008      546        900        1  Right
0   8   500        8513       83806      84307      545        500        1  Right
1   7   500        8495       84008      84509      547        3500       1  Right
1   10  500        8498       84509      85009      549        2000       1  Right
3   2   500        8507       84509      85010      549        500        1  Right
3   2   100        8517       85010      85110      551        100        1  Right
13  2   100        8527       85110      85210      552        300        1  Right
4   10  500        8613       85009      85509      550        1000       1  Left 
1   9   500        8510       85009      85510      550        500        1  Right
0   5   100        8514       85510      85610      555        500        1  Right
2   13  500        8548       85210      85712      553        1500       1  Right
1   11  500        8531       85610      86111      556        3500       1  Left 
6   13  500        8554       85712      86213      557        2500       1  Right
13  2   100        8570       86213      86313      559        300        1  Right
5   2   100        8578       86313      86413      560        300        1  Right
1   0   500        8543       86111      86612      558        1500       1  Right
2   13  500        8591       86413      86914      561        1500       1  Right
1   0   500        8556       86612      87113      562        1500       1  Right
7   0   100        8561       87113      87213      564        600        1  Left 
2   5   500        8609       86914      87415      563        1500       1  Right
3   1   100        8557       87415      87515      566        400        1  Right
8   1   100        8583       87515      87615      567        200        1  Right
13  6   100        8610       87515      87616      567        500        1  Right
0   12  500        8567       87213      87714      565        1000       1  Left 
14  1   100        8591       87616      87716      569        600        1  Right
8   9   100        8684       87615      87717      567        100        1  Right
0   11  100        8567       87714      87816      570        400        1  Left 
11  0   100        8607       87816      87916      573        400        1  Left 
12  0   100        8612       87916      88016      574        200        1  Left 
0   8   100        8614       88016      88116      575        100        1  Right
1   14  500        8612       87716      88217      571        3000       1  Right
0   7   500        8618       88116      88617      576        3000       1  Left 
14  0   100        8635       88617      88717      577        700        1  Left 
1   8   500        8634       88217      88718      576        1000       1  Right
13  5   100        8635       88717      88818      578        600        1  Right
0   1   100        8621       88718      88819      580        300        1  Right
15  1   100        8622       88819      88919      582        100        1  Right
14  8   100        8637       88819      88920      581        800        1  Left 
15  1   100        8622       88919      89020      583        100        1  Right
14  1   100        8644       89020      89120      584        600        1  Right
14  6   100        8693       89120      89220      585        300        1  Right
0   12  500        8648       88920      89421      583        1000       1  Left 
1   15  500        8648       89120      89621      585        500        1  Right
0   11  500        8651       89421      89922      587        2000       1  Left 
5   8   100        8654       89922      89923      589        1200       1  Left 
1   15  500        8651       89621      90023      588        500        1  Right
9   8   100        8692       89923      90023      590        100        1  Right
5   13  500        8671       89923      90424      590        3000       1  Right
7   0   100        8675       90424      90524      592        600        1  Left 
1   14  500        8665       90424      90924      592        3000       1  Right
15  2   100        8671       90924      90925      594        400        1  Right
7   1   100        8677       90924      90926      594        900        1  Left 
14  1   100        8694       90926      90927      596        1000       1  Left 
8   14  100        8713       90927      90928      597        800        1  Left 
9   1   100        8756       90927      90929      596        100        1  Right
8   14  100        8715       90928      91029      598        800        1  Left 
2   15  500        8702       90925      91030      595        2000       1  Right
1   14  500        8717       91029      91332      600        5000       1  Left 
15  0   100        8690       91332      91432      602        400        1  Right
7   4   100        8783       91332      91433      601        300        1  Right
14  0   100        8698       91432      91533      603        900        1  Right
11  0   100        8700       91533      91633      605        400        1  Left 
12  0   100        8724       91633      91733      606        200        1  Left 
12  0   100        8795       91733      91833      606        200        1  Left 
1   7   500        8735       91533      92034      604        3500       1  Right
0   15  500        8711       92034      92534      609        2000       1  Right
4   7   500        8814       92034      92535      608        1500       1  Right
0   9   100        8726       92534      92635      609        200        1  Right
1   3   500        8751       92534      93035      609        2000       1  Right
0   11  500        8741       92635      93136      611        2000       1  Left 
6   9   500        8733       93035      93536      612        2000       1  Right
3   15  100        8785       93536      93537      614        300        1  Right
14  8   500        8749       93136      93538      613        4000       1  Left 
1   9   500        8802       93536      93939      614        500        1  Right
0   12  500        8760       93538      94039      616        1000       1  Left 
11  1   100        8782       93939      94040      617        900        1  Right
0   10  100        8798       94039      94140      618        100        1  Right
0   4   100        8816       94140      94240      620        300        1  Left 
8   5   500        8803       94040      94541      619        2000       1  Right
0   12  500        8831       94240      94741      621        1000       1  Left 
10  4   100        8839       94741      94742      623        200        1  Left 
0   9   100        8869       94741      94743      623        200        1  Right
1   11  500        8818       94541      94943      622        4500       1  Right
9   1   100        8854       94943      95043      626        100        1  Right
13  5   100        8886       94943      95044      626        600        1  Right
11  0   100        8861       95044      95045      628        1200       1  Right
4   10  500        8865       94742      95145      624        1000       1  Left 
1   3   100        8896       95045      95146      629        400        1  Right
4   2   100        8866       95145      95246      630        500        1  Right
10  6   100        8840       95146      95247      631        700        1  Right
10  6   100        8849       95247      95347      633        700        1  Right
12  1   100        8865       95347      95447      634        500        1  Left 
2   4   500        8902       95246      95747      632        2500       1  Right
6   10  500        8875       95447      95948      635        3500       1  Right
10  2   100        8894       95948      96048      637        700        1  Left 
5   1   100        8902       95948      96049      637        200        1  Right
6   13  500        8904       96048      96548      638        2500       1  Right
0   11  500        8904       96048      96549      638        2000       1  Left 
1   9   500        8902       96049      96551      639        500        1  Right
4   8   100        8939       96549      96649      641        400        1  Left 
5   13  500        8922       96548      97049      640        3000       1  Right
1   0   500        8910       96649      97150      643        1500       1  Right
3   1   100        8909       97150      97151      645        400        1  Right
2   10  500        8930       97049      97451      644        3500       1  Left 
8   0   500        8941       97150      97553      645        500        1  Right
1   12  500        8935       97451      97952      647        5500       1  Right
10  6   100        8971       97952      98052      649        900        1  Left 
1   5   500        8938       97952      98452      649        1000       1  Right
6   14  500        8997       98052      98552      650        1500       1  Right
8   4   500        8975       98052      98553      650        2000       1  Left 
8   4   100        9025       98553      98653      653        400        1  Left 
1   13  500        9006       98552      99053      652        4000       1  Right
15  0   100        8943       99053      99153      655        400        1  Right
7   4   100        9035       99053      99154      655        300        1  Right
9   0   100        8957       99153      99254      656        200        1  Right
11  0   100        8962       99254      99354      658        400        1  Left 
1   13  500        9012       99154      99655      657        4000       1  Right
11  1   100        8964       99655      99755      660        700        1  Left 
7   6   100        9036       99655      99756      660        400        1  Right
11  4   100        9069       99755      99855      661        100        1  Right
0   15  500        8964       99755      100256     661        2000       1  Right
2   13  500        9050       99756      100258     662        1500       1  Right
12  15  100        8975       100256     100357     664        600        1  Left 
13  1   100        8977       100357     100457     666        800        1  Right
13  1   100        8977       100457     100557     667        800        1  Right
5   0   100        8991       100557     100657     668        500        1  Right
13  2   100        9029       100557     100658     668        300        1  Right
5   8   100        8993       100657     100758     669        400        1  Right
7   2   100        9102       100658     100759     670        200        1  Right
0   1   100        8997       100758     100859     671        300        1  Right
15  0   100        8997       100859     100860     673        400        1  Right
5   1   100        9000       100860     100861     674        200        1  Right
0   8   100        9009       100860     100862     674        100        1  Right
6   10  500        9119       100759     100863     672        4500       1  Left 
5   6   100        9097       100863     100963     677        100        1  Right
3   6   100        9117       100963     101063     678        100        1  Right
0   15  500        9018       100862     101164     676        2000       1  Right
1   11  500        9018       101164     101664     680        3500       1  Left 
0   9   500        9020       101664     102164     681        1000       1  Right
1   5   500        9036       101664     102165     681        1000       1  Right
8   14  100        9025       102164     102265     682        800        1  Left 
0   14  100        9028       102265     102365     684        700        1  Left 
8   5   100        9107       102265     102366     684        400        1  Right
15  0   100        9040       102366     102466     686        400        1  Right
14  1   100        9048       102466     102566     687        600        1  Right
13  0   100        9048       102466     102567     687        500        1  Left 
4   8   100        9048       102567     102667     689        400        1  Left 
4   8   100        9053       102667     102767     690        400        1  Left 
1   14  500        9069       102566     103067     688        3000       1  Right
4   7   500        9066       102767     103268     691        1500       1  Right
0   15  500        9061       103067     103568     692        2000       1  Right
14  8   100        9061       103568     103668     694        800        1  Right
4   11  500        9090       103268     103769     693        500        1  Right
0   13  500        9079       103668     104169     695        5500       1  Right
15  3   500        9082       104169     104669     697        1500       1  Right
15  0   100        9083       104669     104769     698        400        1  Right
9   0   100        9088       104769     104869     699        200        1  Right
5   1   100        9098       104769     104870     699        200        1  Right
14  0   100        9096       104869     104970     700        700        1  Left 
8   5   100        9109       104870     104971     701        400        1  Right
5   0   100        9102       104971     105071     703        500        1  Right
0   15  500        9114       105071     105571     704        2000       1  Right
0   7   100        9114       105571     105671     705        600        1  Left 
3   15  100        9121       105571     105672     705        300        1  Right
0   14  500        9122       105671     106172     706        3500       1  Left 
5   8   500        9128       105672     106173     706        2000       1  Right
0   6   100        9122       106172     106273     708        1000       1  Left 
1   5   500        9136       106173     106674     708        1000       1  Right
2   7   500        9145       106273     106773     709        1000       1  Right
0   9   500        9139       106273     106774     709        1000       1  Right
10  1   100        9147       106774     106775     712        400        1  Right
15  12  500        9116       106773     106776     712        5000       1  Right
12  6   100        9146       106776     106876     714        800        1  Right
1   10  500        9188       106775     106877     713        2000       1  Right
7   6   100        9163       106876     106977     715        400        1  Right
15  0   100        9140       106877     106978     716        400        1  Right
6   7   500        9184       106977     107478     717        2000       1  Right
0   15  500        9161       106978     107479     718        2000       1  Right
6   2   100        9186       107478     107579     719        200        1  Right
14  0   100        9154       107479     107580     720        700        1  Left 
7   6   100        9192       107580     107680     722        400        1  Right
14  1   100        9206       107680     107780     723        600        1  Right
9   1   100        9207       107780     107880     724        100        1  Right
8   4   500        9168       107580     108080     722        2000       1  Left 
2   6   500        9232       107780     108282     722        1000       1  Right
0   14  500        9180       108080     108581     726        3500       1  Left 
0   14  100        9180       108581     108681     728        700        1  Left 
10  2   100        9241       108681     108781     727        700        1  Left 
8   6   500        9304       108282     108783     725        2500       1  Right
15  0   100        9182       108783     108784     731        400        1  Right
6   10  500        9248       108783     108785     729        4500       1  Left 
0   15  500        9203       108784     108885     732        2000       1  Right
6   8   100        9278       108885     108985     732        500        1  Right
2   10  500        9277       108785     109286     731        3500       1  Left 
4   1   100        9217       109286     109386     736        600        1  Left 
15  1   100        9220       109386     109486     737        100        1  Right
12  15  100        9228       109486     109586     736        600        1  Left 
15  1   100        9273       109586     109686     737        100        1  Right
6   7   500        9310       109286     109787     734        2000       1  Right
1   14  500        9227       109787     110287     740        3000       1  Right
14  0   100        9250       110287     110387     740        700        1  Left 
1   15  500        9246       110287     110787     740        500        1  Right
0   14  500        9276       110387     110888     741        3500       1  Left 
1   4   500        9248       110888     111388     743        3000       1  Left 
4   0   100        9290       111388     111488     744        300        1  Left 
4   8   100        9292       111488     111588     745        400        1  Left 
11  4   100        9321       111588     111688     746        100        1  Right
11  6   100        9322       111688     111788     747        600        1  Right
1   9   500        9253       111388     111888     744        500        1  Right
10  6   100        9329       111788     111889     746        900        1  Left 
11  2   100        9366       111889     111989     748        400        1  Right
1   0   500        9291       111888     112389     749        1500       1  Right
4   1   100        9299       112389     112489     752        600        1  Left 
13  0   100        9301       112489     112589     753        500        1  Left 
14  0   100        9308       112589     112689     754        700        1  Left 
9   0   100        9316       112689     112789     755        200        1  Right
1   15  500        9299       112489     112989     753        500        1  Right
14  1   100        9310       112989     113089     757        600        1  Right
15  1   100        9324       113089     113189     758        100        1  Right
4   11  500        9342       112689     113191     753        500        1  Right
0   13  500        9332       113189     113690     757        5500       1  Right
15  3   100        9389       113690     113790     759        300        1  Right
1   4   500        9331       113690     114190     759        3000       1  Left 
0   5   100        9332       114190     114290     761        500        1  Right
14  4   100        9365       114190     114291     761        400        1  Right
8   5   100        9333       114290     114391     762        400        1  Right
1   14  500        9332       114391     114891     764        3000       1  Right
0   9   500        9367       114391     114892     764        1000       1  Right
10  5   100        9354       114891     114991     765        1000       1  Left 
8   6   100        9333       114991     115091     767        1100       1  Left 
4   6   100        9361       115091     115191     768        700        1  Right
1   15  500        9350       114891     115392     765        500        1  Right
7   1   100        9355       115392     115492     770        700        1  Right
8   0   500        9343       115091     115592     768        500        1  Right
4   1   100        9362       115492     115593     771        1000       1  Right
6   8   100        9349       115593     115693     773        500        1  Right
4   0   100        9366       115593     115694     773        300        1  Left 
6   8   100        9350       115693     115794     774        500        1  Right
13  0   100        9380       115694     115795     775        500        1  Left 
5   8   100        9351       115794     115895     776        400        1  Right
8   4   100        9382       115895     115995     778        400        1  Left 
8   4   100        9384       115995     116095     779        400        1  Left 
15  8   100        9393       116095     116195     780        300        1  Right
15  3   100        9394       116195     116196     781        1300       1  Left 
6   5   500        9369       115895     116296     778        500        1  Right
1   4   500        9395       116196     116697     782        3000       1  Left 
5   10  500        9375       116697     117197     784        3000       1  Right
5   1   100        9392       117197     117297     785        200        1  Right
0   1   100        9397       117297     117397     786        300        1  Right
