
7
C:/Users/nxconrad/Desktop/REU 2.0/Benchmark Data/16-core/7/flow_freqmine100#2.txt
810
[8, 12, 3, 9, 6, 7, 10, 2, 13, 4, 14, 1, 0, 5, 15, 11]
10  1   100        6420       6422       6522       0          500        1  Right
10  0   100        6422       6522       6622       1          600        1  Right
15  8   100        6469       6522       6623       0          200        1  Left 
0   3   500        6423       6622       7123       1          5000       1  Right
7   8   100        6567       7123       7223       2          500        1  Right
2   15  500        6428       7123       7623       3          3500       1  Right
12  0   100        6439       7623       7723       5          500        1  Left 
6   2   500        6435       7623       8123       5          1500       1  Right
2   6   100        6460       8123       8223       7          300        1  Right
1   11  500        6440       7723       8224       6          2000       1  Right
3   0   100        6455       8224       8324       9          600        1  Left 
1   5   500        6460       8324       8824       10         1000       1  Right
3   13  500        6537       8324       8824       9          3000       1  Right
8   15  500        6520       8324       8825       10         1000       1  Left 
1   10  500        6461       8824       9325       11         2500       1  Right
0   12  500        6475       8825       9326       12         2500       1  Left 
1   5   100        6468       9326       9426       14         200        1  Right
11  1   100        6477       9426       9526       15         400        1  Right
12  0   100        6513       9526       9626       16         500        1  Left 
0   9   100        6526       9626       9627       16         700        1  Left 
11  3   100        6551       9627       9727       17         300        1  Left 
9   3   100        6564       9727       9827       18         100        1  Right
6   1   500        6485       9526       9927       16         3500       1  Right
10  1   100        6513       9927       10027      21         500        1  Right
3   9   500        6600       9827       10328      19         500        1  Right
1   11  500        6513       10027      10528      22         2000       1  Right
0   7   100        6527       10528      10628      23         700        1  Right
5   1   500        6529       10628      11128      24         1000       1  Right
8   7   500        6588       10628      11129      24         2500       1  Right
1   10  500        6554       11128      11629      25         2500       1  Right
0   12  500        6549       11129      11630      26         2500       1  Left 
1   2   100        6612       11629      11730      27         400        1  Right
12  1   100        6596       11730      11731      29         1000       1  Right
7   1   100        6613       11731      11831      30         600        1  Right
0   8   500        6588       11630      12032      28         2000       1  Left 
6   2   500        6677       11831      12332      29         1500       1  Right
10  8   100        6595       12332      12432      33         600        1  Right
2   0   500        6614       12332      12833      33         2500       1  Right
8   10  500        6621       12432      12933      33         3000       1  Right
1   0   100        6617       12833      12934      35         100        1  Right
10  3   100        6643       12933      13034      34         400        1  Right
1   12  500        6627       12934      13435      35         3000       1  Left 
8   0   100        6648       13435      13535      37         400        1  Left 
12  0   100        6660       13535      13635      38         500        1  Left 
2   1   500        6633       13435      13935      37         2000       1  Right
0   1   500        6638       13935      14435      40         500        1  Right
15  1   100        6639       14435      14535      41         300        1  Right
9   1   100        6640       14535      14635      42         800        1  Right
15  0   100        6703       14535      14636      42         200        1  Right
0   6   100        6672       14636      14637      44         800        1  Left 
1   7   500        6664       14635      15037      43         3000       1  Right
2   1   100        6692       15037      15137      46         400        1  Right
0   12  500        6696       14637      15138      45         2500       1  Left 
6   1   100        6705       15137      15238      47         700        1  Right
15  8   100        6705       15138      15239      48         200        1  Left 
0   13  100        6696       15238      15339      49         400        1  Right
1   15  500        6665       15339      15839      51         1500       1  Right
2   13  500        6746       15339      15840      51         500        1  Right
1   9   500        6687       15839      16340      52         4000       1  Left 
8   0   500        6709       16340      16840      54         2000       1  Left 
1   2   500        6713       16340      16841      54         2000       1  Right
7   0   100        6710       16840      16941      55         900        1  Left 
13  2   100        6725       16841      16942      56         100        1  Right
8   7   100        6757       16941      17041      57         500        1  Right
15  1   100        6712       16941      17042      57         300        1  Right
6   2   500        6747       17041      17542      59         1500       1  Right
1   15  500        6738       17042      17543      60         1500       1  Right
8   13  100        6757       17542      17643      61         800        1  Right
7   1   100        6721       17643      17743      63         600        1  Right
0   3   500        6752       17643      17744      63         3000       1  Left 
1   6   500        6746       17743      17844      64         3500       1  Right
8   12  100        6757       17744      17845      65         100        1  Right
7   0   100        6723       17844      17945      66         700        1  Right
8   11  100        6757       17845      17946      67         100        1  Left 
9   0   100        6733       17945      18046      68         900        1  Right
12  0   100        6738       18046      18146      70         500        1  Left 
0   8   100        6761       18146      18246      71         400        1  Left 
15  6   100        6763       18246      18346      72         600        1  Left 
1   7   500        6767       18046      18547      70         3000       1  Right
12  1   100        6740       18547      18647      74         600        1  Left 
2   6   100        6790       18547      18648      74         300        1  Right
9   1   100        6744       18647      18748      75         800        1  Left 
9   0   100        6746       18748      18848      77         700        1  Left 
8   10  100        6757       18848      18948      78         600        1  Right
15  1   100        6764       18848      18949      78         300        1  Right
8   9   100        6757       18948      19049      79         300        1  Right
15  0   100        6768       18949      19050      80         200        1  Right
7   8   100        6765       19049      19150      81         500        1  Right
2   5   100        6815       19050      19151      82         600        1  Right
9   8   100        6780       19150      19251      83         300        1  Right
7   1   100        6818       19151      19252      84         600        1  Right
3   0   100        6786       19251      19253      85         600        1  Left 
9   1   100        6846       19252      19254      86         800        1  Right
3   11  500        6838       19253      19754      87         1500       1  Left 
5   2   500        6846       19254      19755      88         3000       1  Right
10  8   100        6782       19754      19855      89         600        1  Right
11  8   100        6784       19855      19955      91         100        1  Left 
12  8   100        6786       19955      20055      92         100        1  Right
0   1   500        6896       19755      20256      90         500        1  Right
3   10  500        6935       19855      20357      91         2000       1  Right
1   12  500        6774       20256      20358      94         3000       1  Left 
3   14  500        6943       20357      20459      95         4000       1  Right
13  8   100        6788       20459      20559      97         800        1  Right
13  8   100        6796       20559      20659      98         800        1  Right
12  4   100        6821       20659      20759      99         800        1  Right
0   1   500        6950       20358      20859      96         500        1  Right
15  8   500        6875       20659      21161      99         1000       1  Left 
4   12  500        6847       20759      21162      100        4000       1  Right
14  8   100        6908       21161      21163      102        600        1  Left 
3   4   100        6998       21162      21262      103        700        1  Right
3   5   100        6998       21262      21263      105        500        1  Left 
1   9   500        6790       21262      21663      105        4000       1  Right
7   8   100        6910       21663      21763      107        500        1  Right
10  2   100        7037       21663      21764      107        100        1  Right
9   8   100        6938       21763      21864      108        300        1  Right
14  3   100        6912       21864      21964      110        800        1  Right
7   3   100        6962       21964      22064      111        300        1  Right
1   15  500        6792       21663      22163      107        1500       1  Right
9   3   100        6984       22064      22165      112        100        1  Right
8   15  100        6829       22163      22264      113        200        1  Left 
3   6   100        6998       22165      22265      114        200        1  Right
8   15  100        6837       22264      22365      115        200        1  Left 
1   7   500        6864       22163      22664      113        3000       1  Right
0   8   500        6971       22365      22866      117        2000       1  Left 
1   0   100        6870       22866      22966      119        100        1  Right
8   13  500        6934       22866      23367      119        4000       1  Right
1   9   500        6892       23367      23867      121        4000       1  Right
1   0   100        6929       23867      23967      122        100        1  Right
1   0   100        6972       23967      24067      123        100        1  Right
0   10  100        6974       24067      24167      124        600        1  Right
8   7   500        6935       23867      24368      122        2500       1  Right
0   1   500        6993       24167      24668      125        500        1  Right
1   0   100        7014       24668      24768      127        100        1  Right
8   14  500        6954       24368      24869      126        5000       1  Right
0   10  100        6998       24869      24969      129        600        1  Right
14  1   100        7006       24969      25069      130        100        1  Right
0   15  100        7011       24969      25070      130        200        1  Right
8   9   500        6959       24869      25369      129        1500       1  Right
4   8   100        6975       25369      25469      133        900        1  Right
4   3   100        7008       25469      25470      134        700        1  Right
0   12  100        7067       25469      25471      134        500        1  Left 
1   14  500        7027       25069      25472      131        500        1  Right
3   7   100        7054       25470      25572      135        300        1  Right
8   4   500        7011       25472      25973      137        3500       1  Left 
5   3   100        7015       25973      26073      139        500        1  Left 
13  1   100        7032       25973      26074      139        300        1  Right
8   0   100        7028       26073      26173      140        400        1  Left 
6   3   100        7023       26073      26174      140        200        1  Right
14  1   100        7048       26074      26176      141        100        1  Right
6   15  500        7065       26174      26675      143        3000       1  Left 
1   13  500        7058       26176      26676      144        1500       1  Right
2   5   100        7066       26675      26775      145        1000       1  Left 
14  1   100        7061       26676      26777      146        100        1  Right
12  4   100        7073       26775      26876      147        800        1  Right
14  0   100        7063       26777      26878      148        200        1  Right
12  6   100        7074       26876      26976      149        300        1  Right
2   10  500        7073       26876      27377      149        500        1  Right
1   14  500        7069       26878      27380      150        500        1  Right
0   3   500        7078       26976      27477      151        3000       1  Left 
0   15  100        7086       27477      27577      154        200        1  Right
6   2   500        7077       27377      27878      152        1500       1  Right
1   14  500        7082       27380      27879      153        500        1  Right
13  0   100        7086       27878      27977      156        1200       1  Left 
13  8   100        7088       27977      28077      158        800        1  Right
12  6   100        7097       28077      28177      159        300        1  Right
0   1   500        7093       27977      28478      158        500        1  Right
13  1   100        7095       28478      28479      161        300        1  Right
5   2   500        7097       28177      28579      160        5000       1  Left 
8   0   500        7098       28579      29079      163        2000       1  Left 
4   12  500        7099       28579      29080      163        4000       1  Right
15  1   100        7100       29079      29180      164        300        1  Right
10  8   100        7119       29080      29181      165        600        1  Right
14  1   100        7104       29180      29281      166        100        1  Right
13  6   100        7149       29181      29281      166        400        1  Right
3   0   100        7107       29181      29282      167        600        1  Left 
15  1   100        7118       29282      29382      169        300        1  Right
12  2   100        7128       29282      29383      168        600        1  Right
1   0   100        7121       29382      29483      170        100        1  Right
8   4   100        7130       29383      29484      170        900        1  Right
8   7   100        7130       29484      29584      172        500        1  Right
0   1   500        7142       29483      29984      171        500        1  Right
6   12  500        7133       29584      30085      173        1500       1  Right
7   8   100        7141       30085      30185      175        500        1  Right
9   8   100        7150       30185      30285      176        300        1  Right
12  6   100        7186       30285      30385      177        300        1  Right
1   13  500        7121       29984      30485      175        1500       1  Right
4   8   100        7153       30485      30585      179        900        1  Right
0   8   100        7155       30585      30685      180        400        1  Left 
1   14  500        7125       30485      30985      179        500        1  Right
14  3   100        7158       30985      31085      182        800        1  Right
14  8   100        7172       31085      31086      183        1000       1  Right
1   15  500        7127       30985      31386      182        1500       1  Right
8   15  100        7130       31386      31486      185        200        1  Left 
13  1   100        7150       31386      31487      185        300        1  Right
15  8   100        7174       31486      31587      186        200        1  Left 
13  0   100        7154       31487      31588      187        400        1  Right
8   14  100        7130       31588      31688      189        600        1  Left 
8   9   100        7130       31688      31788      190        300        1  Right
1   15  500        7144       31688      32189      190        1500       1  Right
13  8   500        7256       31788      32289      190        4000       1  Right
1   0   100        7163       32189      32290      192        100        1  Right
2   1   100        7155       32290      32390      194        400        1  Right
15  0   100        7189       32290      32391      194        200        1  Right
2   1   100        7155       32390      32491      195        400        1  Right
3   9   500        7281       32289      32790      192        500        1  Right
0   15  500        7210       32391      32893      196        1000       1  Right
1   2   500        7176       32491      32992      197        2000       1  Right
2   12  500        7155       32992      33492      200        3000       1  Right
1   13  500        7178       32992      33493      200        1500       1  Right
2   0   100        7221       33492      33593      201        1100       1  Left 
15  0   100        7231       33593      33693      202        200        1  Right
1   2   500        7179       33593      34093      203        2000       1  Right
6   12  500        7363       33593      34095      202        1500       1  Right
8   13  100        7225       34093      34194      204        800        1  Left 
8   13  100        7227       34194      34294      206        800        1  Right
15  1   100        7279       34194      34295      206        300        1  Right
8   10  500        7305       34294      34795      207        3000       1  Right
0   2   500        7247       34295      34796      208        2500       1  Right
7   2   100        7338       34796      34896      210        200        1  Right
0   15  500        7252       34796      35296      210        1000       1  Right
0   11  100        7277       35296      35396      212        300        1  Right
0   7   100        7300       35396      35496      213        700        1  Right
1   15  500        7305       35496      35996      214        1500       1  Right
2   7   500        7379       35496      35997      214        1000       1  Right
15  0   100        7333       35996      36097      215        200        1  Right
1   12  500        7412       35997      36098      216        5000       1  Right
0   8   500        7350       36097      36198      217        2000       1  Left 
7   8   100        7430       36198      36298      219        500        1  Right
4   8   100        7438       36298      36398      220        900        1  Right
0   15  500        7354       36198      36698      219        1000       1  Right
5   8   100        7481       36698      36798      222        300        1  Left 
0   1   500        7365       36698      37198      222        500        1  Right
12  1   100        7381       37198      37298      224        600        1  Left 
15  0   100        7388       37298      37398      225        200        1  Right
12  2   100        7458       37298      37399      225        600        1  Right
15  1   100        7390       37398      37499      226        300        1  Right
10  1   100        7399       37499      37599      228        500        1  Right
13  1   100        7489       37599      37699      229        300        1  Right
0   3   500        7399       37499      38000      228        3000       1  Left 
0   13  100        7404       38000      38100      231        400        1  Right
8   0   100        7408       38100      38200      232        400        1  Left 
6   13  500        7441       38100      38601      232        2000       1  Right
1   15  500        7417       38200      38701      233        1500       1  Right
4   3   100        7442       38601      38702      234        700        1  Right
3   0   100        7431       38702      38802      236        600        1  Left 
1   10  500        7440       38702      39203      236        2500       1  Right
8   7   500        7451       38802      39303      237        2500       1  Right
15  4   100        7453       39203      39304      238        500        1  Right
0   13  100        7473       39304      39404      240        400        1  Right
2   0   100        7474       39404      39504      241        500        1  Right
6   12  500        7463       39303      39804      239        1500       1  Right
8   4   500        7474       39504      39805      242        3500       1  Left 
2   12  500        7484       39804      40105      243        3000       1  Right
6   8   100        7483       40105      40205      245        400        1  Right
4   15  500        7494       39805      40306      244        2500       1  Right
3   14  500        7450       40306      40806      247        4000       1  Right
3   7   100        7463       40806      40906      248        300        1  Right
10  0   100        7483       40806      40907      248        600        1  Right
5   3   100        7485       40906      41007      249        500        1  Left 
10  8   100        7485       41007      41107      251        600        1  Right
0   2   500        7500       40907      41408      250        2500       1  Right
10  1   100        7492       41408      41409      253        500        1  Right
7   3   500        7486       41107      41509      252        1500       1  Right
6   3   100        7487       41509      41609      255        200        1  Right
7   3   100        7494       41609      41709      256        300        1  Right
7   1   100        7540       41709      41809      257        600        1  Right
8   0   500        7485       41408      41810      253        2000       1  Left 
2   0   100        7538       41810      41910      259        500        1  Right
13  0   100        7547       41910      42010      260        400        1  Right
2   0   100        7591       42010      42110      261        500        1  Right
8   6   500        7509       41810      42310      259        2000       1  Right
8   5   500        7512       42310      42810      263        1500       1  Left 
8   4   100        7512       42810      42910      264        700        1  Left 
8   5   100        7512       42910      43010      265        300        1  Left 
0   8   100        7544       43010      43110      266        400        1  Left 
3   4   500        7536       42910      43411      265        3500       1  Right
8   6   100        7512       43411      43511      268        400        1  Right
8   7   100        7512       43511      43611      269        500        1  Right
12  6   100        7516       43611      43711      270        300        1  Right
0   2   500        7564       43411      43912      268        2500       1  Right
3   5   500        7537       43711      44212      271        2500       1  Left 
8   13  100        7512       44212      44312      273        800        1  Right
12  5   100        7541       44312      44412      274        400        1  Left 
1   13  500        7515       44312      44812      274        1500       1  Right
3   6   500        7538       44312      44813      274        1000       1  Right
7   8   100        7548       44813      44913      277        500        1  Right
6   8   100        7550       44913      45013      278        400        1  Right
5   8   100        7552       45013      45113      279        300        1  Left 
1   10  500        7538       44812      45313      276        2500       1  Right
3   4   100        7547       45313      45413      281        700        1  Right
5   12  500        7572       45113      45614      280        2000       1  Left 
3   5   100        7547       45614      45714      283        500        1  Left 
3   6   100        7547       45714      45814      284        200        1  Right
0   13  500        7578       45413      45914      282        2000       1  Right
10  6   100        7590       45814      45915      285        200        1  Right
4   8   100        7554       45914      46015      286        700        1  Left 
4   1   100        7561       46015      46115      288        200        1  Right
13  8   100        7571       46015      46116      288        800        1  Right
5   1   100        7577       46115      46216      289        200        1  Right
4   3   100        7592       46116      46217      290        700        1  Right
0   7   100        7579       46217      46317      292        700        1  Right
5   3   100        7598       46217      46318      292        500        1  Left 
0   11  100        7603       46318      46418      294        300        1  Right
1   7   500        7586       46317      46818      293        3000       1  Right
10  1   100        7591       46818      46918      296        500        1  Right
7   8   100        7640       46818      46919      295        500        1  Right
10  0   100        7595       46918      47019      297        600        1  Right
3   7   100        7640       46919      47020      297        300        1  Right
13  0   100        7609       47020      47021      300        1200       1  Left 
8   10  100        7612       47021      47121      301        600        1  Right
1   4   500        7596       47019      47122      299        1000       1  Right
0   2   500        7617       47121      47323      302        5500       1  Left 
6   1   100        7606       47323      47423      304        700        1  Right
6   3   100        7606       47423      47523      305        200        1  Right
11  2   100        7642       47523      47623      305        800        1  Left 
1   5   500        7619       47423      47924      305        1000       1  Right
4   1   100        7639       47924      48024      307        200        1  Right
10  8   500        7674       47623      48124      306        3000       1  Right
11  8   100        7718       48124      48224      309        100        1  Left 
0   13  500        7642       48024      48525      308        2000       1  Right
7   0   100        7644       48525      48526      311        900        1  Left 
1   10  500        7634       48525      48926      311        2500       1  Right
1   6   500        7647       48926      49426      313        3500       1  Right
2   0   100        7650       49426      49526      314        500        1  Right
8   10  100        7661       49426      49527      314        600        1  Right
4   1   100        7652       49526      49627      315        200        1  Right
4   0   100        7654       49627      49727      317        300        1  Right
2   11  500        7673       49527      50028      316        4000       1  Left 
1   4   500        7670       49727      50029      318        1000       1  Right
0   2   500        7677       50028      50030      319        5500       1  Left 
0   15  100        7712       50030      50130      321        200        1  Right
1   4   500        7683       50029      50230      320        1000       1  Right
7   1   100        7653       50230      50330      323        600        1  Right
0   3   500        7723       50130      50631      321        3000       1  Left 
5   1   100        7658       50631      50632      325        200        1  Right
15  4   100        7705       50631      50633      325        1100       1  Left 
5   1   100        7671       50632      50733      326        200        1  Right
15  6   100        7706       50633      50734      327        600        1  Left 
13  1   100        7676       50733      50833      328        300        1  Right
5   0   100        7673       50733      50834      328        100        1  Right
15  6   100        7720       50734      50836      329        600        1  Left 
7   8   100        7727       50836      50936      331        500        1  Right
10  8   100        7761       50936      51036      332        600        1  Right
1   5   500        7694       50834      51335      331        1000       1  Right
1   7   500        7699       51335      51835      335        3000       1  Right
6   1   100        7702       51835      51935      336        700        1  Right
1   13  500        7703       51935      52435      337        1500       1  Right
8   7   500        7708       51935      52436      337        2500       1  Right
2   0   100        7714       52435      52536      338        500        1  Right
8   10  100        7748       52436      52537      338        600        1  Right
8   7   100        7787       52537      52637      340        500        1  Right
8   7   100        7789       52637      52737      341        500        1  Right
1   5   500        7714       52536      53037      340        1000       1  Right
6   1   100        7715       53037      53137      344        700        1  Right
6   0   100        7717       53137      53237      345        800        1  Right
8   11  500        7827       52737      53238      342        500        1  Left 
4   1   100        7729       53237      53239      345        200        1  Right
0   2   500        7740       53238      53640      346        5500       1  Left 
0   8   100        7763       53640      53740      348        400        1  Left 
12  5   100        7792       53740      53840      349        400        1  Left 
8   3   100        7828       53840      53940      350        200        1  Right
1   6   500        7743       53640      54140      348        3500       1  Right
4   15  500        7746       54140      54640      352        2500       1  Right
1   6   500        7756       54640      55140      353        3500       1  Right
13  0   100        7758       55140      55240      354        400        1  Right
7   6   100        7764       55140      55241      354        100        1  Right
1   4   500        7762       55240      55741      355        1000       1  Right
6   15  500        7771       55241      55742      356        3000       1  Left 
7   1   100        7765       55741      55842      357        600        1  Right
7   0   100        7769       55842      55942      359        700        1  Right
2   0   100        7780       55942      56042      360        500        1  Right
5   1   100        7789       56042      56142      361        200        1  Right
6   12  500        7804       55742      56243      358        1500       1  Right
15  2   100        7790       56243      56244      363        900        1  Left 
0   13  500        7789       56142      56544      362        2000       1  Right
7   8   500        7798       56244      56745      364        2500       1  Right
0   2   500        7806       56544      57045      365        2500       1  Right
3   0   100        7807       57045      57046      367        1000       1  Right
0   10  100        7816       57046      57146      368        600        1  Right
5   12  500        7823       56745      57147      366        2000       1  Left 
15  6   100        7851       57147      57247      370        600        1  Left 
0   9   100        7881       57247      57248      371        700        1  Left 
0   9   100        7905       57248      57249      372        700        1  Left 
1   7   500        7823       57146      57449      369        3000       1  Right
2   15  500        7821       57449      57949      374        3500       1  Right
4   8   100        7824       57949      58049      375        700        1  Left 
6   1   100        7824       58049      58149      376        700        1  Right
5   8   100        7872       58049      58150      376        300        1  Left 
2   1   100        7828       58149      58250      377        400        1  Right
6   10  500        7867       58149      58650      377        1000       1  Right
1   5   500        7826       58250      58751      379        1000       1  Right
8   4   500        7860       58650      59151      380        4500       1  Right
13  0   100        7836       59151      59251      382        400        1  Right
6   8   100        7917       59151      59252      382        400        1  Right
13  1   100        7838       59251      59352      383        300        1  Right
8   0   500        7899       59252      59753      384        2000       1  Left 
1   2   500        7853       59352      59853      385        2000       1  Right
8   5   500        7903       59753      60254      386        1500       1  Left 
1   13  500        7865       59853      60354      387        1500       1  Right
1   6   500        7870       60354      60854      389        3500       1  Right
12  1   100        7873       60854      60855      390        600        1  Left 
4   3   100        7892       60854      60856      390        700        1  Right
12  1   100        7873       60855      60956      391        600        1  Left 
13  4   100        7893       60856      60957      392        100        1  Right
2   1   100        7875       60956      60958      393        1200       1  Left 
10  1   100        7895       60958      61058      395        1100       1  Left 
4   13  500        7924       60957      61359      394        500        1  Right
1   12  500        7904       61058      61559      396        3000       1  Left 
1   12  500        7907       61559      62059      398        3000       1  Left 
11  1   100        7926       62059      62159      399        400        1  Right
12  2   100        7932       62059      62160      399        600        1  Right
5   3   100        7937       62160      62260      401        500        1  Left 
1   10  500        7936       62160      62660      401        2500       1  Right
0   10  100        7943       62660      62760      403        600        1  Right
8   6   500        7943       62260      62761      402        2000       1  Right
9   2   100        7948       62761      62861      405        400        1  Right
12  0   100        7951       62761      62862      405        500        1  Left 
6   3   100        7965       62861      62961      406        200        1  Right
0   8   100        7956       62862      62963      407        400        1  Left 
11  0   100        8007       62963      63063      409        300        1  Right
11  8   100        8009       63063      63163      410        100        1  Left 
1   2   500        7951       62861      63362      406        2000       1  Right
6   15  500        8010       63163      63664      411        3000       1  Left 
2   12  500        7960       63664      64164      413        3000       1  Right
1   11  500        7962       63664      64165      413        2000       1  Right
9   8   100        8040       64164      64264      414        300        1  Right
2   1   100        7968       64165      64266      415        400        1  Right
10  1   100        7975       64266      64366      417        500        1  Right
6   7   500        8026       64164      64665      414        500        1  Right
0   12  500        7987       64264      64766      416        2500       1  Left 
1   10  500        8016       64366      64867      418        2500       1  Right
0   3   500        8099       64766      65267      420        3000       1  Left 
11  1   100        8016       65267      65367      422        400        1  Right
2   9   500        7989       64867      65368      421        2000       1  Right
8   4   100        8041       65367      65468      423        700        1  Left 
8   5   100        8041       65468      65568      425        300        1  Left 
10  0   100        8059       65468      65569      425        600        1  Right
8   6   100        8041       65568      65669      426        400        1  Right
13  4   100        8145       65569      65669      426        100        1  Right
15  1   100        8043       65569      65670      427        300        1  Right
8   7   100        8041       65669      65770      428        500        1  Right
1   11  500        8052       65670      66171      429        2000       1  Right
7   1   100        8049       66171      66271      431        600        1  Right
11  6   100        8087       66171      66272      431        500        1  Left 
7   8   100        8058       66272      66372      433        500        1  Right
6   8   100        8060       66372      66472      434        400        1  Right
8   11  100        8100       66472      66572      435        100        1  Left 
13  6   100        8146       66472      66573      434        400        1  Right
8   11  100        8101       66572      66673      436        100        1  Left 
13  6   100        8180       66573      66674      436        400        1  Right
1   15  500        8069       66271      66772      432        1500       1  Right
11  1   100        8088       66772      66872      440        400        1  Right
11  0   100        8092       66872      66873      441        300        1  Right
8   9   500        8160       66673      67076      437        1500       1  Right
5   8   100        8062       67076      67176      443        300        1  Left 
1   7   500        8095       66872      67275      441        3000       1  Right
3   0   100        8128       67176      67277      443        600        1  Left 
7   1   100        8139       67275      67376      444        600        1  Right
4   8   100        8064       67376      67476      447        700        1  Left 
0   10  500        8105       67476      67976      448        3000       1  Right
11  8   500        8121       67476      67977      448        500        1  Left 
15  2   100        8107       67976      68077      449        700        1  Right
0   7   100        8118       68077      68177      451        700        1  Right
3   8   500        8140       67977      68478      449        1000       1  Right
1   11  500        8126       68177      68678      451        2000       1  Right
3   4   500        8175       68478      68979      452        3500       1  Right
2   15  500        8138       68979      69479      454        3500       1  Right
10  0   100        8158       69479      69579      455        600        1  Right
0   13  100        8159       69579      69679      456        400        1  Right
6   15  500        8153       69479      69979      455        3000       1  Left 
15  2   100        8170       69979      70079      458        900        1  Left 
4   13  500        8176       69679      70180      457        500        1  Right
13  2   100        8210       70180      70280      460        100        1  Right
1   7   500        8185       70079      70580      459        5000       1  Left 
8   0   100        8196       70580      70680      462        400        1  Left 
12  0   100        8204       70680      70780      463        500        1  Left 
1   2   500        8213       70580      70781      462        2000       1  Right
14  2   100        8228       70781      70782      463        300        1  Right
0   10  500        8204       70780      70882      464        5000       1  Left 
2   15  500        8201       70882      71382      467        3500       1  Right
0   14  100        8207       71382      71482      468        200        1  Right
3   5   500        8224       71382      71882      466        2500       1  Left 
6   13  500        8221       71382      71883      468        2000       1  Right
1   3   100        8215       71882      71983      470        700        1  Left 
1   8   100        8219       71983      72083      472        500        1  Left 
15  6   100        8230       72083      72183      471        600        1  Left 
7   0   100        8233       72183      72283      472        900        1  Left 
2   13  500        8231       71883      72384      469        500        1  Right
9   1   100        8249       72384      72385      474        800        1  Right
10  1   100        8250       72385      72485      475        500        1  Right
2   3   100        8250       72485      72585      476        500        1  Right
0   12  500        8240       72283      72685      473        2500       1  Left 
13  6   100        8251       72585      72686      477        400        1  Right
15  5   100        8255       72685      72786      478        100        1  Right
0   7   100        8252       72686      72787      479        700        1  Right
0   1   100        8260       72787      72887      481        100        1  Right
0   1   100        8260       72887      72987      482        100        1  Right
3   6   500        8259       72686      73187      479        1000       1  Right
5   15  500        8301       72786      73188      480        500        1  Right
15  5   100        8506       73188      73189      484        100        1  Right
0   7   500        8284       72987      73290      483        3500       1  Right
6   11  500        8369       73187      73490      483        2500       1  Left 
12  0   100        8290       73490      73590      488        500        1  Left 
1   10  500        8291       73290      73791      487        2500       1  Right
0   12  500        8326       73590      73792      488        2500       1  Left 
1   9   500        8295       73791      73993      490        4000       1  Right
2   8   100        8254       73993      74093      492        700        1  Right
2   14  500        8254       74093      74593      493        1500       1  Right
8   1   500        8290       74093      74594      493        2500       1  Left 
6   13  500        8440       74593      75094      493        2000       1  Right
8   0   500        8290       74594      75095      495        2000       1  Left 
2   1   100        8363       75094      75096      495        400        1  Right
7   0   100        8335       75095      75097      496        900        1  Left 
14  8   100        8301       75097      75197      499        600        1  Left 
8   2   500        8311       75197      75697      500        3500       1  Right
10  0   100        8343       75697      75797      500        600        1  Right
6   15  500        8532       75697      76198      500        3000       1  Left 
1   2   500        8384       75797      76298      501        2000       1  Right
9   0   100        8359       76198      76299      502        700        1  Left 
8   14  500        8347       76299      76799      504        3000       1  Left 
9   8   100        8361       76799      76899      505        300        1  Right
5   15  500        8552       76799      77299      505        500        1  Right
0   7   500        8386       76799      77300      505        3500       1  Right
12  0   100        8363       77300      77301      508        500        1  Left 
9   1   100        8368       77300      77302      508        800        1  Right
8   1   100        8386       77302      77402      510        500        1  Left 
9   6   100        8461       77302      77403      510        100        1  Right
8   2   100        8386       77402      77503      511        900        1  Left 
8   14  100        8386       77503      77603      513        600        1  Left 
8   11  100        8386       77603      77703      514        100        1  Left 
0   10  500        8389       77603      78104      514        3000       1  Right
0   12  500        8399       78104      78105      516        2500       1  Left 
1   9   500        8414       78104      78106      516        4000       1  Right
0   3   500        8423       78105      78606      517        3000       1  Left 
11  1   100        8402       78606      78706      519        400        1  Right
8   9   100        8492       78606      78707      519        300        1  Right
0   11  100        8424       78706      78806      520        300        1  Right
2   1   100        8406       78706      78807      520        400        1  Right
8   9   100        8493       78707      78809      521        300        1  Right
7   1   100        8440       78807      78908      523        600        1  Right
11  8   100        8414       78809      78910      524        100        1  Left 
10  0   100        8452       78908      79009      525        600        1  Right
1   8   100        8424       79009      79109      527        500        1  Left 
2   8   100        8425       79109      79209      528        700        1  Right
12  0   100        8461       79209      79309      529        500        1  Left 
1   2   500        8427       79209      79709      529        2000       1  Right
10  1   100        8454       79709      79809      531        500        1  Right
0   12  500        8497       79309      79810      530        2500       1  Left 
9   1   100        8462       79809      79910      532        800        1  Right
14  8   100        8428       79910      80010      534        600        1  Left 
14  8   100        8435       80010      80110      535        600        1  Left 
2   3   500        8526       79910      80411      534        2500       1  Right
1   11  500        8440       80110      80412      536        2000       1  Right
8   14  500        8532       80411      80713      537        5000       1  Right
13  1   100        8463       80713      80813      539        300        1  Right
9   0   100        8466       80713      80814      539        700        1  Left 
1   13  500        8489       80813      81314      540        1500       1  Right
9   8   500        8503       80814      81315      541        1500       1  Right
1   7   500        8495       81314      81815      542        3000       1  Right
0   8   500        8513       81315      81816      543        2000       1  Left 
3   1   100        8466       81815      81916      544        900        1  Right
0   5   100        8514       81816      81917      545        100        1  Right
11  1   100        8495       81916      82017      546        1200       1  Left 
12  0   100        8531       82017      82117      548        500        1  Left 
1   10  500        8498       82017      82517      548        2500       1  Right
0   12  500        8567       82117      82618      549        2500       1  Left 
3   2   500        8507       82517      83018      550        2500       1  Right
1   9   500        8510       83018      83518      552        4000       1  Right
3   2   100        8517       83518      83618      553        500        1  Right
13  2   100        8527       83618      83718      554        100        1  Right
1   11  500        8531       83518      84019      553        2000       1  Right
2   13  500        8548       83718      84219      555        500        1  Right
1   0   500        8543       84019      84520      556        500        1  Right
6   13  500        8554       84219      84720      557        2000       1  Right
13  2   100        8570       84720      84820      559        100        1  Right
5   2   100        8578       84820      84920      560        1000       1  Left 
10  4   100        8587       84920      85020      561        300        1  Right
1   0   500        8556       84520      85021      558        500        1  Right
3   1   100        8557       85021      85121      563        700        1  Left 
7   0   100        8561       85121      85221      564        900        1  Left 
0   11  100        8567       85221      85321      565        300        1  Right
11  0   100        8607       85321      85421      566        300        1  Right
2   13  500        8591       85020      85521      562        500        1  Right
12  0   100        8612       85421      85521      567        500        1  Left 
1   14  500        8612       85121      85623      564        500        1  Right
2   5   500        8609       85521      86022      568        5000       1  Left 
8   1   100        8583       86022      86122      570        500        1  Left 
13  6   100        8610       86022      86123      570        400        1  Right
0   8   100        8614       86122      86222      571        400        1  Left 
14  1   100        8591       86122      86223      571        100        1  Right
4   10  500        8613       86123      86625      572        1500       1  Right
0   7   500        8618       86222      86723      573        4500       1  Left 
0   1   100        8621       86723      86823      576        100        1  Right
13  5   100        8635       86723      86824      576        1100       1  Left 
14  0   100        8635       86823      86924      577        200        1  Right
8   9   100        8684       86824      86925      578        300        1  Right
15  1   100        8622       86924      87025      579        300        1  Right
15  1   100        8622       87025      87125      581        300        1  Right
1   8   500        8634       87125      87625      582        2500       1  Left 
14  8   100        8637       87625      87725      583        600        1  Left 
14  1   100        8644       87725      87825      584        100        1  Right
14  6   100        8693       87825      87925      585        600        1  Right
0   12  500        8648       87725      88226      584        2500       1  Left 
1   15  500        8648       88226      88726      587        1500       1  Right
0   11  500        8651       88726      89226      588        1500       1  Right
1   15  500        8651       89226      89726      589        1500       1  Right
5   8   100        8654       89726      89826      590        300        1  Left 
15  2   100        8671       89826      89926      591        900        1  Left 
1   14  500        8665       89726      90227      590        500        1  Right
5   13  500        8671       89926      90427      592        5500       1  Left 
7   0   100        8675       90427      90527      594        700        1  Right
9   8   100        8692       90427      90528      594        300        1  Right
15  0   100        8690       90527      90627      595        200        1  Right
7   1   100        8677       90527      90628      595        600        1  Right
14  1   100        8694       90628      90728      598        100        1  Right
14  0   100        8698       90728      90828      599        200        1  Right
2   15  500        8702       90628      91129      598        4500       1  Left 
11  0   100        8700       91129      91130      601        300        1  Right
8   14  100        8713       91129      91131      601        1000       1  Right
8   14  100        8715       91131      91231      603        1000       1  Right
7   4   100        8783       91231      91331      604        400        1  Right
0   15  500        8711       91130      91631      602        1000       1  Right
12  0   100        8724       91631      91731      606        500        1  Left 
1   14  500        8717       91231      91732      604        500        1  Right
0   9   100        8726       91731      91733      607        700        1  Left 
1   7   500        8735       91732      92134      608        3000       1  Right
0   11  500        8741       91733      92233      609        1500       1  Right
6   9   500        8733       91733      92234      609        500        1  Right
4   7   500        8814       92134      92636      610        2000       1  Right
14  8   500        8749       92233      92734      611        3000       1  Left 
1   3   500        8751       92734      93234      614        3500       1  Left 
9   1   100        8756       93234      93235      615        800        1  Right
0   12  500        8760       93234      93236      615        2500       1  Left 
1   9   500        8802       93235      93336      616        4000       1  Right
3   15  100        8785       93236      93337      617        400        1  Left 
0   10  100        8798       93336      93437      618        600        1  Right
12  0   100        8795       93437      93438      620        1100       1  Right
0   4   100        8816       93438      93538      621        300        1  Right
8   5   500        8803       93337      93539      619        1500       1  Left 
0   12  500        8831       93538      93839      620        5500       1  Right
11  1   100        8782       93839      93939      624        400        1  Right
10  4   100        8839       93839      93940      622        300        1  Right
10  6   100        8840       93940      94040      624        200        1  Right
10  6   100        8849       94040      94140      625        200        1  Right
1   11  500        8818       93939      94440      625        2000       1  Right
2   4   500        8902       93940      94442      624        1000       1  Right
9   1   100        8854       94440      94541      627        800        1  Left 
11  0   100        8861       94541      94641      629        300        1  Right
12  1   100        8865       94641      94741      630        600        1  Left 
0   9   100        8869       94741      94841      631        700        1  Left 
1   3   100        8896       94841      94941      632        700        1  Left 
4   10  500        8865       94442      94943      628        1500       1  Right
5   1   100        8902       94941      95042      633        200        1  Right
4   2   100        8866       94943      95043      634        200        1  Right
6   10  500        8875       94943      95443      634        1000       1  Right
1   9   500        8902       95042      95542      635        4000       1  Left 
10  2   100        8894       95443      95544      637        100        1  Right
13  5   100        8886       95542      95643      638        500        1  Right
2   10  500        8930       95544      96045      639        500        1  Right
0   11  500        8904       95643      96144      640        1500       1  Right
3   1   100        8909       96144      96244      642        700        1  Left 
6   13  500        8904       96045      96546      641        2000       1  Right
1   0   500        8910       96244      96745      643        500        1  Right
5   13  500        8922       96546      97047      644        5500       1  Left 
10  6   100        8971       97047      97147      646        200        1  Right
1   12  500        8935       97047      97547      646        3000       1  Left 
6   14  500        8997       97147      97648      647        3000       1  Right
4   8   100        8939       97648      97748      649        900        1  Right
1   5   500        8938       97547      98048      648        1000       1  Right
6   10  500        9119       97748      98249      650        1000       1  Right
1   13  500        9006       98048      98548      651        1500       1  Right
8   0   500        8941       98048      98549      651        2000       1  Left 
15  0   100        8943       98549      98649      654        200        1  Right
9   0   100        8957       98649      98749      655        700        1  Left 
11  0   100        8962       98749      98849      656        300        1  Right
1   13  500        9012       98548      99049      653        1500       1  Right
11  1   100        8964       99049      99050      658        1200       1  Left 
0   15  500        8964       98849      99251      657        1000       1  Right
5   0   100        8991       99251      99351      660        100        1  Right
15  0   100        8997       99351      99451      661        200        1  Right
8   4   500        8975       99050      99452      659        4500       1  Right
8   4   100        9025       99452      99453      663        900        1  Right
8   14  100        9025       99453      99454      664        1000       1  Right
7   4   100        9035       99454      99554      665        400        1  Right
7   6   100        9036       99554      99654      666        100        1  Right
1   11  500        9018       99451      99655      662        2000       1  Right
12  15  100        8975       99655      99755      668        300        1  Left 
2   13  500        9050       99554      100056     666        500        1  Right
11  4   100        9069       100056     100156     670        1000       1  Left 
1   5   500        9036       99655      100157     668        1000       1  Right
13  1   100        8977       100157     100257     672        300        1  Right
5   8   100        8993       100157     100258     672        300        1  Left 
13  1   100        8977       100257     100358     673        300        1  Right
15  0   100        9040       100258     100359     674        200        1  Right
13  2   100        9029       100358     100459     675        100        1  Right
0   1   100        8997       100359     100460     676        100        1  Right
7   2   100        9102       100459     100559     677        200        1  Right
5   1   100        9000       100460     100561     678        200        1  Right
14  1   100        9048       100561     100661     680        100        1  Right
13  0   100        9048       100661     100761     681        400        1  Right
15  3   500        9082       100359     100762     676        2000       1  Left 
5   6   100        9097       100761     100764     682        900        1  Right
0   8   100        9009       100764     100864     684        400        1  Left 
3   6   100        9117       100764     100865     684        200        1  Right
4   8   100        9048       100865     100965     686        900        1  Right
4   8   100        9053       100965     101065     687        900        1  Right
14  8   100        9061       101065     101165     688        1000       1  Right
0   15  500        9018       100864     101365     685        1000       1  Right
4   7   500        9066       101165     101666     689        2000       1  Right
0   9   500        9020       101365     101866     690        3500       1  Left 
0   14  100        9028       101866     101966     692        200        1  Right
4   11  500        9090       101866     101967     692        5000       1  Left 
1   14  500        9069       101966     102066     693        500        1  Right
0   15  500        9061       101966     102067     693        1000       1  Right
8   5   100        9107       102067     102167     696        300        1  Left 
8   5   100        9109       102167     102267     697        300        1  Left 
0   13  500        9079       102067     102567     696        2000       1  Right
15  0   100        9083       102567     102667     699        200        1  Right
5   1   100        9098       102667     102767     700        200        1  Right
8   4   500        9168       102567     103068     699        4500       1  Right
10  1   100        9147       103068     103168     702        500        1  Right
0   15  500        9114       102767     103268     701        1000       1  Right
9   0   100        9088       103268     103368     704        700        1  Left 
14  0   100        9096       103368     103468     705        200        1  Right
5   0   100        9102       103468     103568     706        100        1  Right
0   7   100        9114       103568     103668     707        700        1  Right
15  12  500        9116       103368     103869     705        1500       1  Left 
3   15  100        9121       103869     103969     709        400        1  Left 
2   7   500        9145       103668     104168     708        1000       1  Right
0   14  500        9122       103668     104169     708        1000       1  Right
5   8   500        9128       103969     104471     710        1500       1  Left 
6   7   500        9184       104168     104669     711        500        1  Right
6   2   100        9186       104669     104769     714        300        1  Right
10  2   100        9241       104769     104869     715        100        1  Right
1   5   500        9136       104471     104972     713        1000       1  Right
0   6   100        9122       104972     105072     717        800        1  Right
0   9   500        9139       105072     105572     718        3500       1  Left 
1   10  500        9188       105072     105573     718        2500       1  Right
12  6   100        9146       105572     105672     719        300        1  Right
15  0   100        9140       105572     105673     719        200        1  Right
7   6   100        9163       105672     105773     721        100        1  Right
14  0   100        9154       105673     105774     722        200        1  Right
7   6   100        9192       105773     105874     723        100        1  Right
14  1   100        9206       105774     105874     724        100        1  Right
9   1   100        9207       105874     105974     725        800        1  Right
4   1   100        9217       105974     106074     726        200        1  Right
0   15  500        9161       105774     106275     724        1000       1  Right
2   6   500        9232       105974     106476     726        1500       1  Right
0   14  500        9180       106275     106776     728        1000       1  Right
0   14  100        9180       106776     106876     730        200        1  Right
15  0   100        9182       106876     106976     731        200        1  Right
6   10  500        9248       106476     106977     729        1000       1  Right
6   8   100        9278       106977     107077     733        400        1  Right
1   14  500        9227       106876     107378     731        500        1  Right
0   15  500        9203       106976     107477     732        1000       1  Right
2   10  500        9277       106977     107478     733        500        1  Right
15  1   100        9220       107477     107577     736        300        1  Right
8   6   500        9304       107077     107578     734        2000       1  Right
14  0   100        9250       107577     107678     738        200        1  Right
12  15  100        9228       107578     107679     739        300        1  Left 
6   7   500        9310       107578     108079     739        500        1  Right
0   14  500        9276       107678     108179     740        1000       1  Right
1   15  500        9246       108179     108679     743        1500       1  Right
1   4   500        9248       108679     108680     744        1000       1  Right
0   13  500        9332       108679     108681     742        6000       1  Left 
0   5   100        9332       108681     108781     744        100        1  Right
8   5   100        9333       108781     108881     745        300        1  Left 
1   9   500        9253       108681     109181     746        4000       1  Right
15  1   100        9273       109181     109182     749        300        1  Right
11  4   100        9321       109181     109183     749        1000       1  Left 
4   0   100        9290       109183     109283     751        300        1  Right
11  6   100        9322       109183     109284     751        500        1  Left 
4   8   100        9292       109284     109384     753        900        1  Right
10  6   100        9329       109384     109484     752        200        1  Right
8   6   100        9333       109484     109584     753        400        1  Right
6   8   100        9349       109584     109684     754        400        1  Right
1   0   500        9291       109283     109784     752        500        1  Right
6   8   100        9350       109684     109785     755        400        1  Right
4   1   100        9299       109784     109786     758        200        1  Right
13  0   100        9301       109785     109787     759        1200       1  Left 
1   15  500        9299       109787     109788     761        1500       1  Right
4   11  500        9342       109787     109789     759        5000       1  Left 
14  0   100        9308       109788     109889     762        200        1  Right
4   6   100        9361       109789     109889     761        500        1  Right
5   8   100        9351       109789     109890     761        300        1  Left 
14  1   100        9310       109889     109990     764        100        1  Right
9   0   100        9316       109890     109991     765        700        1  Left 
1   4   500        9331       109990     110491     764        1000       1  Right
8   0   500        9343       109991     110492     765        2000       1  Left 
10  5   100        9354       110492     110592     767        900        1  Left 
11  2   100        9366       110592     110692     768        800        1  Left 
1   14  500        9332       110491     110992     766        500        1  Right
14  4   100        9365       110992     111092     770        100        1  Right
0   9   500        9367       110692     111193     769        3500       1  Left 
15  1   100        9324       111193     111293     773        300        1  Right
8   4   100        9382       111193     111294     772        900        1  Right
8   4   100        9384       111294     111394     774        900        1  Right
1   15  500        9350       111293     111794     773        1500       1  Right
7   1   100        9355       111794     111795     776        600        1  Right
4   1   100        9362       111795     111895     777        200        1  Right
4   0   100        9366       111895     111995     778        300        1  Right
13  0   100        9380       111995     112095     779        400        1  Right
6   5   500        9369       111794     112196     776        3500       1  Left 
1   4   500        9395       112095     112596     780        1000       1  Right
5   10  500        9375       112196     112697     781        4500       1  Left 
15  3   100        9389       112697     112797     783        400        1  Left 
5   1   100        9392       112697     112798     783        200        1  Right
15  8   100        9393       112797     112898     784        200        1  Left 
0   1   100        9397       112798     112899     785        100        1  Right
15  3   100        9394       112898     112999     787        400        1  Left 
