
98
C:/Users/nxconrad/Desktop/REU 2.0/Benchmark Data/16-core/7/flow_freqmine100#2.txt
810
[3, 8, 12, 0, 7, 10, 1, 15, 5, 14, 4, 2, 6, 11, 13, 9]
10  1   100        6420       6422       6522       0          100        1  Right
10  0   100        6422       6522       6622       1          200        1  Right
2   15  500        6428       6522       7023       0          2000       1  Right
0   3   500        6423       6622       7123       1          1500       1  Right
12  0   100        6439       7123       7223       3          100        1  Right
6   2   500        6435       7023       7524       2          500        1  Right
2   6   100        6460       7524       7624       5          100        1  Right
1   11  500        6440       7223       7724       4          4500       1  Left 
3   0   100        6455       7724       7824       7          300        1  Right
1   5   500        6460       7724       8225       7          1000       1  Right
3   13  500        6537       7824       8324       7          1000       1  Left 
0   12  500        6475       7824       8325       8          500        1  Right
15  8   100        6469       8324       8326       10         1000       1  Left 
12  0   100        6513       8325       8327       11         100        1  Right
1   10  500        6461       8225       8628       9          500        1  Right
8   15  500        6520       8326       8827       12         5000       1  Left 
1   5   100        6468       8827       8927       15         200        1  Right
0   9   100        6526       8827       8928       14         400        1  Left 
11  1   100        6477       8927       9028       16         700        1  Right
0   7   100        6527       8928       9029       16         100        1  Right
3   9   500        6600       8928       9429       16         500        1  Left 
6   1   500        6485       9028       9529       18         3000       1  Right
11  3   100        6551       9429       9529       19         300        1  Left 
0   12  500        6549       9029       9530       18         500        1  Right
9   3   100        6564       9529       9629       20         100        1  Left 
10  1   100        6513       9529       9630       21         100        1  Right
7   8   100        6567       9530       9632       21         300        1  Right
1   11  500        6513       9630       10131      24         3500       1  Right
0   8   500        6588       9632       10133      24         1000       1  Right
5   1   500        6529       10131      10632      25         1000       1  Right
8   7   500        6588       10133      10634      26         1500       1  Right
1   10  500        6554       10632      11133      27         500        1  Right
2   0   500        6614       10634      11135      28         4000       1  Left 
10  8   100        6595       11135      11235      30         400        1  Right
1   2   100        6612       11135      11236      30         500        1  Right
8   10  500        6621       11235      11736      30         2000       1  Right
6   2   500        6677       11236      11737      31         500        1  Right
12  1   100        6596       11736      11837      33         400        1  Right
7   1   100        6613       11837      11937      35         200        1  Right
1   0   100        6617       11937      12037      36         300        1  Right
1   12  500        6627       12037      12537      36         2000       1  Right
10  3   100        6643       12537      12637      37         500        1  Right
8   0   100        6648       12637      12737      38         200        1  Right
12  0   100        6660       12737      12837      39         100        1  Right
2   1   500        6633       12537      13037      37         2500       1  Right
0   1   500        6638       13037      13537      41         1500       1  Right
15  1   100        6639       13537      13637      42         100        1  Right
0   6   100        6672       13537      13638      42         700        1  Left 
1   7   500        6664       13637      14138      43         1000       1  Right
0   12  500        6696       13638      14139      44         500        1  Right
9   1   100        6640       14138      14239      45         900        1  Right
0   13  100        6696       14239      14339      47         500        1  Left 
1   15  500        6665       14239      14739      47         500        1  Right
0   3   500        6752       14339      14840      48         1500       1  Right
1   9   500        6687       14739      15240      49         4500       1  Right
2   1   100        6692       15240      15340      51         500        1  Right
15  0   100        6703       15340      15440      52         400        1  Right
15  8   100        6705       15440      15540      53         600        1  Right
2   13  500        6746       15340      15841      52         1500       1  Right
6   1   100        6705       15841      15941      55         600        1  Right
8   0   500        6709       15540      16041      54         1000       1  Right
15  1   100        6712       15941      16042      56         100        1  Right
7   0   100        6710       16041      16142      57         100        1  Right
8   7   100        6757       16142      16242      59         300        1  Right
8   13  100        6757       16242      16342      60         300        1  Left 
8   12  100        6757       16342      16442      61         100        1  Right
8   11  100        6757       16442      16542      62         400        1  Left 
1   2   500        6713       16042      16543      58         2500       1  Right
8   10  100        6757       16542      16643      63         400        1  Right
13  2   100        6725       16543      16644      64         300        1  Right
8   9   100        6757       16643      16743      65         200        1  Left 
0   8   100        6761       16743      16843      67         200        1  Right
1   15  500        6738       16543      17044      64         500        1  Right
7   1   100        6721       17044      17144      69         200        1  Right
6   2   500        6747       16644      17146      66         500        1  Right
7   0   100        6723       17144      17245      70         100        1  Right
9   0   100        6733       17245      17345      72         400        1  Left 
12  0   100        6738       17345      17445      73         100        1  Right
7   8   100        6765       17445      17545      74         300        1  Right
1   6   500        6746       17146      17647      71         3000       1  Right
12  1   100        6740       17647      17747      76         400        1  Right
15  6   100        6763       17647      17748      76         500        1  Right
9   1   100        6744       17747      17848      77         700        1  Left 
2   6   100        6790       17748      17849      78         100        1  Right
15  1   100        6764       17848      17948      79         100        1  Right
9   0   100        6746       17848      17949      79         400        1  Left 
2   5   100        6815       17849      17951      80         300        1  Right
9   8   100        6780       17949      18049      82         200        1  Left 
1   7   500        6767       17948      18449      81         1000       1  Right
5   2   500        6846       17951      18453      83         1500       1  Right
15  0   100        6768       18449      18550      85         400        1  Right
1   12  500        6774       18550      19050      87         2000       1  Right
10  8   100        6782       19050      19051      88         400        1  Right
3   0   100        6786       19051      19151      89         300        1  Right
1   9   500        6790       19050      19452      88         4500       1  Right
11  8   100        6784       19452      19552      91         400        1  Left 
12  8   100        6786       19552      19652      92         100        1  Right
1   15  500        6792       19452      19953      91         500        1  Right
7   1   100        6818       19953      20053      94         200        1  Right
3   11  500        6838       19552      20054      92         1500       1  Left 
12  4   100        6821       20053      20154      95         800        1  Right
13  8   100        6788       20054      20155      96         300        1  Left 
13  8   100        6796       20155      20255      98         300        1  Left 
4   12  500        6847       20154      20655      97         4000       1  Right
8   15  100        6829       20655      20755      100        600        1  Right
8   15  100        6837       20755      20855      101        600        1  Right
9   1   100        6846       20855      20955      102        700        1  Left 
1   7   500        6864       20955      21455      103        1000       1  Right
15  8   500        6875       20955      21456      103        5000       1  Left 
1   0   100        6870       21455      21556      104        300        1  Right
14  8   100        6908       21456      21557      105        800        1  Left 
14  3   100        6912       21557      21657      107        700        1  Left 
0   1   500        6896       21556      22057      106        1500       1  Right
8   13  500        6934       21657      22158      108        1500       1  Left 
0   1   500        6950       22057      22558      109        1500       1  Right
1   9   500        6892       22558      23058      111        3500       1  Left 
7   8   100        6910       23058      23059      112        300        1  Right
3   10  500        6935       23058      23060      112        5500       1  Left 
8   7   500        6935       23059      23160      113        1500       1  Right
1   0   100        6929       23160      23260      115        300        1  Right
1   0   100        6972       23260      23360      116        300        1  Right
1   0   100        7014       23360      23460      117        300        1  Right
3   14  500        6943       23060      23561      114        3500       1  Left 
9   8   100        6938       23561      23661      119        200        1  Left 
10  2   100        7037       23561      23662      118        600        1  Right
7   3   100        6962       23661      23762      120        400        1  Right
9   3   100        6984       23762      23862      122        100        1  Left 
3   4   100        6998       23862      23863      123        600        1  Left 
8   14  500        6954       23762      24163      122        4000       1  Right
8   9   500        6959       24163      24663      125        1000       1  Left 
1   14  500        7027       24163      24664      124        1500       1  Right
3   5   100        6998       24664      24764      127        800        1  Left 
3   6   100        6998       24764      24864      128        400        1  Left 
2   5   100        7066       24764      24865      127        300        1  Right
3   7   100        7054       24865      24866      129        1200       1  Left 
0   8   500        6971       24663      25065      126        1000       1  Right
0   10  100        6974       25065      25165      132        200        1  Right
1   13  500        7058       24866      25367      130        4000       1  Right
4   8   100        6975       25367      25467      134        700        1  Left 
4   3   100        7008       25467      25567      135        600        1  Left 
0   1   500        6993       25367      25868      134        1500       1  Right
0   10  100        6998       25868      25869      137        200        1  Right
14  1   100        7006       25868      25870      137        300        1  Right
8   4   500        7011       25567      25969      136        3500       1  Left 
0   15  100        7011       25870      25971      139        400        1  Right
5   3   100        7015       25969      26070      140        800        1  Left 
8   0   100        7028       25971      26072      140        200        1  Right
6   3   100        7023       26070      26171      141        400        1  Left 
0   12  100        7067       26072      26172      142        100        1  Right
12  4   100        7073       26172      26272      144        800        1  Left 
1   14  500        7069       26070      26273      141        1500       1  Right
2   10  500        7073       26272      26274      145        5000       1  Left 
12  6   100        7074       26274      26374      147        600        1  Left 
1   14  500        7082       26273      26573      146        1500       1  Right
13  1   100        7032       26573      26673      149        800        1  Right
14  1   100        7048       26673      26773      150        300        1  Right
14  1   100        7061       26773      26873      151        300        1  Right
0   3   500        7078       26374      26875      148        1500       1  Right
6   15  500        7065       26873      27374      152        2500       1  Right
14  0   100        7063       27374      27474      154        600        1  Right
13  0   100        7086       27474      27574      155        500        1  Left 
0   15  100        7086       27574      27674      156        400        1  Right
13  8   100        7088       27574      27675      156        300        1  Left 
6   2   500        7077       27374      27875      154        500        1  Right
12  6   100        7097       27875      27876      159        600        1  Left 
0   1   500        7093       27674      28077      157        1500       1  Right
13  1   100        7095       28077      28177      161        800        1  Left 
15  1   100        7100       28177      28277      162        100        1  Right
5   2   500        7097       27875      28278      159        1500       1  Right
13  6   100        7149       28177      28278      161        200        1  Right
14  1   100        7104       28278      28378      164        300        1  Right
15  1   100        7118       28378      28478      165        100        1  Right
14  3   100        7158       28378      28479      164        700        1  Left 
8   0   500        7098       28177      28678      162        1000       1  Right
4   12  500        7099       28678      29178      168        4000       1  Right
3   0   100        7107       29178      29278      169        300        1  Right
10  8   100        7119       29278      29378      170        400        1  Right
1   0   100        7121       29378      29478      171        300        1  Right
12  2   100        7128       29378      29479      170        700        1  Left 
8   4   100        7130       29479      29579      172        700        1  Left 
0   1   500        7142       29478      29979      171        1500       1  Right
6   12  500        7133       29579      30080      173        3000       1  Left 
8   7   100        7130       30080      30180      175        300        1  Right
7   8   100        7141       30180      30280      176        300        1  Right
9   8   100        7150       30280      30380      177        200        1  Left 
1   13  500        7121       30080      30580      176        4000       1  Right
4   8   100        7153       30580      30680      179        700        1  Left 
0   8   100        7155       30680      30780      180        200        1  Right
12  6   100        7186       30780      30880      181        600        1  Left 
1   14  500        7125       30580      31080      179        1500       1  Right
14  8   100        7172       31080      31180      183        800        1  Left 
1   15  500        7127       31080      31580      183        500        1  Right
8   15  100        7130       31580      31680      185        600        1  Right
8   14  100        7130       31680      31780      186        800        1  Right
8   9   100        7130       31780      31880      187        200        1  Left 
1   15  500        7144       31780      32281      187        500        1  Right
3   9   500        7281       31880      32381      187        500        1  Left 
13  1   100        7150       32281      32382      189        800        1  Right
13  0   100        7154       32382      32482      191        500        1  Left 
2   1   100        7155       32382      32483      191        500        1  Right
2   1   100        7155       32483      32583      193        500        1  Right
1   0   100        7163       32583      32683      194        300        1  Right
2   12  500        7155       32583      33083      194        3500       1  Left 
0   15  500        7210       32683      33184      195        2000       1  Right
6   12  500        7363       33083      33584      195        3000       1  Left 
1   2   500        7176       33184      33685      197        2500       1  Right
15  8   100        7174       33685      33785      199        600        1  Right
1   13  500        7178       33785      34285      200        4000       1  Right
8   13  100        7225       34285      34385      200        300        1  Left 
8   13  100        7227       34385      34485      201        300        1  Left 
1   2   500        7179       34285      34785      201        2500       1  Right
15  0   100        7189       34785      34885      204        400        1  Right
2   0   100        7221       34885      34985      205        800        1  Right
13  8   500        7256       34485      34986      202        1500       1  Left 
15  0   100        7231       34985      35086      205        400        1  Right
0   2   500        7247       35086      35586      207        4000       1  Right
0   15  500        7252       35586      36086      208        2000       1  Right
0   11  100        7277       36086      36186      209        600        1  Left 
15  1   100        7279       36086      36187      209        100        1  Right
0   7   100        7300       36186      36287      210        100        1  Right
1   15  500        7305       36187      36688      211        500        1  Right
8   10  500        7305       36287      36788      212        2000       1  Right
15  0   100        7333       36788      36888      214        400        1  Right
7   2   100        7338       36888      36988      215        700        1  Right
0   8   500        7350       36888      37389      215        1000       1  Right
2   7   500        7379       36988      37489      216        3500       1  Right
0   15  500        7354       37489      37989      218        2000       1  Right
0   1   500        7365       37989      38489      219        1500       1  Right
12  1   100        7381       38489      38589      220        400        1  Right
15  0   100        7388       38589      38689      221        400        1  Right
12  2   100        7458       38589      38690      221        700        1  Left 
15  1   100        7390       38689      38790      222        100        1  Right
10  1   100        7399       38790      38890      224        100        1  Right
15  4   100        7453       38790      38891      224        300        1  Right
13  1   100        7489       38891      38991      226        800        1  Right
0   3   500        7399       38690      39191      223        1500       1  Right
0   13  100        7404       39191      39291      228        500        1  Left 
8   0   100        7408       39291      39391      229        200        1  Right
6   13  500        7441       39291      39792      229        1000       1  Right
1   12  500        7412       39391      39892      230        2000       1  Right
7   8   100        7430       39892      39992      232        300        1  Right
3   0   100        7431       39992      40092      233        300        1  Right
4   8   100        7438       40092      40192      234        700        1  Left 
4   3   100        7442       40192      40292      235        600        1  Left 
1   15  500        7417       39892      40392      232        500        1  Right
8   7   500        7451       40192      40694      235        1500       1  Right
3   14  500        7450       40292      40793      236        3500       1  Left 
1   10  500        7440       40392      40893      237        500        1  Right
3   7   100        7463       40793      40894      239        400        1  Right
4   15  500        7494       40793      41294      239        1500       1  Right
2   0   100        7474       41294      41295      242        800        1  Right
6   12  500        7463       40894      41296      241        3000       1  Left 
10  0   100        7483       41295      41396      243        200        1  Right
8   4   500        7474       41296      41797      244        3500       1  Left 
0   13  100        7473       41797      41897      246        500        1  Left 
5   8   100        7481       41897      41997      247        700        1  Right
6   8   100        7483       41997      41998      248        500        1  Left 
2   12  500        7484       41997      42399      248        4500       1  Right
5   3   100        7485       42399      42499      250        800        1  Right
10  8   100        7485       42499      42599      251        400        1  Right
8   0   500        7485       42599      42600      252        1000       1  Right
7   3   500        7486       42599      42601      252        6000       1  Left 
6   3   100        7487       42601      42701      254        400        1  Left 
10  1   100        7492       42601      42702      254        100        1  Right
7   3   100        7494       42701      42802      255        400        1  Right
0   2   500        7500       42802      42803      257        4000       1  Right
8   6   500        7509       42802      42804      257        2500       1  Left 
2   0   100        7538       42803      42904      257        800        1  Right
8   5   500        7512       42904      43404      260        3500       1  Right
8   4   100        7512       43404      43504      261        700        1  Left 
7   1   100        7540       43404      43505      260        200        1  Right
8   5   100        7512       43504      43605      262        900        1  Left 
8   6   100        7512       43605      43705      264        500        1  Left 
8   7   100        7512       43705      43805      265        300        1  Right
0   8   100        7544       43805      43905      265        200        1  Right
7   8   100        7548       43905      44005      266        300        1  Right
3   4   500        7536       43705      44206      264        3000       1  Left 
8   13  100        7512       44206      44207      269        300        1  Left 
12  6   100        7516       44206      44208      269        1000       1  Right
1   13  500        7515       44208      44708      271        4000       1  Right
3   5   500        7537       44708      45208      271        4000       1  Right
3   6   500        7538       45208      45708      272        2000       1  Left 
1   10  500        7538       45208      45709      272        500        1  Right
12  5   100        7541       45708      45809      273        1000       1  Left 
13  0   100        7547       45809      45909      275        500        1  Left 
3   4   100        7547       45909      46009      276        600        1  Left 
8   10  100        7612       45909      46010      276        400        1  Right
3   5   100        7547       46009      46110      277        800        1  Left 
3   6   100        7547       46110      46210      279        400        1  Left 
6   8   100        7550       46210      46211      280        500        1  Left 
0   2   500        7564       46110      46512      279        4000       1  Right
5   8   100        7552       46512      46612      282        700        1  Right
4   8   100        7554       46612      46613      283        700        1  Left 
13  8   100        7571       46613      46713      284        300        1  Left 
5   12  500        7572       46612      47014      283        3000       1  Right
4   1   100        7561       47014      47114      286        400        1  Right
5   1   100        7577       47114      47214      287        200        1  Right
10  6   100        7590       47214      47314      288        700        1  Right
10  1   100        7591       47314      47414      289        100        1  Right
6   1   100        7606       47414      47514      290        600        1  Right
0   13  500        7578       47014      47515      286        2500       1  Left 
0   7   100        7579       47515      47615      292        100        1  Right
4   3   100        7592       47515      47616      292        600        1  Left 
2   0   100        7591       47616      47716      294        800        1  Left 
5   3   100        7598       47716      47816      295        800        1  Left 
0   11  100        7603       47816      47916      296        600        1  Left 
6   3   100        7606       47916      48016      297        400        1  Left 
1   7   500        7586       47615      48116      293        1000       1  Right
0   2   500        7617       48016      48517      298        4000       1  Left 
1   4   500        7596       48116      48617      299        2000       1  Right
11  2   100        7642       48517      48617      299        200        1  Right
10  0   100        7595       48517      48618      300        200        1  Right
13  0   100        7609       48618      48718      302        500        1  Left 
7   8   100        7640       48718      48818      302        300        1  Right
3   7   100        7640       48818      48918      303        400        1  Right
1   5   500        7619       48617      49118      301        1000       1  Right
0   13  500        7642       48918      49419      304        2500       1  Left 
7   0   100        7644       49419      49519      306        100        1  Right
1   10  500        7634       49118      49619      305        500        1  Right
2   0   100        7650       49519      49620      307        800        1  Left 
4   1   100        7639       49619      49720      308        400        1  Right
8   10  100        7661       49620      49721      309        400        1  Right
4   1   100        7652       49720      49820      310        400        1  Right
2   11  500        7673       49620      50121      309        1000       1  Right
10  8   500        7674       49721      50223      311        2000       1  Right
11  8   100        7718       50223      50323      314        400        1  Left 
1   6   500        7647       50121      50622      313        3000       1  Right
7   1   100        7653       50622      50722      316        200        1  Right
4   0   100        7654       50622      50723      316        900        1  Left 
5   1   100        7658       50722      50823      317        200        1  Right
0   2   500        7677       50723      51224      318        4000       1  Left 
1   4   500        7670       50823      51324      319        2000       1  Right
7   8   100        7727       51224      51325      319        300        1  Right
5   1   100        7671       51324      51425      321        200        1  Right
10  8   100        7761       51325      51426      321        400        1  Right
13  1   100        7676       51425      51526      323        800        1  Right
5   0   100        7673       51526      51626      325        500        1  Right
2   0   100        7714       51626      51726      326        800        1  Left 
1   4   500        7683       51626      52126      326        2000       1  Right
1   5   500        7694       52126      52626      328        1000       1  Right
15  4   100        7705       52626      52726      329        300        1  Right
15  6   100        7706       52726      52826      330        500        1  Right
0   15  100        7712       52826      52827      331        1200       1  Left 
15  6   100        7720       52827      52927      332        500        1  Right
1   7   500        7699       52626      53027      329        1000       1  Right
6   1   100        7702       53027      53127      334        600        1  Right
0   3   500        7723       52827      53329      331        1500       1  Right
1   13  500        7703       53127      53628      335        4000       1  Right
8   7   500        7708       53329      53830      336        1500       1  Right
1   5   500        7714       53628      54129      337        1000       1  Right
0   2   500        7740       53830      54331      337        4000       1  Left 
6   1   100        7715       54331      54431      340        600        1  Right
8   10  100        7748       54331      54432      339        400        1  Right
4   1   100        7729       54431      54532      340        400        1  Right
6   0   100        7717       54432      54533      342        700        1  Left 
4   15  500        7746       54532      54534      342        1500       1  Right
1   6   500        7743       54533      54535      343        5000       1  Left 
15  2   100        7790       54534      54536      344        400        1  Right
1   6   500        7756       54535      54937      345        5000       1  Left 
13  0   100        7758       54937      55037      347        500        1  Left 
0   8   100        7763       55037      55137      348        200        1  Right
7   6   100        7764       55137      55237      349        800        1  Left 
8   7   100        7787       55237      55337      350        300        1  Right
8   7   100        7789       55337      55437      351        300        1  Right
1   4   500        7762       54937      55438      347        2000       1  Right
7   1   100        7765       55438      55439      353        200        1  Right
0   13  500        7789       55437      55440      352        2500       1  Left 
6   15  500        7771       55438      55442      353        2500       1  Right
1   7   500        7823       55439      55541      353        1000       1  Right
15  6   100        7851       55442      55542      355        500        1  Right
7   0   100        7769       55541      55642      357        100        1  Right
5   1   100        7789       55542      55643      358        200        1  Right
2   0   100        7780       55643      55743      360        800        1  Right
12  5   100        7792       55743      55843      361        600        1  Right
8   11  500        7827       55440      55844      354        2000       1  Left 
8   3   100        7828       55844      55944      362        100        1  Right
6   12  500        7804       55843      56247      362        5000       1  Right
7   8   500        7798       56247      56747      365        1500       1  Right
2   15  500        7821       56247      56748      365        2000       1  Right
3   0   100        7807       56747      56848      366        300        1  Right
6   1   100        7824       56748      56849      366        600        1  Right
13  0   100        7836       56848      56949      367        500        1  Left 
1   5   500        7826       56849      57350      368        1000       1  Right
0   2   500        7806       56949      57450      370        4000       1  Left 
0   10  100        7816       57450      57550      372        200        1  Right
5   12  500        7823       57450      57951      371        5000       1  Left 
4   8   100        7824       57951      58051      373        700        1  Left 
2   1   100        7828       58051      58052      374        500        1  Right
6   10  500        7867       58051      58053      374        4500       1  Left 
1   2   500        7853       58052      58153      375        2500       1  Right
0   9   100        7881       58053      58154      376        400        1  Left 
13  1   100        7838       58153      58254      377        800        1  Right
0   9   100        7905       58154      58255      378        400        1  Left 
1   13  500        7865       58254      58755      379        4000       1  Right
12  1   100        7873       58755      58855      381        400        1  Right
12  1   100        7873       58855      58955      382        400        1  Right
8   4   500        7860       58755      59255      381        3500       1  Left 
1   6   500        7870       59255      59755      384        3000       1  Right
8   0   500        7899       59255      59756      384        1000       1  Right
2   1   100        7875       59755      59856      385        500        1  Right
5   8   100        7872       59856      59857      387        700        1  Right
4   3   100        7892       59856      59858      387        600        1  Left 
10  1   100        7895       59857      59958      388        100        1  Right
13  4   100        7893       59858      59959      389        400        1  Right
8   5   500        7903       59958      60459      390        3500       1  Right
4   13  500        7924       59959      60460      391        2000       1  Right
6   8   100        7917       60460      60560      393        500        1  Left 
5   3   100        7937       60560      60660      394        800        1  Left 
1   12  500        7904       60459      60960      392        2000       1  Right
8   6   500        7943       60660      61161      395        2500       1  Left 
6   3   100        7965       61161      61261      397        400        1  Left 
1   12  500        7907       60960      61461      396        2000       1  Right
11  1   100        7926       61461      61462      399        900        1  Left 
6   15  500        8010       61261      61663      398        2500       1  Right
12  2   100        7932       61663      61763      401        700        1  Left 
9   2   100        7948       61763      61863      402        400        1  Right
12  0   100        7951       61763      61864      402        100        1  Right
1   10  500        7936       61462      61963      400        500        1  Right
8   4   100        8041       61863      61965      403        700        1  Left 
0   10  100        7943       61963      62064      405        200        1  Right
0   8   100        7956       62064      62164      407        200        1  Right
11  0   100        8007       62164      62264      408        600        1  Left 
11  8   100        8009       62264      62364      409        400        1  Left 
1   2   500        7951       61965      62365      406        2500       1  Right
6   7   500        8026       62364      62764      410        4000       1  Left 
2   12  500        7960       62764      63264      412        3500       1  Left 
9   8   100        8040       63264      63364      413        200        1  Left 
1   11  500        7962       63264      63764      413        3500       1  Right
0   12  500        7987       63264      63765      413        500        1  Right
2   1   100        7968       63764      63865      415        500        1  Right
10  1   100        7975       63865      63965      417        100        1  Right
0   3   500        8099       63765      64266      416        1500       1  Right
2   9   500        7989       63865      64367      417        2000       1  Right
1   10  500        8016       63965      64466      418        500        1  Right
8   5   100        8041       64367      64468      420        900        1  Left 
10  0   100        8059       64466      64567      421        200        1  Right
11  1   100        8016       64468      64569      422        700        1  Right
8   6   100        8041       64569      64669      424        500        1  Left 
15  1   100        8043       64569      64670      424        100        1  Right
11  6   100        8087       64669      64770      425        100        1  Right
15  2   100        8107       64670      64771      426        400        1  Right
0   10  500        8105       64567      65068      423        1000       1  Right
8   7   100        8041       65068      65168      429        300        1  Right
1   11  500        8052       64771      65272      428        3500       1  Right
7   1   100        8049       65272      65372      431        200        1  Right
15  2   100        8170       65272      65372      431        400        1  Right
8   11  100        8100       65272      65373      431        400        1  Left 
7   8   100        8058       65373      65473      433        300        1  Right
13  4   100        8145       65373      65474      433        400        1  Right
6   8   100        8060       65474      65574      435        500        1  Left 
5   8   100        8062       65574      65674      436        900        1  Left 
4   8   100        8064       65674      65774      437        700        1  Left 
1   15  500        8069       65372      65873      432        500        1  Right
8   11  100        8101       65774      65875      438        400        1  Left 
13  6   100        8146       65875      65975      440        200        1  Right
13  6   100        8180       65975      66075      441        200        1  Right
2   15  500        8138       65873      66373      439        2000       1  Right
1   7   500        8095       65873      66374      439        1000       1  Right
8   9   500        8160       65875      66378      440        1000       1  Left 
0   7   100        8118       66374      66474      444        100        1  Right
11  1   100        8088       66474      66475      446        900        1  Left 
11  0   100        8092       66475      66476      447        600        1  Left 
7   1   100        8139       66475      66477      447        200        1  Right
6   15  500        8153       66373      66676      443        2500       1  Right
11  8   500        8121       66476      66978      448        2000       1  Left 
2   15  500        8201       66676      66979      450        2000       1  Right
15  6   100        8230       66979      66980      451        500        1  Right
1   11  500        8126       66978      67182      451        4500       1  Left 
3   0   100        8128       67182      67282      454        300        1  Right
13  2   100        8210       67182      67282      454        300        1  Right
13  6   100        8251       67282      67382      454        200        1  Right
5   15  500        8301       66980      67481      452        500        1  Right
1   7   500        8185       67182      67684      454        1000       1  Right
3   8   500        8140       67282      67783      455        500        1  Right
10  0   100        8158       67684      67785      458        200        1  Right
0   13  100        8159       67785      67885      460        500        1  Left 
8   0   100        8196       67885      67985      461        200        1  Right
12  0   100        8204       67985      68085      462        100        1  Right
1   2   500        8213       67684      68185      458        2500       1  Right
0   10  500        8204       68085      68586      463        1000       1  Right
3   4   500        8175       68185      68686      464        3000       1  Left 
0   14  100        8207       68586      68687      465        600        1  Right
1   3   100        8215       68687      68787      467        600        1  Right
1   8   100        8219       68787      68887      468        500        1  Right
4   13  500        8176       68686      69187      466        2000       1  Right
14  2   100        8228       69187      69188      469        200        1  Right
3   5   500        8224       68887      69289      468        4000       1  Right
7   0   100        8233       69289      69389      471        100        1  Right
15  5   100        8255       69289      69390      471        100        1  Right
15  5   100        8506       69390      69490      469        100        1  Right
6   13  500        8221       69187      69589      470        1000       1  Right
1   10  500        8291       69289      69791      471        500        1  Right
0   12  500        8240       69389      69890      472        500        1  Right
9   1   100        8249       69890      69990      477        700        1  Left 
2   13  500        8231       69589      70090      475        1500       1  Right
0   7   100        8252       69990      70090      478        100        1  Right
10  1   100        8250       69990      70091      478        100        1  Right
12  0   100        8290       70090      70190      479        100        1  Right
2   3   100        8250       70090      70191      479        500        1  Left 
0   1   100        8260       70190      70291      481        300        1  Right
2   8   100        8254       70191      70292      482        600        1  Left 
0   1   100        8260       70291      70392      483        300        1  Right
3   6   500        8259       70292      70792      484        2000       1  Left 
2   14  500        8254       70292      70793      484        1000       1  Right
0   7   500        8284       70392      70894      485        500        1  Right
6   11  500        8369       70792      71293      482        500        1  Right
8   1   500        8290       70894      71395      488        2500       1  Right
2   1   100        8363       71395      71495      486        500        1  Right
6   13  500        8440       71293      71794      485        1000       1  Right
8   0   500        8290       71395      71896      490        1000       1  Right
1   9   500        8295       71794      72295      492        4500       1  Right
14  8   100        8301       72295      72395      494        800        1  Left 
0   12  500        8326       71896      72397      489        500        1  Right
7   0   100        8335       72397      72497      492        100        1  Right
10  0   100        8343       72497      72597      493        200        1  Right
8   2   500        8311       72395      72896      495        3000       1  Left 
0   7   500        8386       72597      73098      494        500        1  Right
8   14  500        8347       72896      73397      495        4000       1  Left 
0   10  500        8389       73098      73599      496        1000       1  Right
9   0   100        8359       73599      73699      498        400        1  Left 
9   8   100        8361       73699      73799      499        200        1  Left 
12  0   100        8363       73699      73800      499        100        1  Right
1   2   500        8384       73397      73898      497        2500       1  Right
9   1   100        8368       73898      73998      502        900        1  Right
8   1   100        8386       73998      74098      503        1100       1  Left 
8   2   100        8386       74098      74198      504        600        1  Left 
8   14  100        8386       74198      74298      505        800        1  Left 
0   12  500        8399       73800      74301      501        500        1  Right
8   11  100        8386       74298      74399      506        400        1  Left 
10  0   100        8452       74301      74401      507        200        1  Right
11  1   100        8402       74401      74402      509        900        1  Left 
6   15  500        8532       74298      74700      506        2500       1  Right
1   9   500        8414       74402      74903      510        3500       1  Left 
2   1   100        8406       74903      75003      512        1100       1  Left 
11  8   100        8414       75003      75103      513        400        1  Left 
12  0   100        8461       75003      75103      513        100        1  Right
7   1   100        8440       75003      75104      513        200        1  Right
5   15  500        8552       74700      75201      511        500        1  Right
9   6   100        8461       75103      75203      514        300        1  Right
10  1   100        8454       75104      75205      515        100        1  Right
9   1   100        8462       75205      75305      518        900        1  Right
13  1   100        8463       75305      75405      519        800        1  Right
10  4   100        8587       75405      75505      520        500        1  Right
0   3   500        8423       75103      75605      514        1500       1  Right
0   11  100        8424       75605      75705      522        600        1  Left 
1   8   100        8424       75705      75805      523        500        1  Right
2   8   100        8425       75805      75905      524        600        1  Left 
8   9   100        8492       75905      76005      525        200        1  Left 
8   9   100        8493       76005      76105      526        200        1  Left 
0   12  500        8497       75805      76306      524        500        1  Right
1   2   500        8427       75905      76406      525        2500       1  Right
9   0   100        8466       76306      76407      528        400        1  Left 
12  0   100        8531       76407      76507      530        100        1  Right
1   11  500        8440       76406      76907      529        3500       1  Right
14  8   100        8428       76907      76908      532        800        1  Right
14  8   100        8435       76908      76909      533        800        1  Right
2   3   500        8526       76907      76910      532        2500       1  Left 
8   14  500        8532       76909      77110      534        4000       1  Right
3   1   100        8466       77110      77210      536        600        1  Right
1   13  500        8489       77210      77710      537        4000       1  Right
9   8   500        8503       77210      77711      537        1000       1  Left 
11  1   100        8495       77710      77811      538        700        1  Right
0   8   500        8513       77711      78212      539        1000       1  Right
3   2   500        8507       77811      78311      540        2500       1  Left 
1   7   500        8495       77811      78312      540        1000       1  Right
0   5   100        8514       78311      78412      542        1100       1  Left 
3   2   100        8517       78412      78512      544        500        1  Left 
13  2   100        8527       78512      78612      545        300        1  Right
1   10  500        8498       78312      78813      543        500        1  Right
0   12  500        8567       78412      78914      544        500        1  Right
2   13  500        8548       78612      79113      546        1500       1  Right
4   10  500        8613       78813      79314      547        2500       1  Right
6   13  500        8554       79113      79614      549        1000       1  Right
13  2   100        8570       79614      79714      551        300        1  Right
5   2   100        8578       79714      79715      552        300        1  Right
1   9   500        8510       79314      79716      550        3500       1  Left 
13  6   100        8610       79714      79717      552        200        1  Right
3   1   100        8557       79716      79817      554        600        1  Right
8   1   100        8583       79817      79917      556        500        1  Right
14  1   100        8591       79917      80017      557        300        1  Right
8   9   100        8684       79917      80018      556        200        1  Left 
2   13  500        8591       79717      80218      555        1500       1  Right
1   11  500        8531       80218      80718      560        3500       1  Right
1   0   500        8543       80718      81218      561        1500       1  Right
2   5   500        8609       80718      81219      561        1500       1  Right
13  5   100        8635       81219      81319      562        600        1  Right
1   0   500        8556       81218      81719      562        1500       1  Right
7   0   100        8561       81719      81819      565        100        1  Right
0   11  100        8567       81819      81919      566        600        1  Left 
11  0   100        8607       81919      82019      567        600        1  Left 
12  0   100        8612       82019      82119      568        100        1  Right
0   8   100        8614       82119      82219      569        200        1  Right
1   14  500        8612       81719      82220      565        1500       1  Right
0   7   500        8618       82219      82720      570        500        1  Right
1   8   500        8634       82220      82721      570        5500       1  Left 
0   1   100        8621       82721      82821      573        300        1  Right
15  1   100        8622       82821      82921      574        100        1  Right
14  0   100        8635       82821      82922      573        1000       1  Left 
15  1   100        8622       82921      83022      575        100        1  Right
14  8   100        8637       82922      83023      575        800        1  Left 
5   8   100        8654       83023      83123      577        900        1  Left 
9   8   100        8692       83123      83223      578        200        1  Left 
0   12  500        8648       82922      83423      575        500        1  Right
1   15  500        8648       83022      83523      576        500        1  Right
7   0   100        8675       83423      83523      580        100        1  Right
5   13  500        8671       83123      83624      578        3000       1  Right
1   15  500        8651       83523      84024      581        500        1  Right
14  1   100        8644       84024      84124      583        300        1  Right
0   11  500        8651       83624      84125      582        3000       1  Left 
1   14  500        8665       84124      84625      584        1500       1  Right
15  2   100        8671       84625      84725      586        400        1  Right
7   1   100        8677       84625      84726      586        200        1  Right
15  0   100        8690       84725      84826      587        1200       1  Left 
14  6   100        8693       84826      84926      589        300        1  Right
14  1   100        8694       84926      84927      590        300        1  Right
7   4   100        8783       84926      84928      590        1000       1  Left 
14  0   100        8698       84928      85028      592        600        1  Right
11  0   100        8700       85028      85128      593        600        1  Left 
12  0   100        8724       85128      85228      594        100        1  Right
9   1   100        8756       85228      85328      595        700        1  Left 
11  1   100        8782       85328      85329      596        900        1  Left 
12  0   100        8795       85329      85429      597        100        1  Right
2   15  500        8702       85028      85430      593        2000       1  Right
9   1   100        8854       85429      85530      597        700        1  Left 
8   14  100        8713       85530      85630      600        800        1  Left 
8   14  100        8715       85630      85730      601        800        1  Left 
0   15  500        8711       85530      86030      600        2000       1  Right
12  1   100        8865       86030      86130      602        400        1  Right
5   1   100        8902       86130      86230      603        200        1  Right
14  8   500        8749       85730      86231      602        4000       1  Left 
0   9   100        8726       86231      86331      606        400        1  Left 
1   14  500        8717       86231      86731      606        1500       1  Right
6   9   500        8733       86331      86832      607        1500       1  Right
1   7   500        8735       86731      87232      608        1000       1  Right
0   11  500        8741       86832      87333      609        3000       1  Left 
4   7   500        8814       87232      87733      610        3000       1  Right
0   12  500        8760       87333      87834      611        500        1  Right
0   10  100        8798       87834      87934      613        200        1  Right
1   3   500        8751       87733      88234      612        5000       1  Left 
3   15  100        8785       88234      88334      615        700        1  Right
1   9   500        8802       88334      88834      616        3500       1  Left 
8   5   500        8803       88834      89334      617        3500       1  Right
0   4   100        8816       89334      89434      618        700        1  Right
1   11  500        8818       89434      89934      619        3500       1  Right
0   12  500        8831       89434      89935      618        500        1  Right
10  4   100        8839       89934      90035      619        500        1  Right
11  0   100        8861       89935      90036      620        600        1  Left 
10  6   100        8840       90035      90136      621        700        1  Right
0   9   100        8869       90036      90137      622        400        1  Left 
10  6   100        8849       90136      90138      623        700        1  Right
0   11  500        8904       90137      90539      624        3000       1  Left 
4   10  500        8865       90138      90639      625        2500       1  Right
4   2   100        8866       90639      90739      627        100        1  Right
6   10  500        8875       90639      91140      627        4500       1  Left 
2   4   500        8902       90739      91240      628        500        1  Right
13  5   100        8886       91140      91241      629        1000       1  Left 
10  2   100        8894       91241      91341      631        600        1  Right
1   3   100        8896       91341      91441      632        600        1  Right
6   13  500        8904       91241      91742      631        1000       1  Right
1   9   500        8902       91441      91743      633        3500       1  Left 
3   1   100        8909       91743      91843      635        600        1  Right
5   13  500        8922       91742      92044      634        3000       1  Right
4   8   100        8939       92044      92144      635        700        1  Left 
1   0   500        8910       91843      92344      636        1500       1  Right
6   14  500        8997       92144      92645      636        1500       1  Right
1   12  500        8935       92344      92845      637        2000       1  Right
2   10  500        8930       92845      93345      639        3000       1  Right
8   0   500        8941       92845      93346      639        1000       1  Right
10  6   100        8971       93346      93446      641        900        1  Left 
1   5   500        8938       93345      93846      640        1000       1  Right
15  0   100        8943       93846      93946      643        400        1  Right
8   4   500        8975       93446      93947      642        3500       1  Left 
8   4   100        9025       93947      94047      645        700        1  Left 
8   14  100        9025       94047      94147      646        800        1  Left 
0   15  500        8964       93946      94447      644        2000       1  Right
9   0   100        8957       94447      94547      648        400        1  Left 
1   13  500        9006       94447      94948      648        4000       1  Right
11  0   100        8962       94948      95048      650        600        1  Left 
7   4   100        9035       94948      95049      648        600        1  Right
11  1   100        8964       95049      95149      652        700        1  Right
12  15  100        8975       95149      95249      653        500        1  Right
11  4   100        9069       95149      95250      651        300        1  Right
13  1   100        8977       95249      95350      654        800        1  Left 
13  1   100        8977       95350      95450      656        800        1  Right
5   0   100        8991       95450      95550      657        500        1  Right
13  2   100        9029       95450      95551      655        300        1  Right
5   8   100        8993       95550      95651      658        700        1  Right
0   1   100        8997       95651      95751      660        300        1  Right
15  0   100        8997       95751      95851      661        400        1  Right
5   1   100        9000       95851      95951      662        200        1  Right
0   8   100        9009       95851      95952      662        200        1  Right
1   13  500        9012       95951      96452      663        4000       1  Right
4   8   100        9048       96452      96552      663        700        1  Left 
0   15  500        9018       96452      96952      665        2000       1  Right
14  1   100        9048       96952      97052      665        300        1  Right
2   13  500        9050       96552      97053      664        1500       1  Right
0   9   500        9020       96952      97453      667        2000       1  Left 
1   11  500        9018       97053      97554      669        3500       1  Right
0   14  100        9028       97554      97555      669        600        1  Right
4   8   100        9053       97554      97556      669        700        1  Left 
7   6   100        9036       97556      97656      671        800        1  Left 
14  8   100        9061       97656      97756      672        800        1  Left 
1   5   500        9036       97555      98056      670        1000       1  Right
4   7   500        9066       97756      98057      673        5000       1  Left 
1   14  500        9069       98056      98357      674        1500       1  Right
15  0   100        9040       98357      98457      676        400        1  Right
13  0   100        9048       98457      98557      677        500        1  Left 
4   11  500        9090       98057      98558      675        1500       1  Right
5   6   100        9097       98558      98658      679        400        1  Right
8   5   100        9107       98658      98659      680        900        1  Left 
8   5   100        9109       98659      98660      681        900        1  Left 
3   6   100        9117       98660      98760      682        400        1  Left 
0   15  500        9061       98557      98860      678        2000       1  Right
5   1   100        9098       98860      98960      684        200        1  Right
8   4   500        9168       98760      99261      683        3500       1  Left 
1   5   500        9136       98960      99461      685        1000       1  Right
7   2   100        9102       99461      99561      687        700        1  Right
0   13  500        9079       99261      99762      686        2500       1  Left 
6   10  500        9119       99561      100062     688        3500       1  Right
15  3   500        9082       100062     100562     690        3500       1  Right
15  0   100        9083       100562     100662     691        400        1  Right
9   0   100        9088       100662     100762     692        400        1  Left 
10  1   100        9147       100662     100763     692        100        1  Right
14  0   100        9096       100762     100863     693        1000       1  Left 
5   0   100        9102       100863     100963     695        1100       1  Left 
1   10  500        9188       100763     100964     694        500        1  Right
0   15  500        9114       100963     101164     696        6000       1  Left 
0   7   100        9114       101164     101264     698        100        1  Right
15  12  500        9116       101164     101665     698        5500       1  Left 
3   15  100        9121       101665     101765     700        700        1  Right
0   14  500        9122       101765     102265     701        3000       1  Right
0   6   100        9122       102265     102266     702        700        1  Left 
2   7   500        9145       102265     102667     702        3500       1  Right
0   9   500        9139       102266     102767     703        2000       1  Left 
6   7   500        9184       102667     103168     704        4000       1  Right
6   2   100        9186       103168     103268     706        100        1  Right
5   8   500        9128       103168     103668     706        3500       1  Right
15  0   100        9140       103668     103768     708        400        1  Right
12  6   100        9146       103668     103769     708        600        1  Left 
14  0   100        9154       103768     103869     709        600        1  Right
0   15  500        9161       103869     104369     711        2000       1  Right
7   6   100        9163       104369     104469     712        800        1  Right
0   14  500        9180       104469     104969     713        3000       1  Right
0   14  100        9180       104969     105069     714        600        1  Right
15  0   100        9182       105069     105169     715        400        1  Right
7   6   100        9192       105169     105269     716        800        1  Right
0   15  500        9203       105269     105769     717        2000       1  Right
2   6   500        9232       105269     105770     717        500        1  Right
14  1   100        9206       105769     105771     718        300        1  Right
10  2   100        9241       105770     105772     719        1000       1  Left 
1   14  500        9227       105771     106272     720        1500       1  Right
6   10  500        9248       105772     106273     721        4500       1  Left 
9   1   100        9207       106273     106373     723        700        1  Left 
4   1   100        9217       106373     106374     724        400        1  Right
15  1   100        9220       106374     106474     725        100        1  Right
15  1   100        9273       106474     106574     726        100        1  Right
2   10  500        9277       106373     106775     724        5000       1  Left 
12  15  100        9228       106775     106875     728        500        1  Right
6   8   100        9278       106775     106876     728        500        1  Left 
14  0   100        9250       106876     106976     730        1000       1  Left 
1   15  500        9246       106875     107376     729        500        1  Right
0   14  500        9276       106976     107477     731        5000       1  Left 
1   4   500        9248       107477     107977     733        2000       1  Right
8   6   500        9304       107477     107978     733        2500       1  Left 
4   0   100        9290       107977     108078     734        700        1  Right
11  4   100        9321       108078     108178     736        300        1  Right
11  6   100        9322       108178     108278     737        100        1  Right
11  2   100        9366       108278     108378     738        200        1  Right
1   9   500        9253       108078     108578     736        3500       1  Left 
4   8   100        9292       108578     108678     740        700        1  Left 
1   0   500        9291       108578     109078     740        1500       1  Right
4   1   100        9299       109078     109178     742        400        1  Right
13  0   100        9301       109078     109179     742        500        1  Left 
4   11  500        9342       109178     109678     743        1500       1  Right
1   15  500        9299       109178     109679     743        500        1  Right
0   13  500        9332       109179     109680     744        2500       1  Left 
6   7   500        9310       109679     110179     746        4000       1  Right
14  0   100        9308       110179     110279     748        600        1  Right
6   8   100        9349       110179     110280     748        500        1  Left 
14  1   100        9310       110279     110380     749        300        1  Right
9   0   100        9316       110280     110381     750        400        1  Left 
15  1   100        9324       110380     110481     751        100        1  Right
10  6   100        9329       110381     110482     752        900        1  Left 
6   8   100        9350       110482     110582     754        500        1  Left 
1   4   500        9331       110481     110982     753        2000       1  Right
0   5   100        9332       110982     111082     756        500        1  Right
14  4   100        9365       110982     111083     756        100        1  Right
8   5   100        9333       111082     111183     757        700        1  Right
8   6   100        9333       111183     111283     759        500        1  Left 
4   6   100        9361       111283     111383     760        200        1  Right
1   14  500        9332       111183     111683     759        1500       1  Right
8   0   500        9343       111283     111784     760        1000       1  Right
5   8   100        9351       111784     111884     763        900        1  Left 
10  5   100        9354       111884     111885     764        1300       1  Left 
1   15  500        9350       111683     112085     762        500        1  Right
7   1   100        9355       112085     112185     766        200        1  Right
6   5   500        9369       111885     112385     765        2000       1  Right
0   9   500        9367       111885     112386     765        2000       1  Left 
4   1   100        9362       112385     112486     768        400        1  Right
4   0   100        9366       112486     112586     770        700        1  Right
13  0   100        9380       112586     112686     771        500        1  Left 
8   4   100        9382       112686     112786     772        700        1  Left 
8   4   100        9384       112786     112886     773        700        1  Left 
5   10  500        9375       112586     113086     771        1500       1  Right
15  3   100        9389       113086     113186     775        700        1  Right
5   1   100        9392       113186     113286     776        200        1  Right
15  8   100        9393       113286     113386     777        600        1  Right
15  3   100        9394       113386     113486     778        700        1  Right
1   4   500        9395       113486     113986     779        2000       1  Right
0   1   100        9397       113986     114086     780        300        1  Right
