
150
C:/Users/nxconrad/Desktop/REU 2.0/Benchmark Data/16-core/7/flow_freqmine100#3.txt
745
[12, 8, 0, 15, 2, 6, 3, 14, 7, 9, 13, 4, 11, 1, 10, 5]
0   8   100        9400       9402       9502       0          100        1  Right
6   3   500        9399       9401       9503       0          500        1  Right
4   14  500        9401       9502       9604       0          2000       1  Right
2   11  500        9400       9502       9605       1          4000       1  Left 
1   7   500        9401       9605       10105      3          2500       1  Right
15  3   500        9428       9605       10106      3          1500       1  Right
4   8   500        9408       10105      10107      4          3000       1  Left 
0   13  500        9411       10106      10108      5          4000       1  Right
1   8   100        9416       10107      10109      6          400        1  Left 
0   11  100        9417       10108      10110      7          1000       1  Right
9   0   100        9424       10110      10210      9          700        1  Right
11  6   100        9430       10210      10211      10         700        1  Right
2   8   100        9491       10210      10212      10         300        1  Right
1   5   500        9428       10109      10511      8          1000       1  Right
9   1   100        9426       10511      10611      13         400        1  Right
13  0   100        9457       10611      10711      14         800        1  Left 
3   15  500        9432       10212      10713      12         1500       1  Right
5   0   100        9489       10711      10811      15         300        1  Left 
7   2   100        9478       10713      10814      16         400        1  Right
1   9   500        9473       10711      11212      15         2000       1  Right
9   4   100        9521       11212      11312      17         200        1  Right
6   12  500        9433       10814      11315      18         2500       1  Right
4   9   500        9552       11312      11813      18         1000       1  Right
6   7   500        9464       11315      11815      21         1500       1  Right
15  12  500        9443       11315      11816      21         1500       1  Right
6   11  500        9498       11815      12316      23         3500       1  Right
14  4   100        9617       12316      12416      21         400        1  Right
8   6   500        9456       12316      12816      25         2000       1  Right
4   14  500        9653       12416      12917      22         2000       1  Right
11  6   100        9467       12917      13017      28         700        1  Right
8   15  500        9458       12816      13317      27         1000       1  Right
2   7   500        9519       13017      13518      27         2000       1  Right
3   15  100        9485       13518      13618      31         300        1  Right
0   13  500        9488       13317      13818      30         4000       1  Left 
0   5   100        9488       13818      13918      33         300        1  Left 
12  15  100        9495       13918      14018      34         300        1  Right
1   6   500        9558       13818      14319      31         4000       1  Right
7   6   100        9566       14319      14419      34         300        1  Right
0   5   500        9532       14018      14519      33         1500       1  Left 
14  6   100        9618       14419      14520      33         200        1  Right
13  0   100        9519       14520      14620      37         800        1  Right
8   1   500        9500       14519      15020      38         2000       1  Left 
0   13  500        9550       14620      15121      38         4000       1  Right
6   1   100        9517       15121      15221      40         800        1  Right
7   5   100        9591       15221      15321      41         700        1  Right
10  5   100        9605       15321      15421      40         100        1  Right
8   2   500        9537       15121      15622      40         1500       1  Right
5   0   100        9573       15622      15722      44         300        1  Left 
6   11  500        9606       15321      15823      40         3500       1  Right
0   5   500        9614       15722      16223      43         1500       1  Left 
13  0   100        9586       16223      16323      47         800        1  Right
1   11  500        9655       15823      16324      44         500        1  Right
6   0   100        9609       16323      16424      46         300        1  Right
6   8   100        9611       16424      16524      48         400        1  Right
5   7   500        9617       16324      16825      47         3500       1  Right
4   8   100        9675       16825      16826      50         600        1  Left 
0   13  500        9617       16825      17226      50         4000       1  Right
6   10  500        9617       17226      17726      52         3500       1  Left 
6   1   100        9618       17726      17727      53         800        1  Right
2   8   100        9682       17726      17727      53         300        1  Right
11  1   100        9619       17727      17827      54         100        1  Right
0   4   100        9635       17727      17828      54         900        1  Right
8   1   100        9646       17828      17829      56         1200       1  Right
8   2   100        9646       17829      17929      57         300        1  Right
5   10  500        9626       17726      18029      53         500        1  Right
8   4   100        9646       17929      18030      58         1000       1  Right
5   1   100        9655       18029      18130      59         200        1  Right
8   15  100        9646       18030      18131      60         200        1  Right
10  1   100        9668       18130      18230      61         100        1  Right
10  1   100        9668       18230      18330      63         100        1  Right
6   4   500        9650       18030      18531      60         3000       1  Right
13  0   100        9656       18531      18631      65         800        1  Right
4   1   100        9683       18531      18632      65         200        1  Right
3   15  500        9686       18631      19132      66         1500       1  Right
1   0   500        9684       18632      19133      67         2500       1  Left 
14  2   100        9692       19132      19233      68         300        1  Right
1   8   100        9684       19133      19234      69         400        1  Left 
0   13  500        9687       19233      19734      70         4000       1  Right
15  8   100        9693       19734      19834      72         200        1  Right
1   6   500        9695       19734      20235      72         4000       1  Right
8   0   500        9750       19834      20335      73         500        1  Right
11  2   100        9703       20235      20335      74         800        1  Right
1   5   500        9698       20235      20736      74         1000       1  Right
6   11  500        9712       20335      20836      75         3500       1  Right
1   10  500        9709       20736      21237      76         500        1  Right
2   14  500        9718       20836      21337      77         1500       1  Right
13  1   100        9714       21237      21338      78         300        1  Right
0   14  100        9719       21337      21438      79         500        1  Right
1   10  500        9716       21338      21439      80         500        1  Right
0   5   500        9796       21438      21538      81         1500       1  Left 
2   11  500        9734       21438      21539      81         4000       1  Right
14  6   100        9741       21539      21639      84         200        1  Right
10  2   100        9766       21539      21640      84         600        1  Left 
14  6   100        9745       21639      21740      85         200        1  Right
3   7   100        9836       21740      21840      87         200        1  Right
1   4   500        9727       21539      22039      84         1000       1  Right
2   10  500        9807       21640      22142      86         3000       1  Left 
8   6   100        9754       22142      22242      90         400        1  Right
1   13  500        9740       22039      22540      89         1500       1  Right
9   4   100        9773       22540      22640      92         200        1  Right
0   4   100        9796       22640      22740      93         700        1  Left 
15  3   500        9792       22242      22743      91         1500       1  Right
0   8   100        9807       22740      22841      94         100        1  Right
6   1   100        9747       22743      22844      95         800        1  Right
9   6   100        9774       22844      22944      97         400        1  Right
13  1   100        9797       22844      22945      97         300        1  Right
9   2   100        9848       22944      23045      98         500        1  Right
13  1   100        9849       22945      23046      99         300        1  Right
11  6   100        9781       23046      23146      101        700        1  Right
15  12  500        9807       22841      23342      96         1500       1  Right
1   6   500        9788       23146      23647      102        4000       1  Right
9   6   100        9929       23647      23747      104        400        1  Right
0   10  500        9839       23342      23843      103        2000       1  Left 
3   15  100        9937       23747      23847      105        300        1  Right
6   0   100        9751       23847      23947      107        300        1  Right
5   0   100        9755       23947      24047      108        300        1  Left 
10  0   100        9793       24047      24147      109        400        1  Left 
1   13  500        9823       23647      24148      104        1500       1  Right
4   0   100        9798       24148      24248      111        700        1  Left 
11  5   100        9806       24248      24348      112        300        1  Right
6   14  500        9787       23947      24449      108        1000       1  Right
4   9   500        9804       24248      24749      112        1000       1  Right
5   11  500        9832       24348      24849      113        1500       1  Right
6   7   500        9841       24449      24950      114        1500       1  Right
0   4   500        9844       24849      25350      116        3500       1  Left 
5   0   100        9850       25350      25450      118        300        1  Left 
2   9   500        9889       24950      25451      117        2500       1  Right
7   5   100        9842       25451      25551      120        900        1  Left 
12  7   100        9846       25551      25651      121        800        1  Right
1   13  500        9875       25350      25852      118        1500       1  Right
5   1   100        9852       25852      25952      123        200        1  Right
6   14  500        9917       25651      26152      122        1000       1  Right
5   7   500        9868       25952      26453      124        3500       1  Right
4   0   100        9886       26453      26553      126        700        1  Left 
13  3   100        9911       26453      26554      126        400        1  Right
13  8   100        9915       26554      26654      128        900        1  Right
1   5   500        9889       26553      27054      127        1000       1  Right
0   4   500        9922       26654      27155      129        4500       1  Right
7   1   100        9913       27155      27255      131        500        1  Right
0   6   100        9950       27155      27256      131        300        1  Right
7   1   100        9913       27255      27356      132        500        1  Right
8   6   100        9956       27256      27357      133        400        1  Right
5   4   100        9933       27356      27457      134        400        1  Right
14  1   100        9945       27457      27557      136        600        1  Right
15  3   500        9966       27357      27858      135        1500       1  Right
4   5   500        9957       27557      28058      137        2000       1  Right
4   1   100        9958       28058      28158      139        200        1  Right
6   8   500        9969       27858      28359      138        2000       1  Right
1   14  500        9966       28158      28659      140        3000       1  Right
14  2   100        9999       28659      28759      142        300        1  Right
1   7   500        9972       28659      29159      142        2500       1  Right
2   14  500        10025      28759      29260      143        1500       1  Right
1   7   500        9975       29159      29660      144        2500       1  Right
1   4   500        9999       29660      30160      146        1000       1  Right
8   13  500        10003      29660      30161      146        4500       1  Right
11  5   100        10057      30160      30261      147        300        1  Right
3   13  100        10010      30161      30262      148        400        1  Right
6   1   100        10021      30261      30362      149        800        1  Left 
7   2   100        10020      30362      30363      151        400        1  Right
0   9   100        10022      30362      30364      151        900        1  Left 
4   0   100        10032      30364      30464      153        700        1  Left 
7   0   100        10036      30464      30564      154        1000       1  Left 
10  0   100        10046      30564      30664      155        400        1  Left 
6   14  500        10049      30363      30665      152        1000       1  Right
2   7   500        10063      30664      30966      156        6000       1  Left 
14  2   100        10052      30966      31066      158        300        1  Right
9   6   100        10060      31066      31166      159        400        1  Right
0   4   500        10070      30966      31467      158        3500       1  Left 
6   9   500        10060      31166      31667      160        2000       1  Right
5   11  500        10083      31467      31968      161        1500       1  Right
2   14  500        10078      31667      31969      162        1500       1  Right
0   7   500        10087      31968      32270      163        5000       1  Left 
1   6   500        10062      32270      32770      165        4000       1  Right
0   10  500        10092      32270      32771      165        2000       1  Left 
6   9   500        10081      32770      33271      166        2000       1  Right
6   11  500        10093      33271      33771      168        3500       1  Right
0   6   100        10099      33771      33871      169        300        1  Right
9   1   100        10101      33771      33872      169        400        1  Right
6   0   100        10116      33871      33971      164        300        1  Right
7   3   500        10138      33771      34272      163        1000       1  Right
14  6   100        10104      34272      34372      172        200        1  Right
1   9   500        10147      33872      34374      165        2000       1  Right
14  5   100        10129      34372      34473      168        800        1  Left 
1   4   500        10151      34374      34875      169        1000       1  Right
7   12  500        10153      34473      34974      170        4000       1  Right
4   0   100        10117      34974      35074      172        900        1  Right
10  0   100        10156      35074      35174      173        400        1  Left 
3   7   100        10184      35074      35175      173        200        1  Right
1   11  500        10164      34875      35376      171        500        1  Right
4   1   100        10119      35376      35476      176        200        1  Right
11  1   100        10128      35476      35576      177        100        1  Right
0   6   500        10162      35174      35676      174        1500       1  Right
11  1   100        10128      35576      35677      178        100        1  Right
6   9   500        10201      35676      36176      179        2000       1  Right
8   0   500        10165      35676      36177      179        500        1  Right
1   11  500        10167      35677      36179      180        500        1  Right
9   2   100        10205      36176      36277      181        500        1  Right
11  2   100        10216      36277      36377      181        800        1  Right
0   10  500        10202      36177      36678      182        2000       1  Left 
0   8   100        10222      36678      36778      183        100        1  Right
2   9   500        10246      36377      36878      182        2500       1  Right
15  8   100        10557      36778      36878      183        200        1  Right
12  7   100        10204      36878      36978      188        800        1  Right
6   0   100        10211      36978      37078      186        300        1  Right
4   5   500        10206      36678      37179      186        2000       1  Right
5   14  500        10170      37179      37679      191        4000       1  Right
5   4   100        10185      37679      37779      192        400        1  Right
5   6   100        10186      37779      37879      193        600        1  Left 
5   2   100        10230      37879      37880      191        500        1  Left 
6   1   100        10315      37879      37881      191        800        1  Right
11  0   100        10232      37881      37981      193        600        1  Left 
10  0   100        10249      37981      38081      194        400        1  Left 
2   11  500        10249      37981      38482      194        4000       1  Right
0   6   500        10261      38482      38982      196        1500       1  Right
9   6   100        10293      38982      39082      197        400        1  Right
2   5   500        10261      38982      39482      197        2500       1  Left 
0   11  500        10273      39482      39483      199        3000       1  Left 
2   4   500        10494      39482      39484      199        3500       1  Right
0   10  500        10295      39483      39984      200        2000       1  Left 
7   0   100        10289      39984      40084      202        600        1  Right
9   5   100        10318      39984      40085      202        600        1  Right
5   6   100        10298      40085      40185      204        600        1  Left 
0   5   100        10324      40185      40285      205        300        1  Left 
0   7   500        10340      40285      40785      206        3000       1  Right
5   9   500        10344      40285      40786      206        3000       1  Right
10  0   100        10341      40786      40886      208        400        1  Left 
5   6   100        10352      40886      40986      209        600        1  Left 
1   6   500        10358      40986      41486      210        4000       1  Right
0   10  500        10387      40986      41487      210        2000       1  Left 
4   6   100        10444      41486      41587      211        600        1  Right
6   5   500        10376      41587      42087      213        3000       1  Left 
14  5   100        10380      42087      42187      214        800        1  Right
14  1   100        10481      42187      42287      215        600        1  Right
14  1   100        10481      42287      42387      216        600        1  Right
0   6   500        10448      42087      42588      214        1500       1  Right
6   14  500        10391      42588      43088      218        1000       1  Right
0   7   500        10454      42588      43089      218        5000       1  Left 
6   0   100        10401      43089      43189      220        300        1  Right
5   14  500        10421      43089      43590      220        4000       1  Right
7   0   100        10403      43590      43690      222        600        1  Right
5   1   100        10483      43590      43691      222        200        1  Right
4   2   100        10468      43690      43791      223        700        1  Right
10  0   100        10438      43691      43792      224        400        1  Left 
7   3   500        10490      43791      44292      225        1000       1  Right
6   5   500        10463      43792      44293      226        3000       1  Left 
1   14  500        10502      44292      44793      227        3000       1  Right
0   10  500        10484      44293      44794      228        2000       1  Left 
1   14  500        10505      44793      45294      229        3000       1  Right
11  0   100        10485      45294      45394      231        600        1  Left 
14  2   100        10520      45294      45395      230        300        1  Right
6   0   100        10500      45395      45495      233        300        1  Right
7   12  500        10505      45394      45895      232        4000       1  Left 
7   0   100        10511      45895      45896      234        1000       1  Left 
2   14  500        10546      45495      45897      233        1500       1  Right
1   5   500        10519      45896      46397      235        1000       1  Right
0   11  500        10526      45897      46398      236        5000       1  Right
6   1   100        10502      46398      46498      239        800        1  Right
10  0   100        10530      46398      46499      238        400        1  Left 
4   6   100        10530      46498      46500      239        600        1  Right
10  1   100        10636      46499      46500      239        100        1  Right
5   2   100        10572      46499      46501      240        500        1  Left 
3   7   100        10547      46500      46601      241        200        1  Right
1   6   500        10550      46501      47002      242        4000       1  Left 
14  0   100        10536      47002      47003      244        500        1  Right
12  7   100        10569      47002      47004      244        800        1  Left 
8   0   500        10549      47003      47504      245        500        1  Right
6   9   500        10565      47004      47505      246        2000       1  Right
11  0   100        10583      47504      47605      247        600        1  Left 
1   8   100        10589      47605      47705      249        400        1  Left 
4   6   500        10624      47505      48006      247        3000       1  Right
9   5   100        10569      48006      48106      251        600        1  Right
8   15  500        10608      47705      48206      250        1000       1  Right
6   5   500        10587      48106      48607      252        5000       1  Right
0   14  500        10562      48607      49107      254        2500       1  Right
5   9   500        10595      48607      49108      254        3000       1  Right
9   1   100        10640      49108      49208      255        400        1  Right
9   1   100        10640      49208      49308      256        400        1  Right
0   7   500        10569      49107      49608      255        3000       1  Right
6   4   100        10593      49608      49708      259        600        1  Right
7   0   100        10632      49708      49808      259        600        1  Right
8   1   500        10648      49308      49809      257        2000       1  Left 
11  0   100        10666      49808      49909      260        1000       1  Right
10  1   100        10719      49809      49910      259        100        1  Right
2   5   500        10603      49909      50410      263        2500       1  Left 
0   10  500        10576      50410      50910      265        2000       1  Left 
0   2   100        10603      50910      51010      266        200        1  Right
5   6   100        10648      50910      51011      265        1000       1  Right
0   2   100        10606      51010      51111      267        200        1  Right
4   6   100        10658      51011      51112      267        600        1  Right
2   8   100        10617      51111      51211      268        300        1  Right
1   10  500        10677      51011      51512      267        500        1  Right
0   11  500        10624      51211      51712      270        5000       1  Right
0   4   100        10626      51712      51812      272        700        1  Left 
8   2   500        10677      51812      52312      273        1500       1  Right
6   4   500        10684      51812      52313      273        3000       1  Right
0   7   500        10683      52313      52813      275        3000       1  Right
1   9   500        10686      52313      52814      275        2000       1  Right
7   0   100        10732      52813      52914      274        600        1  Right
1   9   500        10689      52814      53315      277        2000       1  Right
0   11  500        10715      53315      53815      277        3000       1  Left 
6   4   500        10725      53315      53816      277        3000       1  Right
11  0   100        10757      53815      53916      278        600        1  Left 
9   2   100        10742      53816      53917      279        500        1  Right
4   1   100        10721      53916      54017      280        200        1  Right
9   0   100        10758      53917      54018      281        700        1  Right
1   4   500        10752      54017      54518      282        1000       1  Right
0   7   500        10783      54018      54519      283        3000       1  Right
1   10  500        10760      54518      55019      284        500        1  Right
2   9   500        10783      54519      55020      285        2500       1  Right
4   2   100        10795      55020      55021      287        700        1  Right
0   11  500        10798      55019      55421      286        3000       1  Left 
10  1   100        10800      55421      55521      289        100        1  Right
6   4   500        10807      55021      55522      288        3000       1  Right
14  0   100        10789      55522      55622      291        500        1  Right
1   10  500        10841      55521      56022      288        500        1  Right
0   9   500        10809      55622      56123      292        3500       1  Right
8   10  500        10922      56022      56523      291        1500       1  Left 
0   14  500        10815      56123      56624      292        2500       1  Right
1   10  500        10994      56523      57024      293        500        1  Right
2   4   500        10821      56624      57125      294        3500       1  Right
7   0   100        10836      57125      57225      296        600        1  Right
11  0   100        10844      57225      57325      297        600        1  Left 
6   4   100        10845      57225      57326      297        600        1  Right
4   6   100        10862      57326      57426      299        1000       1  Left 
7   3   500        10853      57326      57826      299        1000       1  Right
4   6   500        10871      57426      57927      300        5000       1  Left 
14  0   100        10858      57927      57928      302        500        1  Right
7   12  500        10868      57927      58329      302        4000       1  Left 
2   0   500        10880      57928      58429      303        1000       1  Right
4   5   100        10887      58329      58430      304        400        1  Right
0   14  500        10884      58429      58930      305        2500       1  Right
5   4   500        10908      58430      58931      306        2000       1  Right
3   0   100        10885      58930      59031      307        400        1  Right
6   2   100        10900      59031      59131      309        100        1  Right
0   11  500        10887      59031      59531      309        3000       1  Left 
0   7   500        10887      59531      60031      311        3000       1  Right
10  3   100        10892      60031      60131      312        800        1  Right
10  8   100        10896      60131      60231      313        300        1  Left 
2   0   500        10891      60031      60531      312        1000       1  Right
12  0   100        10905      60531      60631      315        200        1  Right
6   5   500        10922      60231      60732      314        5000       1  Right
14  0   100        10911      60732      60832      317        500        1  Right
3   8   100        10923      60832      60932      318        500        1  Right
11  0   100        10936      60932      61032      319        1000       1  Right
1   5   500        11001      60732      61233      317        1000       1  Right
0   1   100        10922      61233      61333      321        500        1  Left 
2   6   500        10936      61032      61533      320        500        1  Right
0   14  500        10937      61333      61834      322        5500       1  Left 
0   6   100        10941      61834      61934      324        300        1  Right
10  1   100        10953      61834      61935      324        100        1  Right
8   3   100        10960      61934      62035      325        500        1  Right
5   1   100        10965      61935      62036      326        200        1  Right
14  0   100        10963      62035      62136      327        500        1  Right
5   1   100        10965      62036      62137      328        200        1  Right
0   11  500        10977      62136      62637      329        5000       1  Right
1   5   500        11004      62137      62638      330        1000       1  Right
11  1   100        11014      62638      62738      332        100        1  Right
10  1   100        11038      62738      62838      333        100        1  Right
0   14  500        10989      62637      63138      331        2500       1  Right
7   0   100        10997      63138      63238      335        600        1  Right
3   10  100        11001      63238      63338      336        800        1  Left 
1   11  500        11050      62838      63339      334        500        1  Right
9   0   100        11011      63338      63439      337        700        1  Right
14  0   100        11020      63439      63539      339        500        1  Right
5   2   100        11040      63539      63540      340        500        1  Left 
5   0   100        11056      63540      63640      341        300        1  Left 
1   10  500        11079      63339      63641      338        500        1  Right
11  1   100        11087      63641      63642      343        100        1  Right
6   4   500        11144      63539      63643      340        3000       1  Right
2   5   500        11071      63640      63842      342        2500       1  Left 
1   11  500        11123      63642      64043      344        500        1  Right
0   14  500        11046      63842      64343      346        2500       1  Right
5   4   500        11159      64043      64544      347        2000       1  Right
0   7   500        11048      64343      64844      348        3000       1  Right
0   9   500        11062      64844      65344      350        3500       1  Right
14  0   100        11072      65344      65444      351        500        1  Right
14  1   100        11130      65444      65544      352        600        1  Right
6   1   100        11153      65544      65644      353        800        1  Right
11  1   100        11155      65644      65744      354        100        1  Right
14  1   100        11173      65744      65844      355        600        1  Right
0   5   500        11097      65444      65944      352        1500       1  Left 
3   10  100        11266      65844      65945      355        800        1  Right
4   5   100        11138      65945      66045      358        400        1  Right
4   1   100        11199      66045      66145      359        200        1  Right
4   1   100        11199      66145      66245      360        200        1  Right
0   14  500        11098      65945      66445      358        2500       1  Right
7   0   100        11104      66445      66545      362        600        1  Right
9   0   100        11142      66545      66645      363        700        1  Right
1   14  500        11151      66645      67145      364        3000       1  Right
0   7   500        11155      67145      67645      365        3000       1  Right
1   11  500        11191      67145      67646      365        500        1  Right
0   3   500        11178      67645      68146      366        2000       1  Right
1   14  500        11194      67646      68147      367        3000       1  Right
7   1   100        11204      68147      68247      369        500        1  Right
14  1   100        11221      68247      68347      369        600        1  Right
11  3   100        11240      68347      68447      370        600        1  Right
4   2   100        11269      68447      68547      371        700        1  Right
0   12  500        11193      68146      68647      368        1000       1  Right
6   2   100        11283      68547      68648      372        100        1  Right
7   15  100        11320      68648      68649      372        500        1  Right
0   9   500        11193      68647      69049      374        4500       1  Left 
1   0   500        11195      69049      69549      377        2500       1  Left 
1   6   500        11205      69549      70049      378        4000       1  Right
0   6   100        11220      70049      70149      378        300        1  Right
8   3   100        11255      70149      70249      379        500        1  Right
9   0   100        11263      70249      70349      380        700        1  Right
3   0   100        11267      70349      70449      381        400        1  Right
14  3   100        11292      70449      70549      382        100        1  Right
1   4   500        11230      70049      70550      378        1000       1  Right
10  3   500        11293      70549      71050      383        4000       1  Left 
1   4   500        11233      70550      71051      384        1000       1  Right
3   13  100        11323      71050      71151      383        400        1  Right
0   1   100        11234      71051      71152      386        500        1  Left 
11  8   100        11244      71152      71252      388        500        1  Left 
2   4   500        11295      71151      71652      387        3500       1  Right
0   6   100        11235      71652      71752      390        300        1  Right
8   11  500        11275      71252      71753      389        2500       1  Left 
4   0   100        11288      71752      71853      391        900        1  Right
11  1   100        11311      71753      71854      391        100        1  Right
12  0   100        11294      71853      71954      393        200        1  Right
5   0   100        11309      71954      72054      395        300        1  Left 
2   6   500        11319      71853      72354      391        500        1  Right
1   14  500        11242      71854      72355      394        3000       1  Right
0   3   500        11309      72354      72855      397        2000       1  Right
1   7   500        11250      72355      72856      398        2500       1  Right
14  8   100        11296      72855      72956      399        600        1  Right
0   9   500        11314      72956      73456      399        3500       1  Right
0   4   500        11324      73456      73956      400        3500       1  Left 
13  3   500        11336      73456      73957      400        2000       1  Right
3   11  100        11334      73957      74057      402        600        1  Right
3   11  100        11336      74057      74157      403        600        1  Right
0   12  500        11330      73956      74457      401        1000       1  Right
15  7   500        11376      74157      74657      404        2500       1  Right
1   11  500        11347      74157      74658      404        500        1  Right
0   5   500        11350      74457      74959      405        1500       1  Left 
15  7   500        11629      74657      75158      406        2500       1  Right
1   11  500        11430      74658      75159      407        500        1  Right
8   14  500        11342      75158      75659      409        3000       1  Right
6   5   100        11386      75659      75759      411        600        1  Left 
11  3   500        11351      75659      76159      411        3000       1  Right
3   14  100        11370      76159      76259      413        100        1  Right
5   6   500        11407      75759      76260      412        3000       1  Left 
11  1   100        11394      76159      76261      413        100        1  Right
9   0   100        11381      76260      76361      415        700        1  Right
3   8   500        11385      76361      76861      417        2500       1  Right
3   0   100        11414      76861      76961      418        400        1  Right
7   6   100        11431      76961      77061      419        300        1  Right
7   15  100        11573      77061      77062      420        500        1  Right
7   15  100        11744      77062      77063      421        500        1  Right
0   9   500        11432      76961      77264      419        4500       1  Left 
5   0   100        11434      77264      77364      423        300        1  Left 
0   3   500        11445      77364      77864      424        2000       1  Right
12  0   100        11463      77864      77964      425        200        1  Right
0   5   500        11475      77964      78464      426        1500       1  Left 
3   0   100        11478      78464      78564      427        400        1  Right
9   0   100        11492      78564      78664      428        700        1  Right
0   12  500        11499      78664      79164      429        1000       1  Right
0   3   500        11509      79164      79664      430        2000       1  Right
5   0   100        11517      79664      79764      431        300        1  Left 
6   0   500        11520      79764      80264      432        1500       1  Right
1   0   500        11534      80264      80764      433        2500       1  Left 
6   0   500        11534      80764      81264      434        1500       1  Right
12  0   100        11535      81264      81364      435        200        1  Right
4   0   100        11541      81364      81464      436        700        1  Left 
3   0   100        11543      81464      81564      437        400        1  Right
0   9   500        11543      81564      82064      438        3500       1  Right
3   14  100        11638      82064      82164      439        100        1  Right
0   5   500        11565      82064      82564      439        1500       1  Left 
0   6   100        11567      82564      82565      441        300        1  Right
12  3   100        11617      82564      82566      441        1000       1  Left 
6   5   100        11637      82566      82666      443        1000       1  Right
0   12  500        11571      82566      83066      443        1000       1  Right
14  3   500        11656      82666      83167      444        500        1  Right
0   4   500        11582      83066      83567      445        3500       1  Left 
9   0   100        11594      83567      83667      447        700        1  Right
5   0   100        11606      83667      83767      448        300        1  Left 
9   1   100        11692      83667      83768      448        400        1  Right
5   6   500        11658      83767      84268      449        3000       1  Left 
4   0   100        11638      84268      84368      451        700        1  Left 
0   9   500        11645      84368      84868      452        3500       1  Right
6   1   100        11698      84868      84968      453        800        1  Right
6   1   100        11698      84968      85068      454        800        1  Right
0   5   500        11647      84868      85368      453        1500       1  Left 
5   0   100        11702      85368      85468      456        300        1  Left 
1   9   500        11738      85068      85568      455        2000       1  Right
6   7   500        11703      85068      85569      455        1500       1  Right
6   2   100        11798      85569      85669      459        100        1  Right
0   4   500        11674      85568      86069      458        3500       1  Left 
4   0   100        11711      86069      86169      461        700        1  Left 
15  7   500        11800      85669      86170      460        2500       1  Right
9   1   100        11785      86169      86269      462        400        1  Right
12  0   100        11719      86169      86270      462        200        1  Right
1   6   500        11741      86269      86770      464        4000       1  Right
0   5   500        11743      86270      86771      465        1500       1  Left 
5   0   100        11785      86771      86871      467        300        1  Left 
1   6   500        11747      86770      87271      466        4000       1  Right
3   12  500        11695      87271      87771      469        3000       1  Right
1   9   500        11831      87271      87772      466        2000       1  Right
2   6   500        11834      87771      88272      467        500        1  Right
0   4   500        11749      87772      88273      471        3500       1  Left 
0   12  500        11755      88273      88773      473        1000       1  Right
4   0   100        11802      88773      88873      474        700        1  Left 
6   0   100        11825      88873      88973      472        300        1  Right
12  1   100        11843      88873      88974      472        300        1  Left 
6   0   500        11873      88973      89474      473        1500       1  Right
1   12  500        11874      88974      89475      474        1500       1  Left 
4   0   100        11898      89474      89575      475        900        1  Right
4   0   100        11978      89575      89675      477        900        1  Right
1   12  500        11925      89475      89976      476        1500       1  Left 
9   1   100        11882      89976      90076      479        400        1  Right
0   5   500        11826      89976      90476      479        1500       1  Left 
0   4   500        11838      90476      90976      481        3500       1  Left 
5   1   100        11883      90976      91076      482        200        1  Right
12  1   100        11894      91076      91176      483        300        1  Left 
3   1   100        11924      91176      91276      484        700        1  Right
0   6   500        11871      90976      91476      482        1500       1  Right
0   3   100        11872      91476      91576      486        400        1  Right
1   5   500        11925      91276      91777      485        1000       1  Right
12  1   100        11957      91777      91877      488        300        1  Left 
5   1   100        11973      91877      91977      489        200        1  Right
0   4   500        11934      91576      92077      487        4500       1  Right
12  1   100        12020      91977      92078      490        300        1  Left 
0   2   100        11960      92077      92178      491        200        1  Right
3   0   100        12017      92178      92278      493        400        1  Right
6   0   100        12078      92278      92378      494        300        1  Right
1   9   500        11928      92078      92579      492        2000       1  Right
1   3   500        11937      92579      93079      496        3500       1  Right
9   3   100        12014      93079      93179      497        300        1  Right
1   12  500        11988      93079      93579      497        1500       1  Left 
0   4   500        12014      93179      93680      498        4500       1  Right
9   8   100        12018      93680      93780      500        800        1  Right
12  3   100        12028      93780      93880      501        600        1  Right
1   5   500        12012      93579      94080      499        1000       1  Right
5   1   100        12044      94080      94180      503        200        1  Right
4   1   100        12050      94180      94280      504        200        1  Right
8   9   500        12039      93880      94381      502        4000       1  Right
1   12  500        12051      94280      94781      505        1500       1  Left 
9   1   100        12065      94781      94881      507        400        1  Right
0   3   500        12048      94381      94882      506        2000       1  Right
3   11  100        12051      94882      94982      509        600        1  Right
11  3   100        12065      94982      95082      510        600        1  Right
1   5   500        12080      94881      95382      508        1000       1  Right
0   6   500        12124      94882      95383      509        1500       1  Right
3   8   100        12051      95382      95482      512        1100       1  Left 
8   3   100        12083      95482      95582      514        500        1  Right
1   4   500        12083      95482      95982      514        1000       1  Right
3   1   100        12087      95982      96082      516        700        1  Right
8   5   500        12161      95582      96083      515        1000       1  Left 
1   9   500        12111      96082      96583      517        2000       1  Right
1   3   500        12113      96583      97083      519        3500       1  Right
4   1   100        12123      97083      97183      520        200        1  Right
3   9   100        12124      97083      97184      520        300        1  Right
5   3   100        12126      97184      97284      522        700        1  Left 
5   8   100        12130      97284      97384      523        200        1  Left 
3   0   100        12150      97284      97385      523        400        1  Right
5   3   100        12131      97385      97485      525        700        1  Left 
3   7   100        12159      97485      97585      526        200        1  Right
6   0   100        12186      97485      97586      526        300        1  Right
1   4   500        12154      97183      97684      521        1000       1  Right
9   1   100        12160      97684      97784      529        400        1  Right
4   1   100        12181      97784      97884      530        200        1  Right
0   3   500        12181      97586      98087      528        2000       1  Right
1   9   500        12206      97884      98385      531        2000       1  Right
0   6   500        12232      98087      98587      532        1500       1  Right
7   3   500        12182      98087      98588      532        1000       1  Right
7   0   100        12186      98588      98688      535        600        1  Right
1   4   500        12212      98385      98887      533        1000       1  Right
3   5   500        12228      98688      99189      536        3500       1  Left 
4   3   100        12258      99189      99289      538        500        1  Right
4   8   100        12262      99289      99389      539        600        1  Left 
4   3   100        12263      99389      99489      540        500        1  Right
2   0   500        12241      99189      99689      538        1000       1  Right
6   0   100        12280      99689      99789      542        300        1  Right
3   4   500        12287      99489      99990      541        2500       1  Right
0   7   500        12246      99990      100490     544        3000       1  Right
8   4   500        12300      99990      100491     544        3000       1  Left 
0   2   100        12269      100490     100591     545        200        1  Right
3   12  500        12313      100491     100592     546        5000       1  Left 
0   6   500        12326      100591     100593     546        1500       1  Right
12  3   100        12330      100592     100594     547        1000       1  Left 
3   14  100        12351      100594     100694     549        100        1  Right
7   0   100        12356      100594     100695     549        1000       1  Left 
14  3   100        12369      100694     100795     550        100        1  Right
6   0   100        12372      100695     100796     551        300        1  Right
12  3   100        12392      100795     100797     552        1000       1  Left 
6   0   100        12469      100796     100798     552        300        1  Right
12  8   100        12396      100797     100898     554        100        1  Right
12  1   100        12473      100898     100998     555        300        1  Left 
4   3   500        12427      100797     101298     553        2500       1  Right
3   12  100        12400      101298     101398     558        600        1  Right
3   4   500        12405      101398     101898     559        2500       1  Right
8   12  500        12432      101398     101899     558        500        1  Right
0   7   500        12407      101898     102399     560        3000       1  Right
3   9   100        12413      102399     102499     562        300        1  Right
3   4   100        12414      102499     102599     563        500        1  Right
0   6   500        12418      102399     102900     561        1500       1  Right
9   3   500        12439      102599     103100     563        1500       1  Right
8   3   100        12449      103100     103101     565        1100       1  Left 
3   5   100        12456      103101     103201     566        900        1  Right
3   12  100        12492      103201     103202     567        1000       1  Left 
0   6   500        12515      102900     103203     564        1500       1  Right
3   12  100        12495      103202     103303     568        1000       1  Left 
0   2   100        12569      103203     103304     569        200        1  Right
12  3   500        12503      103303     103804     570        5000       1  Left 
7   0   100        12522      103804     103904     572        600        1  Right
1   12  500        12504      103804     104304     572        1500       1  Left 
3   8   500        12532      103904     104405     573        2500       1  Right
3   5   100        12774      104405     104505     575        900        1  Right
2   0   500        12546      104405     104905     575        1000       1  Right
6   0   100        12561      104905     105005     577        300        1  Right
0   7   500        12583      105005     105505     578        3000       1  Right
0   6   500        12607      105505     106005     579        1500       1  Right
7   0   100        12634      106005     106105     580        600        1  Right
6   1   100        12649      106105     106205     581        800        1  Right
2   0   500        12846      106105     106606     580        1000       1  Right
1   6   500        12690      106205     106706     582        4000       1  Right
0   7   500        12685      106706     107206     584        3000       1  Right
7   3   100        12738      107206     107306     585        200        1  Right
6   1   100        12743      107206     107307     585        800        1  Left 
3   7   500        12821      107306     107807     585        1000       1  Right
1   6   500        12787      107307     107808     587        4000       1  Left 
5   3   500        12787      107808     108308     589        3500       1  Left 
6   1   100        12824      108308     108408     589        800        1  Right
7   0   100        12860      108408     108508     590        600        1  Right
1   6   500        12865      108508     109008     591        4000       1  Right
0   1   100        12874      109008     109108     592        500        1  Left 
6   3   100        12916      109008     109109     591        100        1  Right
0   6   100        12875      109109     109209     594        300        1  Right
3   5   100        12947      109109     109210     593        900        1  Right
0   7   500        12911      109210     109710     596        3000       1  Right
6   3   100        12921      109710     109810     596        100        1  Right
3   7   100        12947      109810     109910     597        200        1  Right
3   6   500        12952      109910     110410     598        500        1  Right
1   7   500        13027      109910     110411     597        2500       1  Right
5   3   100        12960      110410     110511     599        700        1  Left 
7   3   100        12973      110511     110611     601        200        1  Right
3   6   100        13009      110611     110711     602        100        1  Right
3   6   100        13020      110711     110811     602        100        1  Right
1   0   500        13146      110511     111012     600        2500       1  Left 
3   7   500        13077      110811     111312     603        1000       1  Right
7   1   100        12981      111312     111412     606        500        1  Right
7   3   100        12982      111412     111512     607        200        1  Right
7   1   100        13156      111512     111612     607        500        1  Right
0   7   100        13169      111612     111712     608        1000       1  Left 
6   3   500        13038      111512     112012     607        500        1  Right
1   7   500        13202      111712     112213     609        2500       1  Right
7   1   100        13249      112213     112313     611        500        1  Right
6   0   500        13175      112012     112513     610        1500       1  Right
1   7   500        13295      112313     112814     612        2500       1  Right
7   1   100        13342      112814     112914     613        500        1  Right
7   3   100        13350      112914     113014     614        200        1  Right
0   1   100        13532      112914     113015     613        500        1  Left 
1   7   500        13388      113015     113515     616        2500       1  Right
7   0   500        13481      113515     114015     617        3000       1  Right
3   7   500        13647      114015     114515     616        1000       1  Right
1   0   500        13804      114015     114516     616        2500       1  Left 
7   3   100        13679      114515     114616     617        200        1  Right
3   6   100        13715      114616     114716     619        100        1  Right
6   3   100        13733      114716     114816     620        100        1  Right
7   3   100        13741      114816     114916     621        200        1  Right
7   8   100        13745      114916     115016     622        700        1  Right
3   7   100        13764      115016     115116     623        200        1  Right
8   7   500        13766      115116     115616     624        3500       1  Right
3   12  100        13777      115616     115716     625        600        1  Right
7   1   100        13792      115616     115717     625        500        1  Right
3   8   100        13777      115716     115817     626        500        1  Right
12  3   100        13785      115817     115917     628        600        1  Right
8   3   100        13808      115917     116017     629        500        1  Right
0   7   100        13827      116017     116117     629        600        1  Right
0   6   100        14189      116117     116217     628        300        1  Right
8   3   100        14747      116217     116317     624        500        1  Right
1   7   500        13838      116117     116617     630        2500       1  Right
3   7   100        13849      116617     116717     633        200        1  Right
0   1   100        14190      116617     116718     631        500        1  Left 
3   7   100        14788      116717     116818     627        200        1  Right
0   1   100        14236      116718     116819     633        500        1  Left 
7   0   500        14139      116819     117319     635        3000       1  Right
1   0   500        14213      117319     117819     636        2500       1  Left 
7   3   500        14811      117319     117820     631        1000       1  Right
6   0   500        14486      117819     117821     635        1500       1  Right
3   8   500        14855      117820     117822     633        5500       1  Left 
1   0   500        14508      117822     118322     638        2500       1  Left 
0   1   100        14528      118322     118422     637        500        1  Left 
0   1   100        14530      118422     118522     638        500        1  Left 
1   0   500        14800      118522     119022     638        2500       1  Left 
1   0   500        14811      119022     119522     639        2500       1  Left 
0   2   100        14829      119522     119622     640        200        1  Right
2   0   500        15106      119622     120122     640        1000       1  Right
0   1   100        15146      120122     120222     640        500        1  Left 
0   2   100        15149      120222     120322     641        200        1  Right
1   0   500        15418      120322     120822     640        2500       1  Left 
2   0   500        15426      120822     121322     640        1000       1  Right
0   1   100        15437      121322     121422     641        500        1  Left 
1   0   500        15458      121422     121922     642        2500       1  Left 
0   1   100        15490      121922     122022     643        500        1  Left 
1   0   500        15762      122022     122522     642        2500       1  Left 
0   8   100        15788      122522     122622     643        100        1  Right
0   2   100        15790      122622     122722     644        200        1  Right
2   0   500        16068      122722     123222     644        1000       1  Right
0   2   100        16092      123222     123322     645        200        1  Right
0   6   100        16093      123322     123422     646        300        1  Right
8   0   500        16115      123422     123922     647        500        1  Right
2   0   500        16369      123922     124422     645        1000       1  Right
6   0   500        16392      124422     124922     646        1500       1  Right
0   2   100        16402      124922     125022     647        200        1  Right
2   0   500        16679      125022     125522     646        1000       1  Right
0   8   100        16704      125522     125622     647        100        1  Right
0   2   100        16706      125622     125722     648        200        1  Right
2   0   500        16984      125722     126222     647        1000       1  Right
0   1   100        17018      126222     126322     648        500        1  Left 
8   0   500        17031      126322     126822     649        500        1  Right
0   2   100        17090      126822     126922     650        200        1  Right
1   0   500        17290      126922     127422     650        2500       1  Left 
2   0   500        17367      127422     127922     651        1000       1  Right
0   2   100        17398      127922     128022     652        200        1  Right
2   0   500        17675      128022     128522     653        1000       1  Right
0   2   100        17702      128522     128622     654        200        1  Right
2   0   500        17979      128622     129122     649        1000       1  Right
0   2   100        18010      129122     129222     650        200        1  Right
2   0   500        18287      129222     129722     646        1000       1  Right
0   2   100        18320      129722     129822     647        200        1  Right
0   6   100        18322      129822     129922     648        300        1  Right
2   0   500        18597      129922     130422     647        1000       1  Right
6   0   500        18620      130422     130922     648        1500       1  Right
0   8   100        18624      130922     131022     649        100        1  Right
0   2   100        18624      131022     131122     650        200        1  Right
2   0   500        18904      131122     131622     649        1000       1  Right
0   2   100        18931      131622     131722     650        200        1  Right
8   0   500        18951      131722     132222     651        500        1  Right
2   0   500        19208      132222     132722     650        1000       1  Right
0   2   100        19230      132722     132822     651        200        1  Right
2   0   500        19507      132822     133322     650        1000       1  Right
0   2   100        19821      133322     133422     650        200        1  Right
2   0   500        20098      133422     133922     650        1000       1  Right
0   2   100        20121      133922     134022     651        200        1  Right
2   0   500        20398      134022     134522     650        1000       1  Right
0   2   100        20425      134522     134622     651        200        1  Right
2   0   500        20702      134622     135122     652        1000       1  Right
0   2   100        20729      135122     135222     653        200        1  Right
2   0   500        21006      135222     135722     652        1000       1  Right
0   3   100        21028      135722     135822     653        400        1  Right
0   8   100        21030      135822     135922     654        100        1  Right
3   0   500        21320      135922     136422     654        2000       1  Right
0   3   100        21348      136422     136522     653        400        1  Right
8   0   500        21358      136522     137022     654        500        1  Right
