
71
C:/Users/nxconrad/Desktop/REU 2.0/Benchmark Data/16-core/7/flow_freqmine100#3.txt
745
[6, 5, 15, 2, 1, 8, 12, 11, 0, 14, 10, 7, 4, 3, 13, 9]
0   8   100        9400       9402       9502       0          300        1  Right
6   3   500        9399       9401       9901       0          1500       1  Left 
4   14  500        9401       9502       9902       0          1500       1  Right
2   11  500        9400       9502       9903       1          2000       1  Right
15  3   500        9428       9901       10303      1          2500       1  Left 
1   7   500        9401       9903       10404      3          3500       1  Right
3   15  500        9432       10303      10804      4          2500       1  Left 
4   8   500        9408       10404      10905      5          3500       1  Right
1   8   100        9416       10905      11005      7          100        1  Right
0   13  500        9411       10905      11405      7          3000       1  Right
0   11  100        9417       11405      11505      9          100        1  Right
1   5   500        9428       11005      11506      8          1500       1  Right
9   0   100        9424       11505      11507      10         700        1  Right
11  6   100        9430       11506      11508      11         700        1  Right
13  0   100        9457       11507      11608      12         600        1  Right
9   1   100        9426       11508      11609      13         500        1  Left 
0   13  500        9488       11608      12109      14         3000       1  Right
6   12  500        9433       11609      12110      15         3000       1  Right
9   4   100        9521       12109      12210      15         300        1  Right
15  12  500        9443       12110      12611      17         2000       1  Right
6   7   500        9464       12210      12711      18         2500       1  Left 
0   5   100        9488       12611      12712      19         700        1  Right
14  4   100        9617       12711      12812      19         300        1  Right
8   6   500        9456       12712      13213      21         2500       1  Right
11  6   100        9467       13213      13313      23         900        1  Left 
5   0   100        9489       13313      13413      24         900        1  Left 
8   15  500        9458       13213      13713      23         1500       1  Right
2   8   100        9491       13713      13813      26         200        1  Right
6   11  500        9498       13413      13914      25         4500       1  Left 
7   2   100        9478       13914      14014      28         800        1  Left 
3   15  100        9485       14014      14114      29         500        1  Left 
12  15  100        9495       14114      14115      30         1200       1  Left 
8   1   500        9500       13813      14215      27         500        1  Right
13  0   100        9519       14115      14216      30         600        1  Right
1   9   500        9473       14215      14716      32         2500       1  Left 
6   1   100        9517       14716      14816      33         400        1  Right
4   9   500        9552       14716      15217      33         1500       1  Right
2   7   500        9519       14816      15317      34         4000       1  Right
0   5   500        9532       15317      15817      36         3500       1  Right
4   14  500        9653       15317      15818      36         1500       1  Right
8   2   500        9537       15817      16318      37         1000       1  Right
0   13  500        9550       15818      16319      38         3000       1  Right
1   6   500        9558       16318      16819      39         2000       1  Right
7   6   100        9566       16819      16919      41         500        1  Left 
5   0   100        9573       16819      16920      41         700        1  Right
14  6   100        9618       16919      17020      42         700        1  Left 
13  0   100        9586       17020      17021      44         600        1  Right
6   11  500        9606       17020      17422      44         3500       1  Right
7   5   100        9591       17422      17522      46         600        1  Left 
10  5   100        9605       17522      17622      47         700        1  Left 
6   0   100        9609       17622      17722      48         800        1  Left 
1   11  500        9655       17422      17923      46         1500       1  Right
0   5   500        9614       17722      18223      49         4500       1  Left 
6   8   100        9611       18223      18323      51         500        1  Right
0   13  500        9617       18223      18724      51         3000       1  Right
5   7   500        9617       18724      19224      53         3000       1  Left 
6   10  500        9617       19224      19724      54         3000       1  Left 
6   1   100        9618       19724      19824      55         400        1  Right
0   4   100        9635       19724      19825      55         400        1  Right
11  1   100        9619       19824      19925      56         300        1  Right
8   1   100        9646       19925      20025      58         100        1  Right
8   2   100        9646       20025      20125      59         200        1  Right
14  2   100        9692       20125      20126      60         600        1  Right
11  2   100        9703       20126      20226      61         400        1  Right
5   10  500        9626       19825      20227      57         3500       1  Left 
8   4   100        9646       20227      20327      63         700        1  Right
5   1   100        9655       20227      20328      63         300        1  Right
8   15  100        9646       20328      20428      65         300        1  Right
10  1   100        9668       20428      20528      66         600        1  Right
10  1   100        9668       20528      20628      67         600        1  Right
10  2   100        9766       20628      20728      68         700        1  Right
6   4   500        9650       20327      20828      64         2000       1  Left 
13  0   100        9656       20828      20829      70         600        1  Right
6   11  500        9712       20828      20830      70         3500       1  Right
0   13  500        9687       20829      20930      71         3000       1  Right
4   8   100        9675       20930      21030      73         700        1  Right
2   8   100        9682       21030      21130      74         200        1  Right
4   1   100        9683       21130      21131      75         800        1  Right
3   15  500        9686       20930      21332      73         2500       1  Left 
1   0   500        9684       21131      21333      76         2000       1  Right
1   8   100        9684       21333      21433      78         100        1  Right
2   14  500        9718       21332      21434      77         5000       1  Left 
3   7   100        9836       21434      21534      80         200        1  Right
8   0   500        9750       21433      21834      79         1500       1  Right
0   14  100        9719       21834      21934      82         100        1  Right
1   6   500        9695       21434      21935      80         2000       1  Right
15  8   100        9693       21935      22035      84         300        1  Right
14  6   100        9741       21935      22036      84         700        1  Left 
14  6   100        9745       22036      22136      86         700        1  Left 
8   6   100        9754       22136      22137      87         1100       1  Left 
1   5   500        9698       22035      22437      85         1500       1  Right
1   10  500        9709       22437      22937      89         3000       1  Right
15  3   500        9792       22437      22938      89         2500       1  Left 
3   15  100        9937       22938      23038      88         500        1  Left 
1   10  500        9716       22937      23438      90         3000       1  Right
13  1   100        9714       23438      23538      93         600        1  Left 
1   4   500        9727       23538      24038      94         4000       1  Right
9   4   100        9773       24038      24138      95         300        1  Right
9   6   100        9774       24138      24238      96         100        1  Left 
2   11  500        9734       24038      24239      95         2000       1  Right
0   5   500        9796       24238      24240      97         4500       1  Left 
11  6   100        9781       24240      24241      99         900        1  Left 
0   4   100        9796       24241      24341      100        400        1  Right
15  12  500        9807       24239      24342      98         2000       1  Right
11  5   100        9806       24341      24343      101        1000       1  Left 
0   8   100        9807       24343      24443      103        300        1  Right
1   13  500        9740       24343      24843      103        3000       1  Left 
6   1   100        9747       24843      24943      105        400        1  Right
6   0   100        9751       24943      25043      106        800        1  Right
5   0   100        9755       25043      25044      107        700        1  Right
6   14  500        9787       25043      25045      107        3500       1  Left 
5   11  500        9832       25044      25046      108        3000       1  Right
10  0   100        9793       25045      25047      109        200        1  Right
6   7   500        9841       25045      25447      109        2500       1  Left 
7   5   100        9842       25447      25448      112        600        1  Left 
2   10  500        9807       25047      25449      111        3500       1  Right
4   0   100        9798       25449      25549      114        400        1  Right
1   6   500        9788       25449      25949      114        2000       1  Right
0   10  500        9839       25549      26049      115        1000       1  Right
4   9   500        9804       25549      26050      115        1500       1  Right
12  7   100        9846       26049      26150      117        500        1  Right
13  1   100        9797       26050      26151      118        600        1  Left 
0   4   500        9844       26150      26651      119        2000       1  Right
1   13  500        9823       26151      26652      120        3000       1  Left 
9   2   100        9848       26652      26752      122        400        1  Left 
13  1   100        9849       26752      26852      123        600        1  Left 
0   4   500        9922       26651      27152      118        2000       1  Right
1   13  500        9875       26852      27353      124        3000       1  Left 
5   0   100        9850       27353      27453      126        700        1  Right
9   6   100        9929       27353      27453      123        100        1  Left 
13  3   100        9911       27353      27454      123        100        1  Right
4   0   100        9886       27453      27553      127        400        1  Right
5   1   100        9852       27453      27554      127        300        1  Right
13  8   100        9915       27553      27654      126        900        1  Right
1   5   500        9889       27554      28055      130        1500       1  Right
6   14  500        9917       27654      28155      128        3500       1  Left 
5   7   500        9868       28155      28655      133        3000       1  Left 
1   14  500        9966       28155      28656      130        2500       1  Right
7   1   100        9913       28656      28756      132        700        1  Right
7   1   100        9913       28756      28856      133        700        1  Right
14  1   100        9945       28856      28956      134        500        1  Right
2   9   500        9889       28655      29156      134        2000       1  Left 
5   4   100        9933       29156      29256      136        500        1  Left 
1   7   500        9972       28956      29457      135        3500       1  Right
4   5   500        9957       29256      29757      137        2500       1  Left 
1   7   500        9975       29457      29958      138        3500       1  Right
4   1   100        9958       29958      29959      140        800        1  Right
14  2   100        9999       29959      30059      141        600        1  Right
15  3   500        9966       29757      30060      139        2500       1  Left 
1   4   500        9999       30059      30461      142        4000       1  Right
0   6   100        9950       30461      30561      144        800        1  Right
8   6   100        9956       30561      30661      145        500        1  Right
0   9   100        10022      30561      30662      145        700        1  Right
4   0   100        10032      30662      30762      147        400        1  Right
6   8   500        9969       30661      31162      146        2500       1  Right
0   4   500        10070      30762      31263      148        2000       1  Right
8   13  500        10003      31162      31663      149        3500       1  Left 
3   13  100        10010      31663      31763      151        100        1  Right
9   6   100        10060      31663      31763      151        100        1  Left 
7   2   100        10020      31663      31764      151        800        1  Right
6   1   100        10021      31764      31864      153        400        1  Right
7   0   100        10036      31764      31865      153        300        1  Right
11  5   100        10057      31864      31965      154        600        1  Right
10  0   100        10046      31865      31966      155        200        1  Right
7   3   500        10138      31865      32366      155        1000       1  Right
1   6   500        10062      31965      32466      156        2000       1  Right
9   1   100        10101      32466      32566      159        500        1  Left 
7   12  500        10153      32366      32867      158        2500       1  Right
2   14  500        10025      32867      33367      161        3000       1  Right
6   14  500        10049      33367      33368      162        3500       1  Left 
5   11  500        10083      33367      33369      162        3000       1  Right
14  2   100        10052      33369      33469      164        600        1  Right
6   9   500        10060      33368      33869      163        500        1  Left 
2   7   500        10063      33469      33970      165        4000       1  Right
6   9   500        10081      33869      34370      166        500        1  Left 
2   14  500        10078      33970      34471      167        3000       1  Right
0   7   500        10087      34471      34971      169        1500       1  Right
6   11  500        10093      34471      34972      169        3500       1  Right
3   7   100        10184      34971      35071      170        200        1  Right
0   10  500        10092      34971      35472      170        1000       1  Right
1   9   500        10147      34972      35474      171        2500       1  Left 
12  7   100        10204      35472      35475      173        500        1  Right
1   4   500        10151      35474      35877      174        4000       1  Left 
0   6   100        10099      35877      35977      176        800        1  Right
14  6   100        10104      35977      36077      177        700        1  Left 
6   0   100        10116      36077      36177      178        800        1  Left 
4   0   100        10117      36177      36277      179        400        1  Right
10  0   100        10156      36277      36377      180        200        1  Right
1   11  500        10164      35977      36478      177        1500       1  Right
4   1   100        10119      36478      36578      182        800        1  Right
11  1   100        10128      36578      36678      183        300        1  Right
6   9   500        10201      36177      36679      179        500        1  Left 
11  1   100        10128      36678      36779      184        300        1  Right
14  5   100        10129      36679      36780      185        800        1  Left 
8   0   500        10165      36779      37280      186        1500       1  Right
5   14  500        10170      36780      37281      187        4000       1  Left 
1   11  500        10167      37280      37781      188        1500       1  Right
0   6   500        10162      37281      37782      189        4000       1  Left 
5   4   100        10185      37782      37882      191        500        1  Left 
5   6   100        10186      37882      37982      192        100        1  Right
9   2   100        10205      37982      38082      193        400        1  Left 
11  2   100        10216      38082      38182      194        400        1  Right
0   10  500        10202      37782      38283      191        1000       1  Right
0   8   100        10222      38283      38383      196        300        1  Right
15  8   100        10557      38383      38483      195        300        1  Right
4   5   500        10206      38082      38583      194        2500       1  Left 
6   0   100        10211      38583      38683      199        800        1  Right
5   2   100        10230      38683      38783      200        200        1  Right
11  0   100        10232      38683      38784      200        100        1  Right
10  0   100        10249      38784      38884      202        200        1  Right
7   0   100        10289      38884      38984      203        300        1  Right
10  0   100        10341      38984      39084      203        200        1  Right
2   9   500        10246      38783      39284      201        2000       1  Left 
2   11  500        10249      39284      39784      206        2000       1  Right
0   6   500        10261      39284      39785      206        4000       1  Left 
9   6   100        10293      39785      39885      208        100        1  Left 
2   5   500        10261      39784      40285      207        1000       1  Right
0   11  500        10273      39785      40286      208        500        1  Right
5   6   100        10298      40285      40386      210        100        1  Right
6   1   100        10315      40386      40486      211        400        1  Right
9   5   100        10318      40486      40586      212        200        1  Left 
0   10  500        10295      40286      40787      211        1000       1  Right
5   9   500        10344      40586      41087      213        1000       1  Left 
5   6   100        10352      41087      41187      215        100        1  Right
2   4   500        10494      40787      41288      213        4500       1  Right
0   5   100        10324      41288      41388      217        700        1  Right
0   7   500        10340      41388      41888      218        1500       1  Right
1   6   500        10358      41388      41889      218        2000       1  Right
0   10  500        10387      41888      42389      219        1000       1  Right
6   5   500        10376      41889      42390      220        500        1  Right
14  5   100        10380      42390      42490      222        800        1  Right
4   6   100        10444      42390      42491      221        400        1  Left 
14  1   100        10481      42490      42591      222        500        1  Right
4   2   100        10468      42491      42592      223        700        1  Left 
14  1   100        10481      42591      42692      224        500        1  Right
6   14  500        10391      42692      43192      227        3500       1  Left 
6   0   100        10401      43192      43292      228        800        1  Right
7   0   100        10403      43292      43392      228        300        1  Right
10  0   100        10438      43392      43492      229        200        1  Right
11  0   100        10485      43492      43592      230        100        1  Right
14  2   100        10520      43592      43692      231        600        1  Right
6   5   500        10463      43292      43793      228        500        1  Right
7   3   500        10490      43392      43894      229        1000       1  Right
5   14  500        10421      43793      44294      233        4000       1  Right
0   6   500        10448      44294      44794      235        4000       1  Right
5   1   100        10483      44794      44894      236        300        1  Right
4   6   100        10530      44794      44895      236        400        1  Left 
5   2   100        10572      44894      44995      237        200        1  Right
0   7   500        10454      44794      45294      236        1500       1  Right
0   10  500        10484      45294      45295      240        1000       1  Right
7   12  500        10505      45294      45296      240        5500       1  Left 
0   11  500        10526      45295      45796      241        500        1  Right
1   14  500        10502      45296      45797      242        5500       1  Left 
6   0   100        10500      45797      45897      244        800        1  Right
3   7   100        10547      45797      45898      244        200        1  Right
6   1   100        10502      45897      45998      245        400        1  Right
7   0   100        10511      45898      45999      246        300        1  Right
6   9   500        10565      45998      46499      247        500        1  Left 
1   14  500        10505      45999      46500      248        2500       1  Right
10  0   100        10530      46500      46600      250        200        1  Right
14  0   100        10536      46600      46700      251        100        1  Right
5   9   500        10595      46499      47000      249        1000       1  Left 
2   14  500        10546      46700      47201      252        3000       1  Right
1   5   500        10519      47201      47701      254        1500       1  Right
8   0   500        10549      47201      47702      254        1500       1  Right
1   6   500        10550      47701      48202      255        2000       1  Right
0   14  500        10562      47702      48203      256        500        1  Right
12  7   100        10569      48202      48303      257        1100       1  Left 
11  0   100        10583      48203      48304      258        100        1  Right
1   8   100        10589      48303      48403      259        100        1  Right
9   5   100        10569      48303      48404      259        200        1  Left 
0   7   500        10569      48304      48806      260        1500       1  Right
8   15  500        10608      48403      48904      261        1500       1  Right
6   5   500        10587      48404      48905      262        500        1  Right
6   4   100        10593      48905      49005      265        400        1  Left 
0   10  500        10576      48806      49307      263        1000       1  Right
2   5   500        10603      48905      49407      265        1000       1  Right
7   0   100        10632      49307      49407      267        300        1  Right
4   6   500        10624      49005      49506      266        2000       1  Left 
0   2   100        10603      49407      49508      268        500        1  Right
5   6   100        10648      49506      49607      269        100        1  Right
0   2   100        10606      49508      49609      270        500        1  Right
4   6   100        10658      49607      49708      271        400        1  Left 
2   8   100        10617      49609      49710      272        200        1  Right
10  1   100        10636      49710      49810      274        1000       1  Left 
9   1   100        10640      49810      49910      275        500        1  Left 
9   1   100        10640      49910      50010      276        500        1  Left 
0   11  500        10624      49609      50110      272        500        1  Right
0   4   100        10626      50110      50210      278        400        1  Right
11  0   100        10666      50210      50310      279        100        1  Right
8   1   500        10648      50010      50511      277        500        1  Right
6   4   500        10684      50210      50712      279        2000       1  Left 
0   7   500        10683      50310      50811      280        1500       1  Right
8   2   500        10677      50511      51012      281        1000       1  Right
6   4   500        10725      50712      51213      282        2000       1  Left 
0   11  500        10715      50811      51312      283        500        1  Right
1   10  500        10677      51213      51714      285        5000       1  Left 
7   0   100        10732      51714      51814      287        300        1  Right
11  0   100        10757      51814      51914      288        100        1  Right
1   9   500        10686      51714      52214      287        2500       1  Left 
0   7   500        10783      51914      52415      289        1500       1  Right
1   9   500        10689      52214      52715      290        2500       1  Left 
10  1   100        10719      52715      52815      292        1000       1  Left 
4   1   100        10721      52815      52915      293        800        1  Left 
0   11  500        10798      52415      52916      291        500        1  Right
9   2   100        10742      52915      53016      294        400        1  Left 
1   4   500        10752      52916      53417      295        4000       1  Right
2   9   500        10783      53016      53517      296        2000       1  Left 
4   2   100        10795      53517      53518      298        700        1  Left 
1   10  500        10760      53417      53819      297        3000       1  Right
10  1   100        10800      53819      53919      300        600        1  Right
6   4   500        10807      53518      54019      298        2000       1  Left 
1   10  500        10841      53919      54020      300        3000       1  Right
2   4   500        10821      54019      54120      301        3500       1  Left 
6   4   100        10845      54120      54220      303        400        1  Left 
4   6   100        10862      54220      54320      304        400        1  Left 
8   10  500        10922      54020      54521      301        2500       1  Right
4   6   500        10871      54320      54821      305        2000       1  Left 
4   5   100        10887      54821      54921      307        500        1  Left 
6   2   100        10900      54921      55021      308        300        1  Right
1   10  500        10994      54521      55022      305        3000       1  Right
5   4   500        10908      55021      55522      308        2500       1  Left 
9   0   100        10758      55522      55622      312        700        1  Right
14  0   100        10789      55622      55722      313        100        1  Right
6   5   500        10922      55522      56023      310        500        1  Right
0   9   500        10809      55722      56223      313        3500       1  Right
1   5   500        11001      56023      56524      313        1500       1  Right
6   4   500        11144      56223      56723      313        2000       1  Left 
0   14  500        10815      56223      56724      315        500        1  Right
7   0   100        10836      56724      56824      318        300        1  Right
11  0   100        10844      56824      56924      319        100        1  Right
14  0   100        10858      56924      57024      320        100        1  Right
1   5   500        11004      56524      57026      314        1500       1  Right
7   3   500        10853      56824      57326      319        1000       1  Right
0   14  500        10884      57024      57525      321        500        1  Right
7   12  500        10868      57326      57827      323        5500       1  Left 
10  3   100        10892      57827      57927      325        300        1  Right
0   11  500        10887      57525      58026      324        500        1  Right
10  8   100        10896      57927      58028      326        1100       1  Left 
2   0   500        10880      58028      58528      328        2500       1  Right
3   0   100        10885      58528      58628      329        500        1  Right
3   8   100        10923      58628      58728      329        800        1  Left 
8   3   100        10960      58728      58828      330        800        1  Left 
0   7   500        10887      58628      59128      330        1500       1  Right
3   10  100        11001      59128      59228      332        300        1  Right
2   0   500        10891      59128      59628      333        2500       1  Right
12  0   100        10905      59628      59728      334        200        1  Right
14  0   100        10911      59728      59828      335        100        1  Right
0   1   100        10922      59828      59928      336        400        1  Right
11  0   100        10936      59928      60028      337        100        1  Right
2   6   500        10936      59628      60129      334        1500       1  Right
10  1   100        10953      60129      60229      339        1000       1  Left 
5   1   100        10965      60229      60329      340        300        1  Right
5   1   100        10965      60329      60429      341        300        1  Right
0   14  500        10937      60028      60529      338        500        1  Right
5   2   100        11040      60429      60529      341        200        1  Right
11  1   100        11014      60429      60530      341        300        1  Right
0   6   100        10941      60529      60630      343        800        1  Left 
14  0   100        10963      60630      60730      345        100        1  Right
2   5   500        11071      60529      61030      342        1000       1  Right
10  1   100        11038      61030      61130      346        1000       1  Left 
0   11  500        10977      60730      61231      346        500        1  Right
0   14  500        10989      61231      61731      349        500        1  Right
1   11  500        11050      61231      61732      348        1500       1  Right
7   0   100        10997      61731      61832      350        300        1  Right
11  1   100        11087      61732      61833      350        300        1  Right
9   0   100        11011      61832      61933      351        700        1  Right
14  0   100        11020      61933      62033      353        100        1  Right
1   10  500        11079      61933      62434      353        5000       1  Left 
0   14  500        11046      62033      62534      354        500        1  Right
3   10  100        11266      62434      62534      355        300        1  Right
1   11  500        11123      62434      62935      355        1500       1  Right
0   7   500        11048      62534      63035      356        1500       1  Right
5   0   100        11056      63035      63135      358        700        1  Right
0   9   500        11062      63135      63635      359        3500       1  Right
14  0   100        11072      63635      63735      360        100        1  Right
7   0   100        11104      63735      63835      361        300        1  Right
14  1   100        11130      63835      63935      362        500        1  Right
5   4   500        11159      63635      64136      360        2500       1  Left 
0   5   500        11097      64136      64636      364        3500       1  Right
4   5   100        11138      64636      64736      365        500        1  Left 
6   1   100        11153      64736      64836      366        400        1  Right
11  1   100        11155      64836      64936      367        300        1  Right
0   14  500        11098      64636      65136      365        500        1  Right
9   0   100        11142      65136      65236      369        700        1  Right
1   14  500        11151      65236      65736      370        2500       1  Right
0   7   500        11155      65736      66236      371        1500       1  Right
1   11  500        11191      65736      66237      371        1500       1  Right
0   3   500        11178      66236      66737      372        2500       1  Right
14  1   100        11173      66737      66837      374        500        1  Right
0   12  500        11193      66837      66838      375        1000       1  Right
1   14  500        11194      66837      66839      375        5500       1  Left 
0   9   500        11193      66839      67339      377        3500       1  Right
1   0   500        11195      67339      67839      378        2000       1  Right
4   1   100        11199      67839      67939      379        800        1  Right
4   1   100        11199      67939      68039      380        800        1  Right
7   1   100        11204      68039      68040      381        700        1  Right
4   2   100        11269      68039      68041      381        700        1  Left 
14  1   100        11221      68040      68141      382        500        1  Right
6   2   100        11283      68041      68142      383        300        1  Right
11  3   100        11240      68141      68242      384        600        1  Right
11  8   100        11244      68242      68243      386        200        1  Right
9   0   100        11263      68242      68244      386        700        1  Right
8   3   100        11255      68244      68344      388        800        1  Right
3   0   100        11267      68344      68444      389        500        1  Right
1   6   500        11205      68142      68445      385        2000       1  Right
4   0   100        11288      68444      68445      390        400        1  Right
3   13  100        11323      68444      68446      390        100        1  Right
0   6   100        11220      68446      68546      392        800        1  Left 
8   11  500        11275      68344      68747      389        1000       1  Right
12  0   100        11294      68747      68847      394        200        1  Right
1   4   500        11230      68546      69047      393        4000       1  Left 
1   4   500        11233      69047      69547      396        4000       1  Right
0   1   100        11234      69547      69647      397        400        1  Right
14  3   100        11292      69547      69648      397        400        1  Right
0   6   100        11235      69647      69748      398        800        1  Right
10  3   500        11293      69648      70149      399        1500       1  Right
1   14  500        11242      69748      70249      400        2500       1  Right
2   4   500        11295      70149      70250      401        3500       1  Left 
1   7   500        11250      70249      70350      402        3500       1  Right
14  8   100        11296      70350      70450      404        400        1  Right
11  1   100        11311      70450      70550      405        300        1  Right
2   6   500        11319      70250      70751      403        1500       1  Right
0   3   500        11309      70450      70951      405        2500       1  Right
5   0   100        11309      70951      71051      408        700        1  Right
13  3   500        11336      70951      71452      408        500        1  Right
0   9   500        11314      71051      71552      409        4500       1  Left 
7   15  100        11320      71552      71652      411        700        1  Left 
8   14  500        11342      71552      72053      411        2000       1  Right
15  7   500        11376      71652      72153      412        3500       1  Left 
3   11  100        11334      72153      72154      414        1000       1  Left 
3   11  100        11336      72154      72155      415        1000       1  Left 
0   4   500        11324      72153      72455      414        2000       1  Right
3   14  100        11370      72455      72555      417        400        1  Right
5   6   500        11407      72155      72655      415        500        1  Right
1   11  500        11347      72155      72656      416        1500       1  Right
9   0   100        11381      72555      72657      418        700        1  Right
7   6   100        11431      72657      72757      420        500        1  Left 
7   15  100        11573      72757      72857      417        700        1  Left 
1   11  500        11430      72656      73157      419        1500       1  Right
15  7   500        11629      72857      73358      416        3500       1  Left 
0   12  500        11330      73157      73658      424        1000       1  Right
3   8   500        11385      73358      73859      425        4000       1  Left 
0   5   500        11350      73859      74359      427        3500       1  Right
6   5   100        11386      74359      74459      428        100        1  Right
11  3   500        11351      74359      74859      428        3000       1  Right
11  1   100        11394      74859      74959      430        300        1  Right
3   0   100        11414      74859      74960      429        500        1  Right
0   9   500        11432      74960      75460      431        3500       1  Right
5   0   100        11434      75460      75560      432        700        1  Right
0   3   500        11445      75560      76060      433        2500       1  Right
12  0   100        11463      76060      76160      434        200        1  Right
7   15  100        11744      76060      76161      428        700        1  Left 
0   5   500        11475      76161      76661      436        3500       1  Right
3   0   100        11478      76661      76761      437        500        1  Right
9   0   100        11492      76761      76861      438        700        1  Right
0   12  500        11499      76861      77361      439        1000       1  Right
0   3   500        11509      77361      77861      436        2500       1  Right
5   0   100        11517      77861      77961      437        700        1  Right
6   0   500        11520      77961      78461      438        4000       1  Right
1   0   500        11534      78461      78961      439        2000       1  Right
6   0   500        11534      78961      79461      440        4000       1  Right
12  0   100        11535      79461      79561      441        200        1  Right
4   0   100        11541      79561      79562      442        400        1  Right
12  3   100        11617      79561      79563      440        900        1  Left 
3   0   100        11543      79563      79663      444        500        1  Right
0   9   500        11543      79663      80163      445        3500       1  Right
3   14  100        11638      80163      80263      444        400        1  Right
0   5   500        11565      80163      80663      446        3500       1  Right
0   6   100        11567      80663      80763      448        800        1  Right
14  3   500        11656      80263      80764      445        2000       1  Right
6   5   100        11637      80763      80863      447        100        1  Right
0   12  500        11571      80763      81264      449        1000       1  Right
0   4   500        11582      81264      81265      452        2000       1  Right
3   12  500        11695      81264      81266      450        4500       1  Left 
9   0   100        11594      81266      81366      454        700        1  Right
5   0   100        11606      81366      81466      455        700        1  Right
4   0   100        11638      81466      81566      454        400        1  Right
5   6   500        11658      81466      81967      454        500        1  Right
0   9   500        11645      81566      82067      455        3500       1  Right
0   5   500        11647      82067      82567      457        3500       1  Right
9   1   100        11692      82567      82667      458        500        1  Left 
6   1   100        11698      82667      82767      459        400        1  Right
6   1   100        11698      82767      82867      460        400        1  Right
0   4   500        11674      82567      83067      458        2000       1  Right
1   9   500        11738      82867      83368      461        2500       1  Left 
5   0   100        11702      83368      83468      463        700        1  Right
6   7   500        11703      83368      83869      463        2500       1  Left 
0   5   500        11743      83468      83969      464        3500       1  Right
4   0   100        11711      83969      84069      466        400        1  Right
12  0   100        11719      84069      84169      467        200        1  Right
1   6   500        11741      83969      84470      466        2000       1  Right
0   4   500        11749      84169      84670      468        2000       1  Right
1   6   500        11747      84470      84971      469        2000       1  Right
9   1   100        11785      84971      85071      471        500        1  Left 
0   12  500        11755      84670      85171      470        1000       1  Right
6   2   100        11798      85071      85172      472        300        1  Right
1   9   500        11831      85171      85173      473        5500       1  Right
2   6   500        11834      85172      85174      474        1500       1  Right
12  1   100        11843      85173      85274      475        200        1  Right
5   0   100        11785      85174      85275      476        900        1  Left 
1   12  500        11874      85274      85775      477        1000       1  Right
15  7   500        11800      85275      85776      478        3500       1  Left 
4   0   100        11802      85776      85876      480        400        1  Right
6   0   100        11825      85876      85976      481        800        1  Left 
1   12  500        11925      85775      86276      479        1000       1  Right
0   5   500        11826      85976      86477      482        4500       1  Left 
9   1   100        11882      86477      86577      484        500        1  Left 
5   1   100        11883      86577      86677      485        300        1  Right
12  1   100        11894      86677      86777      486        200        1  Right
3   1   100        11924      86777      86877      487        700        1  Left 
0   4   500        11838      86477      86977      484        2000       1  Right
1   5   500        11925      86877      87378      488        1500       1  Right
0   6   500        11871      86977      87478      489        4000       1  Left 
12  1   100        11957      87378      87479      490        200        1  Right
0   3   100        11872      87478      87579      491        500        1  Right
1   9   500        11928      87479      87980      492        2500       1  Left 
0   4   500        11934      87579      88080      493        2000       1  Right
1   3   500        11937      87980      88481      494        3500       1  Left 
9   3   100        12014      88481      88581      496        200        1  Right
6   0   500        11873      88481      88981      496        4000       1  Right
4   0   100        11898      88981      89081      498        400        1  Right
5   1   100        11973      88981      89082      498        300        1  Right
4   0   100        11978      89081      89182      499        400        1  Right
0   2   100        11960      89182      89183      501        1100       1  Left 
1   12  500        11988      89082      89484      500        1000       1  Right
0   4   500        12014      89183      89684      502        2000       1  Right
3   0   100        12017      89684      89784      504        500        1  Right
9   8   100        12018      89784      89785      505        1000       1  Right
1   5   500        12012      89484      89786      503        1500       1  Right
8   9   500        12039      89785      90186      506        5000       1  Right
12  1   100        12020      90186      90286      508        200        1  Right
3   11  100        12051      90186      90287      508        600        1  Right
5   1   100        12044      90286      90387      509        300        1  Right
12  3   100        12028      90287      90388      510        700        1  Right
0   3   500        12048      90388      90888      512        2500       1  Right
1   12  500        12051      90388      90889      512        1000       1  Right
11  3   100        12065      90888      90989      513        600        1  Right
3   8   100        12051      90989      91089      515        800        1  Right
6   0   100        12078      91089      91189      516        800        1  Left 
8   3   100        12083      91189      91289      517        800        1  Right
1   5   500        12080      90889      91390      514        1500       1  Right
0   6   500        12124      91289      91790      516        4000       1  Left 
8   5   500        12161      91390      91891      517        2000       1  Right
4   1   100        12050      91891      91991      521        800        1  Right
9   1   100        12065      91991      92091      522        500        1  Left 
1   4   500        12083      92091      92591      523        4000       1  Right
3   1   100        12087      92591      92691      524        700        1  Left 
1   9   500        12111      92691      93191      523        2500       1  Left 
1   3   500        12113      93191      93691      524        3500       1  Left 
4   1   100        12123      93691      93791      525        800        1  Right
3   9   100        12124      93691      93792      525        200        1  Right
5   3   100        12126      93792      93892      527        400        1  Left 
1   4   500        12154      93791      94292      526        4000       1  Right
5   8   100        12130      94292      94392      529        400        1  Right
3   0   100        12150      94292      94393      529        500        1  Right
9   1   100        12160      94392      94493      530        500        1  Left 
3   7   100        12159      94393      94494      531        200        1  Right
6   0   100        12186      94493      94594      532        800        1  Right
5   3   100        12131      94594      94694      534        400        1  Left 
4   1   100        12181      94594      94695      534        800        1  Right
3   5   500        12228      94694      95195      534        2000       1  Left 
0   3   500        12181      95195      95695      537        2500       1  Right
1   9   500        12206      95195      95696      537        2500       1  Left 
7   3   500        12182      95695      96196      538        1000       1  Right
0   6   500        12232      95696      96197      538        4000       1  Right
4   3   100        12258      96196      96297      539        100        1  Right
7   0   100        12186      96197      96298      541        300        1  Right
1   4   500        12212      96297      96798      541        4000       1  Left 
0   7   500        12246      96298      96799      542        1500       1  Right
4   8   100        12262      96798      96899      543        900        1  Left 
4   3   100        12263      96899      96999      545        100        1  Right
2   0   500        12241      96899      97399      545        2500       1  Right
0   2   100        12269      97399      97499      547        500        1  Right
3   4   500        12287      96999      97500      546        500        1  Right
6   0   100        12280      97499      97600      548        800        1  Right
8   4   500        12300      97600      98100      550        3500       1  Right
3   12  500        12313      98100      98600      551        3500       1  Right
3   14  100        12351      98600      98700      552        400        1  Right
0   6   500        12326      98600      99100      552        4000       1  Right
12  3   100        12330      99100      99200      554        700        1  Right
7   0   100        12356      99200      99300      555        300        1  Right
3   12  100        12400      99200      99301      555        900        1  Left 
0   7   500        12407      99300      99801      556        1500       1  Right
8   12  500        12432      99301      99801      557        500        1  Right
3   4   500        12405      99301      99802      557        500        1  Right
6   0   100        12372      99801      99902      558        800        1  Right
14  3   100        12369      99802      99903      559        400        1  Right
3   9   100        12413      99903      100003     561        200        1  Right
3   4   100        12414      100003     100103     562        100        1  Right
0   6   500        12418      99902      100403     560        4000       1  Right
12  3   100        12392      100403     100503     564        700        1  Right
12  8   100        12396      100503     100603     565        100        1  Right
6   0   100        12469      100603     100703     566        800        1  Right
12  1   100        12473      100703     100803     567        200        1  Right
7   0   100        12522      100703     100804     567        300        1  Right
4   3   500        12427      100503     101004     565        500        1  Right
0   6   500        12515      100804     101305     569        4000       1  Right
9   3   500        12439      101004     101505     570        1000       1  Right
3   5   100        12456      101505     101605     572        400        1  Left 
2   0   500        12546      101305     101806     571        2500       1  Right
8   3   100        12449      101806     101906     574        800        1  Right
3   12  100        12492      101906     102006     575        700        1  Right
3   12  100        12495      102006     102106     576        700        1  Right
12  3   500        12503      102106     102606     577        3500       1  Right
6   0   100        12561      102606     102706     578        800        1  Left 
0   2   100        12569      102706     102707     579        1100       1  Left 
1   12  500        12504      102606     103007     578        1000       1  Right
0   7   500        12583      102707     103208     580        1500       1  Right
7   0   100        12634      103208     103308     581        300        1  Right
3   8   500        12532      103007     103508     581        4000       1  Left 
7   3   100        12738      103508     103608     581        200        1  Right
0   6   500        12607      103508     104008     584        4000       1  Right
6   1   100        12649      104008     104108     585        400        1  Right
0   7   500        12685      104008     104509     585        1500       1  Right
1   6   500        12690      104108     104609     586        2000       1  Right
6   1   100        12743      104609     104709     586        400        1  Right
3   5   100        12774      104709     104809     587        400        1  Left 
2   0   500        12846      104709     105210     586        2500       1  Right
5   3   500        12787      104809     105310     588        2000       1  Left 
7   0   100        12860      105210     105311     588        300        1  Right
1   6   500        12787      105310     105811     590        2000       1  Right
3   7   500        12821      105311     105812     590        1000       1  Right
6   1   100        12824      105811     105912     591        400        1  Right
1   6   500        12865      105912     106412     593        2000       1  Right
0   1   100        12874      106412     106512     594        400        1  Right
6   3   100        12916      106412     106513     594        300        1  Left 
0   6   100        12875      106513     106613     596        800        1  Right
6   3   100        12921      106613     106713     597        300        1  Left 
3   5   100        12947      106713     106813     598        400        1  Left 
5   3   100        12960      106813     106913     599        400        1  Left 
0   7   500        12911      106613     107113     597        1500       1  Right
3   7   100        12947      107113     107213     601        200        1  Right
3   6   500        12952      107213     107713     602        1500       1  Left 
1   7   500        13027      107213     107714     602        3500       1  Right
3   6   100        13009      107713     107814     603        300        1  Left 
7   3   100        12973      107814     107914     605        200        1  Right
3   6   100        13020      107914     108014     606        300        1  Left 
1   0   500        13146      107714     108215     604        2000       1  Right
3   7   500        13077      108014     108515     607        1000       1  Right
7   1   100        12981      108515     108615     609        700        1  Right
7   3   100        12982      108615     108715     610        200        1  Right
7   1   100        13156      108715     108815     611        700        1  Right
0   7   100        13169      108815     108915     612        300        1  Right
6   3   500        13038      108715     109215     611        1500       1  Left 
1   7   500        13202      108915     109416     613        3500       1  Right
6   0   500        13175      109416     109916     615        4000       1  Right
7   1   100        13249      109916     110016     615        700        1  Right
1   7   500        13295      110016     110516     616        3500       1  Right
7   1   100        13342      110516     110616     616        700        1  Right
7   3   100        13350      110616     110716     617        200        1  Right
0   1   100        13532      110616     110717     616        400        1  Right
1   7   500        13388      110717     111217     619        3500       1  Right
7   0   500        13481      111217     111717     619        1500       1  Right
3   7   500        13647      111717     112217     620        1000       1  Right
1   0   500        13804      111717     112218     619        2000       1  Right
7   3   100        13679      112217     112318     621        200        1  Right
3   6   100        13715      112318     112418     622        300        1  Left 
6   3   100        13733      112418     112518     623        300        1  Left 
7   3   100        13741      112518     112618     624        200        1  Right
7   8   100        13745      112618     112718     625        600        1  Right
3   7   100        13764      112718     112818     626        200        1  Right
8   7   500        13766      112818     113318     627        3000       1  Right
3   12  100        13777      113318     113418     628        700        1  Right
3   8   100        13777      113418     113518     629        800        1  Right
12  3   100        13785      113518     113618     630        700        1  Right
7   1   100        13792      113618     113718     631        700        1  Right
8   3   100        13808      113718     113818     632        800        1  Right
0   7   100        13827      113818     113918     632        300        1  Right
8   3   100        14747      113818     113919     625        800        1  Left 
7   0   500        14139      113918     114419     629        1500       1  Right
1   7   500        13838      114419     114919     635        3500       1  Right
3   7   100        13849      114919     115019     636        200        1  Right
0   6   100        14189      114919     115020     632        800        1  Right
3   7   100        14788      115019     115120     630        200        1  Right
0   1   100        14190      115020     115121     634        400        1  Right
7   3   500        14811      115120     115621     632        1000       1  Right
1   0   500        14213      115121     115622     636        2000       1  Right
0   1   100        14236      115622     115722     636        400        1  Right
6   0   500        14486      115722     116222     637        4000       1  Right
1   0   500        14508      116222     116722     638        2000       1  Right
0   1   100        14528      116722     116822     639        400        1  Right
0   1   100        14530      116822     116922     640        400        1  Right
1   0   500        14800      116922     117422     640        2000       1  Right
1   0   500        14811      117422     117922     641        2000       1  Right
0   2   100        14829      117922     118022     641        500        1  Right
3   8   500        14855      118022     118522     642        4000       1  Right
2   0   500        15106      118522     119022     643        2500       1  Right
0   1   100        15146      119022     119122     644        400        1  Right
0   2   100        15149      119122     119222     645        500        1  Right
1   0   500        15418      119222     119722     644        2000       1  Right
2   0   500        15426      119722     120222     645        2500       1  Right
0   1   100        15437      120222     120322     646        400        1  Right
1   0   500        15458      120322     120822     647        2000       1  Right
0   1   100        15490      120822     120922     648        400        1  Right
1   0   500        15762      120922     121422     649        2000       1  Right
0   8   100        15788      121422     121522     650        300        1  Right
0   2   100        15790      121522     121622     651        500        1  Right
2   0   500        16068      121622     122122     650        2500       1  Right
0   2   100        16092      122122     122222     651        500        1  Right
0   6   100        16093      122222     122322     652        800        1  Right
8   0   500        16115      122322     122822     653        1500       1  Right
2   0   500        16369      122822     123322     652        2500       1  Right
6   0   500        16392      123322     123822     653        4000       1  Right
0   2   100        16402      123822     123922     654        500        1  Right
2   0   500        16679      123922     124422     655        2500       1  Right
0   8   100        16704      124422     124522     656        300        1  Right
0   2   100        16706      124522     124622     657        500        1  Right
2   0   500        16984      124622     125122     655        2500       1  Right
0   1   100        17018      125122     125222     656        400        1  Right
8   0   500        17031      125222     125722     655        1500       1  Right
0   2   100        17090      125722     125822     656        500        1  Right
1   0   500        17290      125822     126322     657        2000       1  Right
2   0   500        17367      126322     126822     658        2500       1  Right
0   2   100        17398      126822     126922     659        500        1  Right
2   0   500        17675      126922     127422     657        2500       1  Right
0   2   100        17702      127422     127522     658        500        1  Right
2   0   500        17979      127522     128022     657        2500       1  Right
0   2   100        18010      128022     128122     658        500        1  Right
2   0   500        18287      128122     128622     658        2500       1  Right
0   2   100        18320      128622     128722     659        500        1  Right
0   6   100        18322      128722     128822     659        800        1  Right
2   0   500        18597      128822     129322     660        2500       1  Right
6   0   500        18620      129322     129822     661        4000       1  Right
0   8   100        18624      129822     129922     662        300        1  Right
0   2   100        18624      129922     130022     663        500        1  Right
2   0   500        18904      130022     130522     663        2500       1  Right
0   2   100        18931      130522     130622     664        500        1  Right
8   0   500        18951      130622     131122     665        1500       1  Right
2   0   500        19208      131122     131622     666        2500       1  Right
0   2   100        19230      131622     131722     666        500        1  Right
2   0   500        19507      131722     132222     667        2500       1  Right
0   2   100        19821      132222     132322     667        500        1  Right
2   0   500        20098      132322     132822     664        2500       1  Right
0   2   100        20121      132822     132922     665        500        1  Right
2   0   500        20398      132922     133422     660        2500       1  Right
0   2   100        20425      133422     133522     661        500        1  Right
2   0   500        20702      133522     134022     659        2500       1  Right
0   2   100        20729      134022     134122     659        500        1  Right
2   0   500        21006      134122     134622     656        2500       1  Right
0   3   100        21028      134622     134722     657        500        1  Right
0   8   100        21030      134722     134822     657        300        1  Right
3   0   500        21320      134822     135322     656        2500       1  Right
0   3   100        21348      135322     135422     655        500        1  Right
8   0   500        21358      135422     135922     656        1500       1  Right
