
228
C:/Users/nxconrad/Desktop/REU 2.0/Benchmark Data/16-core/7/flow_freqmine100#2.txt
810
[0, 10, 8, 3, 13, 2, 5, 6, 12, 1, 11, 14, 4, 7, 15, 9]
10  1   100        6420       6422       6522       0          800        1  Right
10  0   100        6422       6522       6622       1          100        1  Right
2   15  500        6428       6522       7023       0          4500       1  Right
0   3   500        6423       6622       7123       1          1500       1  Right
15  8   100        6469       7123       7223       3          400        1  Left 
1   11  500        6440       7023       7523       2          500        1  Right
6   2   500        6435       7023       7524       2          1000       1  Right
11  1   100        6477       7523       7623       5          100        1  Right
2   6   100        6460       7524       7625       6          200        1  Right
8   15  500        6520       7223       7725       4          2000       1  Left 
11  3   100        6551       7725       7825       8          900        1  Left 
9   3   100        6564       7825       7925       9          400        1  Left 
7   8   100        6567       7925       8025       10         500        1  Left 
1   5   500        6460       7625       8126       8          1500       1  Right
12  0   100        6439       8126       8226       13         800        1  Right
3   0   100        6455       8226       8326       14         300        1  Right
6   1   500        6485       8226       8727       14         1000       1  Right
3   13  500        6537       8326       8827       14         500        1  Right
1   10  500        6461       8727       9228       16         4000       1  Left 
1   5   100        6468       9228       9328       18         300        1  Right
0   12  500        6475       9328       9828       19         4000       1  Right
1   11  500        6513       9328       9829       19         500        1  Right
12  0   100        6513       9828       9929       20         800        1  Right
10  1   100        6513       9929       10029      22         800        1  Right
0   9   100        6526       9929       10030      21         100        1  Left 
0   7   100        6527       10030      10130      23         300        1  Left 
5   1   500        6529       10029      10530      22         1500       1  Right
12  1   100        6596       10530      10630      25         100        1  Right
8   7   500        6588       10130      10631      24         2500       1  Left 
7   1   100        6613       10631      10731      27         400        1  Right
0   12  500        6549       10631      11131      27         4000       1  Right
1   10  500        6554       11131      11631      29         4000       1  Right
0   8   500        6588       11631      11632      30         1000       1  Right
3   9   500        6600       11631      11633      30         6000       1  Right
10  8   100        6595       11632      11733      31         100        1  Right
1   2   100        6612       11633      11734      32         400        1  Right
8   10  500        6621       11733      12234      32         500        1  Right
2   0   500        6614       11734      12235      34         5500       1  Left 
10  3   100        6643       12234      12335      34         200        1  Right
1   0   100        6617       12235      12336      36         700        1  Left 
8   0   100        6648       12336      12436      37         200        1  Right
6   2   500        6677       12235      12736      35         1000       1  Right
1   12  500        6627       12336      12837      37         500        1  Right
2   1   500        6633       12837      13337      40         2000       1  Right
0   1   500        6638       13337      13837      41         3500       1  Left 
15  1   100        6639       13837      13838      42         500        1  Right
12  0   100        6660       13837      13839      42         800        1  Right
9   1   100        6640       13838      13840      43         600        1  Right
0   6   100        6672       13839      13841      44         700        1  Right
1   7   500        6664       13840      14341      45         2000       1  Right
0   12  500        6696       13841      14342      46         4000       1  Right
0   13  100        6696       14342      14442      48         400        1  Right
1   15  500        6665       14341      14842      47         2500       1  Right
0   3   500        6752       14442      14943      49         1500       1  Right
1   9   500        6687       14842      15343      50         3000       1  Right
2   1   100        6692       15343      15443      52         400        1  Right
15  0   100        6703       15343      15444      52         200        1  Left 
6   1   100        6705       15443      15544      53         200        1  Right
15  8   100        6705       15444      15544      54         400        1  Left 
15  1   100        6712       15544      15644      55         500        1  Right
2   13  500        6746       15443      15944      53         500        1  Right
8   0   500        6709       15544      16045      55         1000       1  Right
7   0   100        6710       16045      16145      58         300        1  Left 
8   7   100        6757       16145      16245      59         500        1  Left 
8   13  100        6757       16245      16345      60         200        1  Right
1   2   500        6713       15944      16445      57         2000       1  Right
0   8   100        6761       16345      16446      61         200        1  Right
13  2   100        6725       16445      16545      62         100        1  Right
7   1   100        6721       16445      16546      62         400        1  Right
7   0   100        6723       16546      16646      65         300        1  Left 
9   0   100        6733       16646      16746      66         100        1  Left 
6   2   500        6747       16545      17046      64         1000       1  Right
12  0   100        6738       17046      17047      68         800        1  Right
1   15  500        6738       16646      17049      66         2500       1  Right
8   12  100        6757       17047      17148      69         600        1  Right
12  1   100        6740       17148      17248      71         100        1  Right
8   11  100        6757       17148      17249      71         800        1  Left 
8   10  100        6757       17249      17349      73         100        1  Right
8   9   100        6757       17349      17449      74         300        1  Left 
7   8   100        6765       17449      17549      75         500        1  Left 
5   2   500        6846       17148      17649      71         500        1  Right
1   6   500        6746       17248      17749      72         1000       1  Right
9   1   100        6744       17749      17849      78         600        1  Right
9   0   100        6746       17849      17949      79         100        1  Left 
15  6   100        6763       17849      17950      79         700        1  Right
9   8   100        6780       17949      18050      80         300        1  Left 
2   6   100        6790       17950      18050      81         200        1  Right
15  1   100        6764       17950      18051      81         500        1  Right
2   5   100        6815       18050      18150      82         100        1  Right
10  8   100        6782       18050      18151      82         100        1  Right
15  0   100        6768       18051      18151      83         200        1  Left 
3   0   100        6786       18151      18251      85         300        1  Right
10  2   100        7037       18251      18351      85         400        1  Right
1   7   500        6767       18051      18553      83         2000       1  Right
11  8   100        6784       18553      18653      88         800        1  Left 
1   12  500        6774       18553      19053      88         500        1  Right
3   11  500        6838       18653      19154      89         4500       1  Left 
12  8   100        6786       19154      19254      91         600        1  Right
13  8   100        6788       19254      19354      92         200        1  Right
13  8   100        6796       19354      19454      93         200        1  Right
1   9   500        6790       19154      19655      91         3000       1  Right
3   10  500        6935       19454      19955      94         1000       1  Right
1   15  500        6792       19655      20156      95         2500       1  Right
7   1   100        6818       20156      20256      97         400        1  Right
8   15  100        6829       20156      20257      97         400        1  Left 
12  4   100        6821       20256      20357      98         400        1  Right
8   15  100        6837       20257      20358      99         400        1  Left 
4   12  500        6847       20357      20858      100        2000       1  Right
15  8   500        6875       20358      20859      101        2000       1  Left 
1   7   500        6864       20858      21359      102        2000       1  Right
8   13  500        6934       20859      21360      103        1000       1  Right
9   1   100        6846       21359      21460      104        600        1  Right
1   0   100        6870       21460      21560      106        700        1  Left 
1   9   500        6892       21560      22060      107        3000       1  Right
0   1   500        6896       22060      22560      108        3500       1  Left 
14  8   100        6908       22560      22660      109        700        1  Left 
7   8   100        6910       22660      22661      110        500        1  Left 
14  3   100        6912       22660      22662      110        800        1  Right
8   7   500        6935       22661      22663      111        2500       1  Left 
3   14  500        6943       22662      22664      112        4000       1  Right
9   8   100        6938       22663      22665      113        300        1  Left 
7   3   100        6962       22664      22666      114        1000       1  Right
1   0   100        6929       22666      22766      116        700        1  Left 
0   1   500        6950       22766      23266      117        3500       1  Left 
8   14  500        6954       23266      23766      118        3500       1  Left 
3   4   100        6998       23766      23866      119        900        1  Right
3   5   100        6998       23866      23966      120        300        1  Right
3   6   100        6998       23966      24066      121        400        1  Right
3   7   100        7054       24066      24067      121        1000       1  Right
8   9   500        6959       23766      24167      119        1500       1  Left 
2   5   100        7066       24067      24168      122        100        1  Right
9   3   100        6984       24168      24169      125        1200       1  Right
0   8   500        6971       24167      24569      124        1000       1  Right
1   0   100        6972       24569      24669      127        700        1  Left 
0   10  100        6974       24669      24769      128        100        1  Right
4   8   100        6975       24669      24770      128        1000       1  Right
0   1   500        6993       24770      25270      130        3500       1  Left 
0   10  100        6998       25270      25370      131        100        1  Right
14  1   100        7006       25270      25371      131        200        1  Right
4   3   100        7008       25370      25471      132        700        1  Left 
13  1   100        7032       25371      25472      132        500        1  Right
0   15  100        7011       25471      25572      134        200        1  Left 
8   4   500        7011       25472      25973      135        5000       1  Right
1   0   100        7014       25973      26073      137        700        1  Left 
5   3   100        7015       25973      26074      137        300        1  Right
8   0   100        7028       26073      26173      137        200        1  Right
6   3   100        7023       26074      26175      138        400        1  Right
1   14  500        7027       26073      26574      137        1000       1  Right
14  1   100        7048       26574      26674      141        200        1  Right
6   15  500        7065       26175      26676      140        4500       1  Left 
14  1   100        7061       26674      26775      142        200        1  Right
0   12  100        7067       26676      26777      143        800        1  Right
14  0   100        7063       26777      26877      145        500        1  Left 
1   13  500        7058       26777      27277      145        2500       1  Right
0   3   500        7078       26877      27378      146        1500       1  Right
13  0   100        7086       27378      27478      148        400        1  Right
0   15  100        7086       27478      27578      149        200        1  Left 
13  8   100        7088       27478      27579      149        200        1  Right
6   2   500        7077       27277      27777      147        1000       1  Right
1   14  500        7069       27277      27778      147        1000       1  Right
12  4   100        7073       27778      27878      153        400        1  Right
12  6   100        7074       27878      27978      154        100        1  Right
12  6   100        7097       27978      28078      155        100        1  Right
8   0   500        7098       27579      28081      151        1000       1  Right
3   0   100        7107       28081      28181      157        300        1  Right
5   2   500        7097       27777      28278      152        500        1  Right
10  8   100        7119       28181      28281      158        100        1  Right
12  2   100        7128       28278      28379      158        300        1  Right
1   14  500        7082       27878      28380      154        1000       1  Right
8   4   100        7130       28281      28383      159        600        1  Left 
2   10  500        7073       28383      28883      163        2000       1  Right
0   1   500        7093       28383      28884      163        3500       1  Left 
13  1   100        7095       28884      28984      165        500        1  Right
8   7   100        7130       28884      28985      164        500        1  Left 
13  6   100        7149       28984      28986      165        300        1  Right
7   8   100        7141       28985      28988      166        500        1  Left 
9   8   100        7150       28988      29088      168        300        1  Left 
4   12  500        7099       28984      29387      166        2000       1  Right
15  1   100        7100       29387      29487      171        500        1  Right
14  1   100        7104       29487      29587      172        200        1  Right
4   8   100        7153       29487      29588      171        600        1  Left 
15  1   100        7118       29588      29688      174        500        1  Right
1   0   100        7121       29688      29788      175        700        1  Left 
6   12  500        7133       29387      29888      170        500        1  Right
12  6   100        7186       29888      29988      176        100        1  Right
1   13  500        7121       29788      30289      176        5500       1  Left 
1   14  500        7125       30289      30789      178        1000       1  Right
1   15  500        7127       30789      31289      179        2500       1  Right
8   15  100        7130       31289      31389      180        400        1  Left 
14  3   100        7158       31289      31390      180        800        1  Right
8   14  100        7130       31390      31490      182        700        1  Left 
8   9   100        7130       31490      31590      183        300        1  Left 
1   15  500        7144       31490      31991      183        2500       1  Right
3   9   500        7281       31590      32091      183        2000       1  Left 
0   1   500        7142       32091      32591      186        3500       1  Left 
13  1   100        7150       32591      32691      187        500        1  Right
0   8   100        7155       32591      32692      187        200        1  Right
2   1   100        7155       32691      32792      188        400        1  Right
13  0   100        7154       32692      32793      189        400        1  Right
2   1   100        7155       32792      32893      190        400        1  Right
14  8   100        7172       32793      32894      191        700        1  Left 
1   0   100        7163       32894      32994      193        700        1  Left 
15  8   100        7174       32994      33094      194        400        1  Left 
15  0   100        7189       33094      33194      195        200        1  Left 
2   12  500        7155       32893      33394      192        1500       1  Right
13  8   500        7256       33094      33596      194        1000       1  Right
0   15  500        7210       33194      33695      196        1000       1  Left 
1   2   500        7176       33394      33895      197        2000       1  Right
1   13  500        7178       33895      34395      200        2500       1  Right
8   13  100        7225       34395      34495      200        200        1  Right
8   13  100        7227       34495      34595      201        200        1  Right
1   2   500        7179       34395      34895      201        2000       1  Right
2   0   100        7221       34895      34995      204        1100       1  Left 
15  0   100        7231       34995      35095      204        200        1  Left 
8   10  500        7305       34595      35096      202        500        1  Right
15  1   100        7279       35095      35195      205        500        1  Right
6   12  500        7363       34995      35497      204        500        1  Right
0   2   500        7247       35096      35598      206        2500       1  Right
7   2   100        7338       35598      35698      209        800        1  Right
0   15  500        7252       35598      36098      209        1000       1  Left 
0   11  100        7277       36098      36198      211        600        1  Left 
0   7   100        7300       36198      36298      212        300        1  Left 
1   15  500        7305       36298      36798      213        2500       1  Right
0   8   500        7350       36298      36799      213        1000       1  Right
15  0   100        7333       36799      36899      215        200        1  Left 
2   7   500        7379       36798      37299      214        4000       1  Right
0   15  500        7354       36899      37400      216        1000       1  Left 
15  0   100        7388       37400      37500      218        200        1  Left 
8   0   100        7408       37500      37600      219        200        1  Right
7   8   100        7430       37600      37700      220        500        1  Left 
1   12  500        7412       37299      37800      217        500        1  Right
3   0   100        7431       37700      37801      221        300        1  Right
2   0   100        7474       37801      37901      223        500        1  Right
1   15  500        7417       37800      38301      222        2500       1  Right
0   1   500        7365       38301      38801      225        3500       1  Left 
12  1   100        7381       38801      38901      226        100        1  Right
15  1   100        7390       38901      39001      227        500        1  Right
12  2   100        7458       38901      39002      227        300        1  Right
15  4   100        7453       39001      39102      228        200        1  Right
0   3   500        7399       38801      39302      226        1500       1  Right
10  1   100        7399       39302      39402      231        800        1  Right
0   13  100        7404       39402      39502      232        400        1  Right
4   8   100        7438       39502      39602      233        600        1  Left 
6   13  500        7441       39502      40003      233        1500       1  Right
1   10  500        7440       39602      40004      234        4000       1  Left 
5   8   100        7481       40003      40004      235        400        1  Right
4   3   100        7442       40004      40104      236        700        1  Left 
6   12  500        7463       40003      40405      235        500        1  Right
3   14  500        7450       40104      40605      237        4000       1  Left 
2   12  500        7484       40405      40906      238        1500       1  Right
5   3   100        7485       40906      41006      240        300        1  Right
8   7   500        7451       40605      41106      239        2500       1  Left 
13  1   100        7489       41006      41107      241        500        1  Right
3   7   100        7463       41106      41207      242        600        1  Left 
0   13  100        7473       41207      41307      244        400        1  Right
6   8   100        7483       41307      41407      245        500        1  Right
10  0   100        7483       41307      41408      245        100        1  Right
10  8   100        7485       41408      41508      247        100        1  Right
10  1   100        7492       41508      41608      248        800        1  Right
4   15  500        7494       41207      41708      244        1000       1  Right
0   2   500        7500       41608      42109      249        2500       1  Right
8   4   500        7474       42109      42609      251        3000       1  Left 
8   0   500        7485       42609      43109      252        1000       1  Right
7   3   500        7486       42609      43110      252        5000       1  Right
0   8   100        7544       43109      43210      251        200        1  Right
6   3   100        7487       43110      43211      254        400        1  Right
7   3   100        7494       43211      43311      256        600        1  Left 
7   1   100        7540       43311      43411      255        400        1  Right
8   6   500        7509       43311      43811      257        2500       1  Right
8   5   500        7512       43811      44311      259        2000       1  Right
8   4   100        7512       44311      44411      260        600        1  Left 
8   5   100        7512       44411      44511      261        400        1  Right
8   6   100        7512       44511      44611      262        500        1  Right
8   7   100        7512       44611      44711      263        500        1  Left 
12  6   100        7516       44611      44712      263        100        1  Right
8   13  100        7512       44711      44713      264        200        1  Right
2   0   100        7538       44712      44714      263        1100       1  Left 
1   13  500        7515       44714      45214      267        2500       1  Right
3   4   500        7536       44714      45215      265        3500       1  Left 
3   5   500        7537       45215      45715      267        1500       1  Right
1   10  500        7538       45215      45716      267        4000       1  Left 
7   8   100        7548       45716      45816      269        500        1  Left 
8   10  100        7612       45816      45916      270        100        1  Right
3   6   500        7538       45715      46216      268        2000       1  Right
12  5   100        7541       46216      46316      272        200        1  Right
13  0   100        7547       46216      46317      272        400        1  Right
3   4   100        7547       46317      46417      274        700        1  Left 
3   5   100        7547       46417      46418      275        300        1  Right
6   8   100        7550       46417      46419      275        1100       1  Left 
3   6   100        7547       46419      46519      277        400        1  Right
5   8   100        7552       46519      46520      278        400        1  Right
10  6   100        7590       46519      46521      278        1000       1  Left 
4   8   100        7554       46521      46621      280        600        1  Left 
4   1   100        7561       46621      46721      281        300        1  Right
5   12  500        7572       46521      47022      280        1000       1  Right
5   1   100        7577       47022      47122      283        300        1  Right
0   2   500        7564       46621      47123      281        2500       1  Right
13  8   100        7571       47123      47124      285        200        1  Right
2   0   100        7591       47123      47125      285        1100       1  Left 
0   13  500        7578       47125      47625      287        2000       1  Right
0   7   100        7579       47625      47725      288        300        1  Left 
10  1   100        7591       47625      47726      288        800        1  Right
0   11  100        7603       47725      47826      289        600        1  Left 
6   1   100        7606       47726      47827      290        200        1  Right
4   3   100        7592       47826      47927      291        700        1  Left 
10  0   100        7595       47927      48027      293        100        1  Right
5   3   100        7598       47927      48028      293        300        1  Right
6   3   100        7606       48028      48128      295        400        1  Right
13  0   100        7609       48128      48228      296        400        1  Right
1   7   500        7586       47927      48427      293        2000       1  Right
0   2   500        7617       48228      48729      297        2500       1  Right
7   8   100        7640       48729      48829      297        500        1  Left 
1   4   500        7596       48427      48928      298        1500       1  Right
3   7   100        7640       48829      48930      298        600        1  Left 
11  2   100        7642       48930      48931      300        1100       1  Left 
1   5   500        7619       48928      49330      301        1500       1  Right
4   1   100        7639       49330      49430      302        300        1  Right
0   13  500        7642       48931      49432      301        2000       1  Right
4   1   100        7652       49430      49531      303        300        1  Right
7   0   100        7644       49432      49533      304        300        1  Left 
2   0   100        7650       49533      49633      306        1100       1  Left 
7   1   100        7653       49633      49733      307        400        1  Right
4   0   100        7654       49733      49833      308        400        1  Left 
5   1   100        7658       49733      49834      308        300        1  Right
10  8   500        7674       49432      49933      304        500        1  Right
5   1   100        7671       49834      49934      310        300        1  Right
2   11  500        7673       49933      50433      311        5500       1  Left 
1   10  500        7634       50433      50933      313        4000       1  Right
8   10  100        7661       50933      51033      314        100        1  Right
5   0   100        7673       51033      51133      315        600        1  Right
1   6   500        7647       50933      51433      314        1000       1  Right
0   2   500        7677       51133      51634      316        2500       1  Right
0   15  100        7712       51634      51734      318        200        1  Left 
2   0   100        7714       51734      51834      319        500        1  Right
1   4   500        7670       51433      51934      317        1500       1  Right
13  1   100        7676       51934      52034      321        500        1  Right
0   3   500        7723       51834      52335      320        1500       1  Right
1   4   500        7683       52034      52535      322        1500       1  Right
15  4   100        7705       52535      52635      324        200        1  Right
0   2   500        7740       52335      52836      322        2500       1  Right
11  8   100        7718       52836      52936      326        800        1  Left 
1   5   500        7694       52535      53036      324        1500       1  Right
7   8   100        7727       52936      53037      326        500        1  Left 
6   1   100        7702       53036      53137      328        200        1  Right
10  8   100        7761       53037      53138      328        100        1  Right
15  6   100        7706       53138      53139      331        900        1  Left 
15  6   100        7720       53139      53140      332        900        1  Left 
0   8   100        7763       53140      53240      332        200        1  Right
15  2   100        7790       53240      53340      333        700        1  Left 
1   7   500        7699       53137      53440      330        2000       1  Right
1   13  500        7703       53440      53940      336        2500       1  Right
8   7   500        7708       53440      53941      336        2500       1  Left 
8   10  100        7748       53941      54041      337        100        1  Right
8   7   100        7787       54041      54141      338        500        1  Left 
8   7   100        7789       54141      54241      339        500        1  Left 
1   5   500        7714       53940      54441      337        1500       1  Right
6   1   100        7715       54441      54541      342        200        1  Right
4   1   100        7729       54541      54641      342        300        1  Right
12  5   100        7792       54541      54642      342        200        1  Right
0   13  500        7789       54241      54742      340        2000       1  Right
1   6   500        7743       54642      55142      344        1000       1  Right
4   15  500        7746       54641      55143      343        1000       1  Right
0   2   500        7806       54742      55244      345        2500       1  Right
0   10  100        7816       55244      55344      348        100        1  Right
1   6   500        7756       55142      55643      346        1000       1  Right
8   11  500        7827       55344      55845      348        4000       1  Left 
6   0   100        7717       55845      55945      352        700        1  Right
13  0   100        7758       55945      56045      352        400        1  Right
7   6   100        7764       56045      56046      353        1000       1  Left 
1   4   500        7762       55845      56247      351        1500       1  Right
7   1   100        7765       56247      56248      355        400        1  Right
6   15  500        7771       56046      56249      354        4500       1  Left 
8   3   100        7828       56249      56349      356        100        1  Right
0   9   100        7881       56249      56350      356        100        1  Left 
0   9   100        7905       56350      56450      358        100        1  Left 
1   7   500        7823       56248      56550      356        2000       1  Right
7   0   100        7769       56550      56650      361        300        1  Left 
6   12  500        7804       56249      56750      357        500        1  Right
2   0   100        7780       56650      56751      362        500        1  Right
5   1   100        7789       56750      56851      363        300        1  Right
7   8   500        7798       56751      57252      364        2500       1  Left 
5   12  500        7823       56851      57352      365        1000       1  Right
3   0   100        7807       57252      57353      366        300        1  Right
13  0   100        7836       57353      57354      367        400        1  Right
2   15  500        7821       57352      57754      367        4500       1  Right
4   8   100        7824       57754      57854      369        600        1  Left 
6   1   100        7824       57754      57855      369        200        1  Right
8   4   500        7860       57854      58355      370        3000       1  Left 
1   5   500        7826       57855      58356      371        1500       1  Right
4   3   100        7892       58355      58456      372        700        1  Left 
2   1   100        7828       58356      58457      373        400        1  Right
13  1   100        7838       58457      58557      375        500        1  Right
15  6   100        7851       58557      58657      376        700        1  Right
8   0   500        7899       58456      58957      374        1000       1  Right
13  4   100        7893       58957      59057      378        800        1  Left 
1   2   500        7853       58657      59158      377        2000       1  Right
1   13  500        7865       59158      59658      380        2500       1  Right
12  1   100        7873       59658      59758      381        100        1  Right
12  1   100        7873       59758      59858      382        100        1  Right
6   10  500        7867       59658      60158      381        3000       1  Right
5   8   100        7872       60158      60258      384        400        1  Right
1   6   500        7870       60158      60658      384        1000       1  Right
8   5   500        7903       60258      60759      385        2000       1  Right
6   8   100        7917       60759      60859      387        500        1  Right
1   12  500        7904       60658      61159      386        500        1  Right
2   1   100        7875       61159      61259      389        400        1  Right
4   13  500        7924       60859      61360      387        4000       1  Left 
5   3   100        7937       61360      61460      390        300        1  Right
1   12  500        7907       61259      61760      390        500        1  Right
10  1   100        7895       61760      61761      393        800        1  Left 
11  1   100        7926       61761      61861      393        100        1  Right
8   6   500        7943       61460      61862      391        2500       1  Right
12  2   100        7932       61862      61962      395        300        1  Right
1   10  500        7936       61861      62362      394        4000       1  Left 
0   10  100        7943       62362      62462      397        100        1  Right
2   12  500        7960       61962      62463      396        1500       1  Right
0   8   100        7956       62462      62563      398        200        1  Right
9   2   100        7948       62463      62564      399        1000       1  Right
12  0   100        7951       62564      62664      401        800        1  Right
11  0   100        8007       62664      62764      402        600        1  Left 
11  8   100        8009       62764      62864      403        800        1  Left 
9   8   100        8040       62864      62964      403        300        1  Left 
8   4   100        8041       62964      63064      404        600        1  Left 
1   2   500        7951       62664      63164      402        2000       1  Right
13  4   100        8145       63064      63165      404        800        1  Left 
6   3   100        7965       63165      63265      408        400        1  Right
1   11  500        7962       63164      63665      407        500        1  Right
0   12  500        7987       63265      63766      409        4000       1  Right
2   1   100        7968       63766      63866      411        400        1  Right
0   3   500        8099       63766      63867      410        1500       1  Right
2   9   500        7989       63866      63967      412        5000       1  Right
10  1   100        7975       63967      64067      414        800        1  Right
8   5   100        8041       64067      64068      414        400        1  Right
10  0   100        8059       64067      64069      414        100        1  Right
6   15  500        8010       64067      64468      415        3500       1  Right
11  1   100        8016       64468      64568      418        100        1  Right
6   7   500        8026       64468      64969      417        5000       1  Left 
1   10  500        8016       64969      65469      420        4000       1  Right
8   6   100        8041       65469      65569      420        500        1  Right
15  1   100        8043       65469      65570      420        500        1  Right
8   7   100        8041       65570      65670      422        1100       1  Right
7   1   100        8049       65670      65770      423        400        1  Right
0   10  500        8105       65469      65970      420        500        1  Right
7   8   100        8058       65970      66070      425        500        1  Left 
6   8   100        8060       66070      66170      426        500        1  Right
5   8   100        8062       66170      66270      427        400        1  Right
1   11  500        8052       65770      66271      424        500        1  Right
4   8   100        8064       66270      66371      428        600        1  Left 
11  6   100        8087       66271      66372      429        300        1  Right
15  2   100        8107       66371      66472      430        700        1  Left 
11  1   100        8088       66372      66473      431        100        1  Right
13  6   100        8146       66472      66573      431        300        1  Right
13  6   100        8180       66573      66673      433        300        1  Right
1   15  500        8069       66473      66974      433        2500       1  Right
11  0   100        8092       66974      67074      436        600        1  Left 
3   0   100        8128       67074      67174      436        300        1  Right
1   7   500        8095       67074      67574      437        2000       1  Right
7   1   100        8139       67574      67674      438        400        1  Right
2   15  500        8138       67174      67675      437        3500       1  Left 
8   11  100        8100       67675      67775      441        800        1  Right
0   7   100        8118       67675      67776      441        300        1  Left 
8   11  100        8101       67775      67876      442        800        1  Right
10  0   100        8158       67776      67877      442        100        1  Right
11  8   500        8121       67876      68377      444        4000       1  Right
1   11  500        8126       68377      68877      445        500        1  Right
3   8   500        8140       68377      68878      445        500        1  Right
0   13  100        8159       68878      68978      447        400        1  Right
6   15  500        8153       68877      69378      446        3500       1  Right
15  2   100        8170       69378      69478      449        900        1  Right
8   9   500        8160       68978      69479      448        1500       1  Left 
8   0   100        8196       69479      69579      451        200        1  Right
3   4   500        8175       69478      69979      450        4500       1  Right
0   10  500        8204       69579      70080      452        500        1  Right
4   13  500        8176       69979      70480      453        4000       1  Right
1   7   500        8185       70480      70980      455        2000       1  Right
2   15  500        8201       70480      70981      455        3500       1  Left 
12  0   100        8204       70981      70982      457        800        1  Right
9   1   100        8249       70981      70983      456        600        1  Right
13  2   100        8210       70982      71083      458        100        1  Right
0   14  100        8207       70983      71084      459        500        1  Left 
7   0   100        8233       71084      71184      460        300        1  Left 
1   2   500        8213       71083      71584      460        2000       1  Right
1   3   100        8215       71584      71684      463        600        1  Right
1   8   100        8219       71684      71784      464        700        1  Right
6   13  500        8221       71784      72284      465        1500       1  Right
0   12  500        8240       71784      72285      464        4000       1  Left 
15  6   100        8230       72285      72385      466        700        1  Right
10  1   100        8250       72385      72485      467        800        1  Left 
0   7   100        8252       72485      72585      468        300        1  Left 
3   5   500        8224       72284      72785      466        1500       1  Right
14  2   100        8228       72785      72786      470        1000       1  Left 
6   11  500        8369       72485      72888      467        1500       1  Right
15  5   100        8255       72888      72988      472        800        1  Right
0   1   100        8260       72988      73088      473        700        1  Left 
0   1   100        8260       73088      73188      474        700        1  Left 
2   13  500        8231       72786      73287      471        500        1  Right
2   3   100        8250       73287      73387      476        200        1  Right
13  6   100        8251       73387      73487      477        300        1  Right
2   8   100        8254       73487      73587      478        300        1  Right
0   7   500        8284       73188      73689      475        1500       1  Left 
2   14  500        8254       73587      74088      479        3000       1  Right
12  0   100        8290       74088      74188      481        800        1  Left 
3   6   500        8259       74088      74189      481        2000       1  Right
8   1   500        8290       74188      74290      482        4500       1  Left 
6   13  500        8440       74189      74690      482        1500       1  Right
8   0   500        8290       74290      74791      484        1000       1  Right
5   15  500        8301       74690      75191      485        4000       1  Right
8   2   500        8311       74791      75292      486        1500       1  Right
1   10  500        8291       75191      75692      487        4000       1  Left 
1   9   500        8295       75692      75693      489        3000       1  Right
0   12  500        8326       75692      75694      488        4000       1  Right
14  8   100        8301       75694      75794      491        700        1  Left 
2   1   100        8363       75694      75795      490        400        1  Right
7   0   100        8335       75794      75895      491        300        1  Left 
10  0   100        8343       75895      75995      493        100        1  Right
9   0   100        8359       75995      76095      494        100        1  Left 
8   14  500        8347       75795      76296      492        4500       1  Right
0   7   500        8386       76095      76596      495        1500       1  Left 
9   8   100        8361       76596      76696      497        300        1  Left 
1   2   500        8384       76296      76797      496        2000       1  Right
9   1   100        8368       76797      76897      499        600        1  Right
8   1   100        8386       76897      76997      500        700        1  Right
8   2   100        8386       76997      77097      501        300        1  Right
11  1   100        8402       76997      77098      501        100        1  Right
0   10  500        8389       76696      77197      498        500        1  Right
8   14  100        8386       77098      77199      503        900        1  Right
12  0   100        8363       77199      77200      505        800        1  Right
1   9   500        8414       77199      77201      505        3000       1  Right
0   12  500        8399       77200      77301      506        4000       1  Right
8   11  100        8386       77301      77401      508        800        1  Right
10  0   100        8452       77301      77402      508        100        1  Right
2   1   100        8406       77401      77502      509        400        1  Right
11  8   100        8414       77402      77503      510        800        1  Left 
7   1   100        8440       77503      77603      512        400        1  Right
9   6   100        8461       77603      77703      513        800        1  Right
15  5   100        8506       77703      77803      514        800        1  Right
0   3   500        8423       77503      78003      512        1500       1  Right
8   9   100        8492       78003      78103      516        300        1  Left 
8   9   100        8493       78103      78203      517        300        1  Left 
6   15  500        8532       77803      78304      515        3500       1  Right
0   11  100        8424       78304      78305      519        600        1  Left 
1   8   100        8424       78304      78306      519        700        1  Right
2   8   100        8425       78306      78406      521        300        1  Right
10  1   100        8454       78306      78407      521        800        1  Left 
14  8   100        8428       78407      78507      523        700        1  Left 
14  8   100        8435       78507      78607      524        700        1  Left 
12  0   100        8461       78607      78707      525        800        1  Left 
9   1   100        8462       78707      78807      526        600        1  Right
2   3   500        8526       78406      78907      522        1000       1  Right
9   0   100        8466       78807      78908      527        100        1  Left 
5   15  500        8552       78807      79308      527        4000       1  Right
9   8   500        8503       78908      79409      529        1500       1  Left 
1   2   500        8427       79308      79809      530        2000       1  Right
8   14  500        8532       79409      79910      531        3500       1  Left 
1   11  500        8440       79809      80310      532        500        1  Right
0   12  500        8497       79910      80411      533        4000       1  Right
13  1   100        8463       80411      80511      535        500        1  Right
3   1   100        8466       80511      80611      536        600        1  Right
0   8   500        8513       80411      80912      535        1000       1  Right
10  4   100        8587       80912      81012      538        500        1  Left 
1   13  500        8489       80611      81112      537        2500       1  Right
11  1   100        8495       81112      81212      540        100        1  Right
3   2   500        8507       81112      81613      540        1000       1  Right
1   7   500        8495       81212      81713      541        2000       1  Right
0   5   100        8514       81613      81714      542        600        1  Right
1   10  500        8498       81714      82214      544        4000       1  Right
3   2   100        8517       82214      82314      545        200        1  Right
13  2   100        8527       82314      82414      546        100        1  Right
12  0   100        8531       82414      82415      547        800        1  Right
1   9   500        8510       82214      82615      545        3000       1  Right
2   13  500        8548       82415      82916      548        500        1  Right
4   10  500        8613       82615      83115      549        2500       1  Left 
1   11  500        8531       82615      83116      549        500        1  Right
6   13  500        8554       82916      83418      550        1500       1  Right
13  2   100        8570       83418      83518      553        100        1  Right
1   0   500        8543       83116      83617      552        3500       1  Left 
5   2   100        8578       83518      83619      554        100        1  Right
1   0   500        8556       83617      84118      555        3500       1  Left 
2   13  500        8591       83619      84120      556        500        1  Right
3   1   100        8557       84118      84219      557        1000       1  Left 
7   0   100        8561       84219      84319      559        300        1  Left 
2   5   500        8609       84120      84621      558        500        1  Right
1   14  500        8612       84219      84721      559        1000       1  Right
0   12  500        8567       84621      85122      561        4000       1  Right
0   11  100        8567       85122      85123      563        600        1  Left 
8   1   100        8583       85122      85124      563        700        1  Right
11  0   100        8607       85123      85224      564        600        1  Left 
13  6   100        8610       85124      85225      565        300        1  Right
0   8   100        8614       85224      85324      566        200        1  Right
14  1   100        8591       85224      85325      566        200        1  Right
13  5   100        8635       85225      85327      567        200        1  Right
0   7   500        8618       85324      85825      568        1500       1  Left 
1   8   500        8634       85327      85828      570        3500       1  Right
12  0   100        8612       85828      85829      572        800        1  Right
8   9   100        8684       85829      85929      573        300        1  Left 
1   15  500        8648       85828      86230      572        2500       1  Right
0   1   100        8621       86230      86330      575        700        1  Left 
15  1   100        8622       86330      86331      576        500        1  Right
15  1   100        8622       86331      86332      577        500        1  Right
0   12  500        8648       86330      86333      576        4000       1  Right
1   15  500        8651       86332      86533      578        2500       1  Right
14  0   100        8635       86533      86633      580        500        1  Left 
14  8   100        8637       86633      86733      581        700        1  Left 
14  1   100        8644       86733      86833      582        200        1  Right
7   0   100        8675       86733      86833      582        300        1  Left 
5   8   100        8654       86733      86834      582        400        1  Right
0   11  500        8651       86833      87334      583        3000       1  Left 
5   13  500        8671       86834      87335      584        1000       1  Right
9   8   100        8692       87334      87434      585        300        1  Left 
15  2   100        8671       87434      87534      587        700        1  Left 
15  0   100        8690       87534      87634      588        200        1  Left 
1   14  500        8665       87334      87835      585        1000       1  Right
7   1   100        8677       87835      87935      590        400        1  Right
14  6   100        8693       87935      87936      591        400        1  Right
7   4   100        8783       87935      87937      590        100        1  Right
2   15  500        8702       87634      88036      589        3500       1  Left 
14  1   100        8694       87936      88038      592        200        1  Right
8   14  100        8713       88038      88138      595        900        1  Right
8   14  100        8715       88138      88238      596        900        1  Right
0   15  500        8711       88036      88537      594        1000       1  Left 
0   9   100        8726       88537      88637      597        100        1  Left 
8   5   500        8803       88238      88738      596        2000       1  Right
1   14  500        8717       88238      88739      597        1000       1  Right
6   9   500        8733       88738      89239      599        4000       1  Left 
1   7   500        8735       88739      89240      600        2000       1  Right
13  5   100        8886       89239      89339      600        200        1  Right
3   15  100        8785       89239      89340      601        500        1  Left 
14  0   100        8698       89340      89440      605        1100       1  Right
11  0   100        8700       89440      89540      606        1000       1  Right
12  0   100        8724       89540      89640      607        800        1  Right
4   7   500        8814       89240      89742      602        500        1  Right
0   11  500        8741       89640      90141      607        5000       1  Right
14  8   500        8749       90141      90142      609        3500       1  Left 
1   3   500        8751       90141      90143      609        3000       1  Right
9   1   100        8756       90143      90144      611        600        1  Right
11  1   100        8782       90144      90244      612        100        1  Right
0   12  500        8760       90143      90245      611        4000       1  Right
12  0   100        8795       90245      90246      614        800        1  Right
1   9   500        8802       90244      90346      613        3000       1  Right
0   10  100        8798       90246      90347      615        100        1  Right
0   4   100        8816       90347      90447      617        400        1  Left 
1   11  500        8818       90346      90847      616        500        1  Right
9   1   100        8854       90847      90848      618        600        1  Right
0   12  500        8831       90447      90849      617        4000       1  Right
10  4   100        8839       90849      90949      620        500        1  Left 
12  1   100        8865       90849      90950      620        100        1  Right
11  0   100        8861       90949      91049      621        600        1  Left 
10  6   100        8840       90949      91050      621        600        1  Right
0   9   100        8869       91049      91150      623        100        1  Left 
10  6   100        8849       91050      91151      624        600        1  Right
1   3   100        8896       91151      91251      626        600        1  Right
5   1   100        8902       91251      91351      627        300        1  Right
3   1   100        8909       91351      91451      628        600        1  Right
0   11  500        8904       91150      91651      625        3000       1  Left 
4   10  500        8865       91651      92151      630        2500       1  Left 
4   2   100        8866       92151      92251      631        700        1  Right
0   15  500        8964       92151      92652      631        1000       1  Left 
6   10  500        8875       92251      92752      632        3000       1  Right
10  2   100        8894       92752      92852      634        400        1  Right
1   9   500        8902       92652      93153      633        3000       1  Right
6   13  500        8904       92852      93353      635        1500       1  Right
1   0   500        8910       93153      93654      636        3500       1  Left 
4   8   100        8939       93654      93754      638        600        1  Left 
5   13  500        8922       93353      93854      637        1000       1  Right
1   12  500        8935       93654      94155      638        500        1  Right
8   0   500        8941       93754      94255      639        1000       1  Right
15  0   100        8943       94255      94355      642        200        1  Left 
9   0   100        8957       94355      94455      643        100        1  Left 
2   4   500        8902       94155      94656      641        3500       1  Right
11  0   100        8962       94656      94657      645        600        1  Left 
2   10  500        8930       94656      95057      645        2000       1  Right
1   5   500        8938       94656      95058      645        1500       1  Right
11  1   100        8964       95058      95158      648        100        1  Right
13  1   100        8977       95158      95258      649        500        1  Right
13  1   100        8977       95258      95358      650        500        1  Right
13  2   100        9029       95358      95458      651        100        1  Right
8   4   500        8975       95057      95558      647        3000       1  Left 
5   0   100        8991       95558      95658      653        600        1  Right
5   8   100        8993       95658      95758      654        400        1  Right
15  0   100        8997       95658      95759      654        200        1  Left 
6   14  500        8997       95358      95859      651        2000       1  Right
8   4   100        9025       95759      95860      656        600        1  Left 
8   14  100        9025       95860      95960      658        700        1  Left 
7   4   100        9035       95960      96060      659        100        1  Right
15  0   100        9040       95960      96061      659        200        1  Left 
11  4   100        9069       96060      96062      660        200        1  Right
1   13  500        9006       95859      96261      657        2500       1  Right
15  3   500        9082       96061      96464      661        2500       1  Left 
1   13  500        9012       96261      96762      663        2500       1  Right
10  6   100        8971       96762      96862      665        600        1  Right
12  15  100        8975       96762      96863      665        600        1  Right
13  0   100        9048       96862      96963      666        400        1  Right
7   6   100        9036       96963      97063      668        1000       1  Left 
15  0   100        9083       97063      97163      669        200        1  Left 
9   0   100        9088       97163      97263      670        100        1  Left 
1   11  500        9018       96863      97364      667        500        1  Right
0   1   100        8997       97364      97464      672        700        1  Left 
2   13  500        9050       97063      97564      669        500        1  Right
0   8   100        9009       97464      97564      673        200        1  Right
5   1   100        9000       97464      97565      673        300        1  Right
0   15  500        9018       97564      98065      674        1000       1  Left 
1   5   500        9036       97565      98066      675        1500       1  Right
14  1   100        9048       98066      98166      677        200        1  Right
5   6   100        9097       98066      98167      677        100        1  Right
8   5   100        9107       98167      98267      679        400        1  Right
8   5   100        9109       98267      98367      680        400        1  Right
3   6   100        9117       98367      98467      681        400        1  Right
0   9   500        9020       98065      98468      676        500        1  Left 
15  12  500        9116       98166      98570      678        3000       1  Right
0   14  100        9028       98570      98670      684        500        1  Left 
6   10  500        9119       98467      98870      682        3000       1  Right
1   14  500        9069       98670      99170      685        1000       1  Right
0   15  500        9061       98670      99171      685        1000       1  Left 
4   8   100        9048       99170      99271      687        1000       1  Right
4   8   100        9053       99271      99371      689        600        1  Left 
5   1   100        9098       99271      99372      689        300        1  Right
14  8   100        9061       99371      99472      690        700        1  Left 
1   5   500        9136       99372      99873      691        1500       1  Right
0   13  500        9079       99472      99972      692        2000       1  Right
4   7   500        9066       99472      99973      692        500        1  Right
14  0   100        9096       99972      100073     694        1100       1  Right
5   0   100        9102       100073     100173     696        600        1  Right
7   2   100        9102       100173     100273     697        800        1  Left 
4   11  500        9090       100073     100573     696        1000       1  Right
5   8   500        9128       100273     100773     698        2000       1  Right
0   15  500        9114       100273     100774     698        1000       1  Left 
10  1   100        9147       100773     100874     700        800        1  Right
0   7   100        9114       100774     100875     701        300        1  Left 
15  0   100        9140       100875     100975     703        200        1  Left 
8   4   500        9168       100874     101375     702        5000       1  Right
3   15  100        9121       101375     101376     705        500        1  Left 
2   7   500        9145       101375     101777     705        4000       1  Right
0   14  500        9122       101777     101778     707        2500       1  Left 
1   10  500        9188       101777     101779     707        4000       1  Right
14  0   100        9154       101778     101879     708        500        1  Left 
0   6   100        9122       101879     101979     710        700        1  Right
14  1   100        9206       101879     101980     710        200        1  Right
12  6   100        9146       101979     102079     711        100        1  Right
7   6   100        9163       102079     102179     713        600        1  Right
0   9   500        9139       101979     102480     711        500        1  Left 
6   7   500        9184       102179     102680     714        3000       1  Right
6   2   100        9186       102680     102780     716        200        1  Right
7   6   100        9192       102780     102781     717        600        1  Right
10  2   100        9241       102780     102782     716        400        1  Right
0   15  500        9161       102480     102882     715        1000       1  Left 
2   6   500        9232       102782     103283     718        1000       1  Right
0   14  500        9180       102882     103383     720        2500       1  Left 
0   14  100        9180       103383     103483     722        500        1  Left 
15  0   100        9182       103483     103583     723        200        1  Left 
6   10  500        9248       103283     103784     720        3000       1  Right
1   14  500        9227       103483     103985     722        1000       1  Right
0   15  500        9203       103583     104084     724        1000       1  Left 
9   1   100        9207       104084     104184     727        600        1  Right
4   1   100        9217       104184     104284     728        300        1  Right
2   10  500        9277       103784     104285     724        2000       1  Right
15  1   100        9220       104284     104385     729        500        1  Right
6   8   100        9278       104285     104386     729        500        1  Right
12  15  100        9228       104385     104486     730        600        1  Right
8   6   500        9304       104386     104887     731        2500       1  Right
1   15  500        9246       104486     104987     732        2500       1  Right
1   4   500        9248       104987     104988     734        1500       1  Right
6   7   500        9310       104987     104989     734        5000       1  Left 
11  4   100        9321       104988     105089     735        200        1  Right
1   9   500        9253       104989     105490     736        5000       1  Left 
14  0   100        9250       105490     105590     738        500        1  Left 
11  6   100        9322       105490     105591     738        300        1  Right
10  6   100        9329       105591     105691     739        600        1  Right
11  2   100        9366       105691     105791     740        500        1  Right
0   14  500        9276       105590     106091     739        2500       1  Left 
15  1   100        9273       106091     106191     743        500        1  Right
0   13  500        9332       106091     106592     742        2000       1  Right
4   0   100        9290       106592     106692     745        400        1  Left 
1   0   500        9291       106692     107192     746        3500       1  Left 
4   8   100        9292       107192     107292     747        600        1  Left 
4   1   100        9299       107292     107392     748        300        1  Right
13  0   100        9301       107292     107393     748        400        1  Right
0   5   100        9332       107393     107493     749        600        1  Right
8   5   100        9333       107493     107593     750        400        1  Right
8   6   100        9333       107593     107693     751        500        1  Right
6   8   100        9349       107693     107793     752        500        1  Right
1   15  500        9299       107392     107893     749        2500       1  Right
6   8   100        9350       107793     107893     753        500        1  Right
5   8   100        9351       107893     107993     754        400        1  Right
0   9   500        9367       107493     107995     750        500        1  Left 
10  5   100        9354       107993     108093     755        500        1  Right
1   4   500        9331       107893     108394     754        1500       1  Right
14  0   100        9308       108394     108494     759        500        1  Left 
6   5   500        9369       108093     108594     757        500        1  Right
9   0   100        9316       108494     108594     760        100        1  Left 
14  1   100        9310       108494     108595     760        200        1  Right
15  1   100        9324       108595     108695     762        500        1  Right
8   0   500        9343       108594     109095     760        1000       1  Right
1   14  500        9332       108695     109196     762        1000       1  Right
5   10  500        9375       109095     109596     763        2500       1  Right
4   11  500        9342       109196     109597     764        1000       1  Right
14  4   100        9365       109597     109697     766        100        1  Right
1   15  500        9350       109596     109997     765        5500       1  Left 
7   1   100        9355       109997     110097     768        400        1  Right
15  3   100        9389       109997     110098     768        500        1  Left 
4   6   100        9361       110097     110198     769        500        1  Right
15  8   100        9393       110098     110199     770        400        1  Left 
4   1   100        9362       110198     110299     771        300        1  Right
15  3   100        9394       110199     110300     772        500        1  Left 
5   1   100        9392       110299     110400     773        300        1  Right
4   0   100        9366       110300     110401     774        400        1  Left 
13  0   100        9380       110401     110501     776        400        1  Right
8   4   100        9382       110501     110601     777        600        1  Left 
8   4   100        9384       110601     110701     778        600        1  Left 
1   4   500        9395       110701     111201     779        1500       1  Right
0   1   100        9397       111201     111301     780        700        1  Left 
