
270
C:/Users/nxconrad/Desktop/REU 2.0/Benchmark Data/16-core/7/flow_freqmine100#2.txt
810
[12, 7, 11, 4, 10, 15, 14, 1, 8, 13, 2, 5, 6, 9, 0, 3]
10  1   100        6420       6422       6522       0          300        1  Right
10  0   100        6422       6522       6622       1          600        1  Left 
2   15  500        6428       6522       7023       0          2500       1  Right
0   3   500        6423       6622       7123       1          500        1  Right
12  0   100        6439       7123       7223       3          200        1  Left 
3   0   100        6455       7223       7323       4          100        1  Right
1   11  500        6440       7023       7523       2          2500       1  Right
6   2   500        6435       7023       7524       2          1000       1  Right
15  8   100        6469       7523       7623       6          300        1  Right
2   6   100        6460       7524       7625       7          200        1  Right
11  1   100        6477       7623       7724       8          500        1  Right
0   12  500        6475       7323       7825       5          1000       1  Left 
12  0   100        6513       7825       7925       11         200        1  Left 
0   9   100        6526       7925       8025       11         100        1  Right
11  3   100        6551       7925       8026       11         300        1  Left 
0   7   100        6527       8026       8126       13         300        1  Left 
1   5   500        6460       7724       8225       10         2000       1  Right
0   12  500        6549       8126       8627       14         1000       1  Left 
1   10  500        6461       8225       8726       16         1500       1  Right
3   13  500        6537       8627       9128       16         3000       1  Right
8   15  500        6520       8726       9227       18         1500       1  Right
9   3   100        6564       9128       9229       18         200        1  Right
1   5   100        6468       9227       9328       20         400        1  Right
3   9   500        6600       9229       9730       20         1000       1  Right
6   1   500        6485       9328       9829       22         2500       1  Right
10  1   100        6513       9829       9929       24         300        1  Right
7   8   100        6567       9829       9930       23         900        1  Left 
1   11  500        6513       9929       10430      25         2500       1  Right
0   8   500        6588       9930       10431      25         3000       1  Right
1   10  500        6554       10430      10931      26         1500       1  Right
8   7   500        6588       10431      10932      27         4500       1  Left 
5   1   500        6529       10932      11432      29         2000       1  Right
10  8   100        6595       11432      11532      30         400        1  Right
12  1   100        6596       11532      11632      31         700        1  Right
7   1   100        6613       11632      11732      32         600        1  Right
2   0   500        6614       11432      11933      30         2000       1  Right
8   10  500        6621       11732      12233      32         2000       1  Right
1   2   100        6612       12233      12333      35         300        1  Right
10  3   100        6643       12233      12334      34         500        1  Left 
1   0   100        6617       12333      12434      36         700        1  Right
8   0   100        6648       12434      12435      37         600        1  Right
1   12  500        6627       12434      12835      37         3500       1  Right
12  0   100        6660       12835      12935      39         200        1  Left 
6   2   500        6677       12435      12936      38         1000       1  Right
1   7   500        6664       12835      13337      39         3000       1  Right
2   1   500        6633       13337      13837      42         1500       1  Right
0   1   500        6638       13837      14337      43         3500       1  Right
15  1   100        6639       14337      14437      44         200        1  Right
0   6   100        6672       14337      14438      44         200        1  Right
1   15  500        6665       14437      14938      45         1000       1  Right
0   12  500        6696       14438      14939      46         1000       1  Left 
9   1   100        6640       14938      14940      47         600        1  Right
15  0   100        6703       14939      14941      48         700        1  Left 
1   9   500        6687       14940      15441      49         3000       1  Right
2   1   100        6692       15441      15541      51         300        1  Right
0   13  100        6696       15541      15641      52         500        1  Right
15  8   100        6705       15541      15642      52         300        1  Right
0   3   500        6752       15641      16141      53         500        1  Right
2   13  500        6746       15641      16142      53         500        1  Right
6   1   100        6705       16141      16242      55         1100       1  Left 
15  1   100        6712       16242      16342      57         200        1  Right
8   0   500        6709       16242      16742      57         3000       1  Right
7   0   100        6710       16742      16842      59         300        1  Left 
1   2   500        6713       16742      17243      59         1500       1  Right
7   1   100        6721       17243      17343      61         600        1  Right
13  2   100        6725       17243      17344      61         100        1  Right
7   0   100        6723       17343      17444      62         300        1  Left 
9   0   100        6733       17444      17544      64         100        1  Right
12  0   100        6738       17544      17644      65         200        1  Left 
1   15  500        6738       17343      17844      62         1000       1  Right
6   2   500        6747       17344      17845      63         1000       1  Right
12  1   100        6740       17844      17846      67         700        1  Right
0   8   100        6761       17845      17847      68         600        1  Right
9   1   100        6744       17847      17947      70         600        1  Right
9   0   100        6746       17947      18047      71         100        1  Right
1   6   500        6746       17947      18448      71         2500       1  Right
8   7   100        6757       18448      18548      73         700        1  Right
8   13  100        6757       18548      18648      74         100        1  Right
15  6   100        6763       18548      18649      74         900        1  Left 
8   12  100        6757       18649      18749      76         800        1  Right
8   11  100        6757       18749      18849      77         600        1  Right
5   2   500        6846       18448      18949      73         500        1  Right
8   10  100        6757       18849      18950      78         400        1  Right
2   6   100        6790       18949      18951      79         200        1  Right
8   9   100        6757       18950      18952      80         1100       1  Left 
2   5   100        6815       18951      19052      81         100        1  Right
15  1   100        6764       18952      19053      82         200        1  Right
7   8   100        6765       19052      19153      83         900        1  Left 
9   8   100        6780       19153      19253      85         500        1  Right
1   7   500        6767       19153      19653      85         3000       1  Right
15  0   100        6768       19653      19753      87         700        1  Left 
3   0   100        6786       19753      19853      88         100        1  Right
1   12  500        6774       19753      20253      88         3500       1  Right
10  8   100        6782       20253      20353      90         400        1  Right
3   11  500        6838       20253      20754      90         1500       1  Left 
1   9   500        6790       20353      20854      91         3000       1  Right
4   12  500        6847       20754      21255      92         1500       1  Right
1   15  500        6792       20854      21355      93         1000       1  Right
11  8   100        6784       21255      21356      94         1000       1  Left 
12  8   100        6786       21356      21456      96         800        1  Right
13  8   100        6788       21456      21556      97         100        1  Right
7   1   100        6818       21456      21557      97         600        1  Right
13  8   100        6796       21556      21657      98         100        1  Right
12  4   100        6821       21557      21658      99         300        1  Right
8   15  100        6829       21657      21758      100        300        1  Right
8   15  100        6837       21758      21858      102        300        1  Right
9   1   100        6846       21858      21958      103        600        1  Right
3   10  500        6935       21658      22159      101        2500       1  Left 
10  2   100        7037       22159      22160      104        1000       1  Left 
15  8   500        6875       21958      22360      104        1500       1  Right
1   7   500        6864       22360      22860      107        3000       1  Right
8   13  500        6934       22360      22861      107        500        1  Right
1   0   100        6870       22860      22961      108        900        1  Left 
1   9   500        6892       22961      22962      110        3000       1  Right
3   14  500        6943       22961      22963      110        3500       1  Left 
3   4   100        6998       22963      23063      112        400        1  Left 
0   1   500        6896       22962      23463      111        3500       1  Right
14  8   100        6908       23463      23563      114        200        1  Right
3   5   100        6998       23463      23564      114        400        1  Right
7   8   100        6910       23563      23664      115        700        1  Right
2   5   100        7066       23564      23664      115        100        1  Right
3   6   100        6998       23564      23665      116        300        1  Right
8   7   500        6935       23664      24165      117        3500       1  Right
14  3   100        6912       24165      24166      119        700        1  Left 
1   0   100        6929       24165      24167      119        700        1  Right
7   3   100        6962       24166      24267      120        200        1  Left 
9   8   100        6938       24167      24268      121        500        1  Right
0   1   500        6950       24267      24768      122        4500       1  Left 
9   3   100        6984       24768      24868      124        200        1  Right
3   7   100        7054       24868      24968      124        200        1  Left 
8   14  500        6954       24768      25268      124        1000       1  Right
1   0   100        6972       25268      25269      127        900        1  Left 
1   0   100        7014       25269      25270      128        900        1  Left 
8   9   500        6959       25268      25570      127        2500       1  Right
1   14  500        7027       25270      25771      128        500        1  Right
0   8   500        6971       25570      26071      130        3000       1  Right
0   10  100        6974       26071      26171      132        600        1  Left 
1   13  500        7058       26071      26572      131        1000       1  Right
4   8   100        6975       26572      26672      134        500        1  Right
4   3   100        7008       26672      26772      135        400        1  Left 
0   1   500        6993       26672      27172      135        3500       1  Right
0   10  100        6998       27172      27272      137        600        1  Left 
14  1   100        7006       27172      27273      137        100        1  Right
0   15  100        7011       27272      27373      138        700        1  Left 
13  1   100        7032       27273      27374      138        200        1  Right
5   3   100        7015       27373      27474      140        400        1  Right
6   3   100        7023       27474      27574      141        300        1  Right
0   12  100        7067       27574      27674      142        200        1  Left 
8   4   500        7011       27374      27875      141        2500       1  Right
14  1   100        7048       27875      27975      144        100        1  Right
12  4   100        7073       27875      27976      144        300        1  Right
14  1   100        7061       27975      28076      145        100        1  Right
0   3   500        7078       27674      28175      143        500        1  Right
4   12  500        7099       27976      28478      146        1500       1  Right
6   15  500        7065       28076      28577      147        3500       1  Right
8   0   100        7028       28577      28677      150        600        1  Right
1   14  500        7069       28577      29078      150        500        1  Right
2   10  500        7073       28677      29178      151        5000       1  Left 
12  6   100        7074       29178      29278      153        400        1  Left 
0   15  100        7086       29278      29378      154        700        1  Left 
1   14  500        7082       29078      29579      152        500        1  Right
14  0   100        7063       29579      29679      156        800        1  Left 
6   2   500        7077       29278      29680      154        1000       1  Right
13  0   100        7086       29679      29681      157        1100       1  Left 
13  8   100        7088       29681      29781      159        100        1  Right
5   2   500        7097       29680      30181      158        500        1  Right
0   1   500        7093       29681      30183      159        4500       1  Left 
13  1   100        7095       30183      30283      162        200        1  Right
12  6   100        7097       30183      30284      162        400        1  Left 
15  1   100        7100       30283      30384      163        200        1  Right
14  1   100        7104       30384      30484      165        100        1  Right
15  1   100        7118       30484      30584      166        200        1  Right
14  3   100        7158       30584      30585      166        700        1  Left 
8   0   500        7098       30284      30686      164        3000       1  Right
3   0   100        7107       30686      30786      169        100        1  Right
13  6   100        7149       30686      30786      168        300        1  Right
10  8   100        7119       30686      30787      169        400        1  Right
12  2   100        7128       30786      30887      169        600        1  Left 
8   4   100        7130       30787      30888      170        500        1  Right
8   7   100        7130       30888      30988      172        700        1  Right
7   8   100        7141       30988      31088      173        700        1  Right
6   12  500        7133       30887      31388      171        2000       1  Left 
1   0   100        7121       31388      31488      176        700        1  Right
12  6   100        7186       31488      31588      176        400        1  Left 
1   13  500        7121       31488      31988      177        1000       1  Right
9   8   100        7150       31988      32088      178        500        1  Right
4   8   100        7153       32088      32188      179        1100       1  Left 
1   14  500        7125       31988      32488      178        500        1  Right
1   15  500        7127       32488      32988      181        1000       1  Right
8   15  100        7130       32988      33088      182        300        1  Right
8   14  100        7130       33088      33188      183        200        1  Right
8   9   100        7130       33188      33189      184        500        1  Right
0   1   500        7142       33188      33590      184        4500       1  Left 
0   8   100        7155       33590      33690      186        600        1  Right
1   15  500        7144       33590      34090      186        1000       1  Right
13  1   100        7150       34090      34190      188        200        1  Right
3   9   500        7281       33690      34191      186        1000       1  Right
2   1   100        7155       34190      34291      189        300        1  Right
2   1   100        7155       34291      34391      191        300        1  Right
14  8   100        7172       34391      34491      192        200        1  Right
0   15  500        7210       34191      34692      190        3500       1  Left 
13  0   100        7154       34692      34792      194        500        1  Right
15  8   100        7174       34692      34793      194        300        1  Right
2   12  500        7155       34792      35293      195        3000       1  Left 
13  8   500        7256       34793      35294      195        500        1  Right
1   0   100        7163       35293      35394      197        900        1  Left 
15  0   100        7189       35394      35494      199        700        1  Left 
1   2   500        7176       35394      35894      199        1500       1  Right
6   12  500        7363       35494      35995      198        2000       1  Left 
2   0   100        7221       35995      36095      202        400        1  Right
15  0   100        7231       36095      36195      202        700        1  Left 
1   13  500        7178       35894      36395      201        1000       1  Right
1   2   500        7179       36395      36895      205        1500       1  Right
8   13  100        7225       36895      36995      205        100        1  Right
15  1   100        7279       36895      36995      205        200        1  Right
8   13  100        7227       36995      37095      206        100        1  Right
0   2   500        7247       36895      37396      205        2000       1  Right
7   2   100        7338       37396      37496      207        700        1  Left 
8   10  500        7305       37095      37596      207        2000       1  Right
0   15  500        7252       37596      38096      210        3500       1  Left 
0   11  100        7277       38096      38196      211        400        1  Left 
0   7   100        7300       38196      38296      212        300        1  Left 
1   15  500        7305       38096      38597      211        1000       1  Right
0   8   500        7350       38296      38598      212        3000       1  Right
1   12  500        7412       38597      38899      213        3500       1  Right
15  0   100        7333       38899      38999      215        700        1  Left 
0   15  500        7354       38999      39499      216        3500       1  Left 
0   1   500        7365       39499      39999      217        3500       1  Right
2   7   500        7379       39999      40499      218        3500       1  Left 
1   15  500        7417       39999      40500      218        1000       1  Right
12  1   100        7381       40500      40600      220        700        1  Right
7   8   100        7430       40600      40700      221        700        1  Right
4   8   100        7438       40700      40800      222        500        1  Right
5   8   100        7481       40800      40900      223        300        1  Right
0   3   500        7399       40499      41000      219        500        1  Right
0   13  100        7404       41000      41001      225        500        1  Right
4   3   100        7442       41000      41002      225        400        1  Left 
1   10  500        7440       40800      41202      223        1500       1  Right
15  0   100        7388       41202      41302      228        700        1  Left 
15  1   100        7390       41302      41402      229        200        1  Right
10  1   100        7399       41402      41502      230        300        1  Right
6   13  500        7441       41001      41503      226        1500       1  Right
8   0   100        7408       41502      41603      231        1000       1  Left 
3   0   100        7431       41603      41703      233        100        1  Right
12  2   100        7458       41703      41704      234        600        1  Left 
8   7   500        7451       41603      42005      233        3500       1  Right
15  4   100        7453       42005      42105      236        200        1  Right
13  1   100        7489       42005      42106      236        200        1  Right
6   12  500        7463       41704      42205      235        2000       1  Left 
4   15  500        7494       42105      42607      237        1000       1  Right
3   14  500        7450       42205      42706      239        4500       1  Right
3   7   100        7463       42706      42707      241        200        1  Left 
0   13  100        7473       42706      42708      241        500        1  Right
2   0   100        7474       42708      42808      243        400        1  Right
8   4   500        7474       42706      43108      241        2500       1  Right
2   12  500        7484       42808      43309      244        3000       1  Left 
6   8   100        7483       43309      43409      246        400        1  Right
10  0   100        7483       43309      43410      246        600        1  Left 
5   3   100        7485       43410      43510      248        400        1  Right
10  8   100        7485       43410      43511      248        400        1  Right
10  1   100        7492       43511      43611      250        300        1  Right
0   2   500        7500       43510      44010      249        2000       1  Right
7   3   500        7486       43510      44011      249        1000       1  Left 
8   0   500        7485       44010      44511      252        3000       1  Right
6   3   100        7487       44511      44611      254        300        1  Right
7   3   100        7494       44611      44711      255        200        1  Left 
7   1   100        7540       44711      44811      254        600        1  Right
8   6   500        7509       44611      45112      255        2000       1  Right
8   5   500        7512       45112      45612      258        1500       1  Right
8   4   100        7512       45612      45712      259        500        1  Right
2   0   100        7538       45612      45713      257        400        1  Right
8   5   100        7512       45713      45813      261        300        1  Right
8   6   100        7512       45813      45913      262        400        1  Right
0   8   100        7544       45913      46013      261        600        1  Right
13  0   100        7547       46013      46113      262        500        1  Right
3   4   500        7536       45712      46213      258        2000       1  Left 
8   7   100        7512       46213      46313      266        700        1  Right
8   13  100        7512       46313      46413      267        100        1  Right
0   2   500        7564       46113      46614      263        2000       1  Right
12  6   100        7516       46614      46714      269        400        1  Left 
1   13  500        7515       46413      46914      268        1000       1  Right
3   5   500        7537       46714      47215      268        2000       1  Right
1   10  500        7538       46914      47415      269        1500       1  Right
12  5   100        7541       47415      47416      271        1100       1  Right
7   8   100        7548       47416      47516      272        700        1  Right
8   10  100        7612       47516      47616      273        400        1  Right
3   6   500        7538       47215      47617      270        1500       1  Right
3   4   100        7547       47617      47717      275        400        1  Left 
6   8   100        7550       47617      47718      275        400        1  Right
3   5   100        7547       47718      47818      277        400        1  Right
3   6   100        7547       47818      47918      278        300        1  Right
5   8   100        7552       47818      47919      278        300        1  Right
10  6   100        7590       47918      48019      279        800        1  Left 
4   8   100        7554       48019      48119      281        500        1  Right
4   1   100        7561       48119      48219      282        400        1  Right
13  8   100        7571       48119      48220      282        100        1  Right
7   8   100        7640       48220      48320      282        700        1  Right
5   12  500        7572       48019      48520      281        2500       1  Left 
5   1   100        7577       48520      48620      286        400        1  Right
4   3   100        7592       48520      48621      286        400        1  Left 
10  1   100        7591       48620      48720      287        300        1  Right
0   13  500        7578       48620      49121      287        2500       1  Right
0   7   100        7579       49121      49221      290        300        1  Left 
6   1   100        7606       49121      49222      290        500        1  Right
0   11  100        7603       49221      49322      291        400        1  Left 
4   1   100        7639       49222      49323      290        400        1  Right
2   0   100        7591       49322      49423      293        400        1  Right
5   3   100        7598       49423      49523      295        400        1  Right
6   3   100        7606       49523      49623      296        300        1  Right
1   7   500        7586       49323      49824      294        3000       1  Right
3   7   100        7640       49824      49924      296        200        1  Left 
0   2   500        7617       49623      50124      297        2000       1  Right
11  2   100        7642       50124      50224      298        800        1  Left 
1   4   500        7596       49824      50325      298        2000       1  Right
4   1   100        7652       50325      50425      300        400        1  Right
0   13  500        7642       50224      50725      299        2500       1  Right
10  0   100        7595       50725      50825      304        600        1  Left 
1   5   500        7619       50725      51226      304        2000       1  Right
13  0   100        7609       51226      51326      306        500        1  Right
7   0   100        7644       51326      51426      305        300        1  Left 
2   0   100        7650       51426      51526      306        400        1  Right
4   0   100        7654       51526      51626      307        500        1  Left 
1   10  500        7634       51226      51727      304        1500       1  Right
8   10  100        7661       51727      51827      309        400        1  Right
2   11  500        7673       51626      52127      308        4000       1  Left 
10  8   500        7674       51827      52328      310        2000       1  Right
7   1   100        7653       52328      52428      312        600        1  Right
11  8   100        7718       52428      52528      313        600        1  Right
0   2   500        7677       52127      52628      311        2000       1  Right
7   8   100        7727       52528      52629      313        700        1  Right
0   15  100        7712       52629      52729      316        700        1  Left 
1   6   500        7647       52629      53129      316        2500       1  Right
5   1   100        7658       53129      53229      318        400        1  Right
0   3   500        7723       52729      53230      316        500        1  Right
1   4   500        7670       53229      53730      319        2000       1  Right
0   2   500        7740       53230      53731      319        2000       1  Right
1   4   500        7683       53730      54231      321        2000       1  Right
5   1   100        7671       54231      54331      323        400        1  Right
15  4   100        7705       54231      54332      323        200        1  Right
13  1   100        7676       54331      54431      324        200        1  Right
5   0   100        7673       54331      54432      324        300        1  Right
10  8   100        7761       54431      54532      325        400        1  Right
2   0   100        7714       54432      54533      327        400        1  Right
15  6   100        7706       54533      54534      329        900        1  Left 
15  6   100        7720       54534      54535      330        900        1  Left 
1   5   500        7694       54533      54835      329        2000       1  Right
0   8   100        7763       54835      54935      331        600        1  Right
1   7   500        7699       54835      55335      332        3000       1  Right
6   1   100        7702       55335      55435      334        500        1  Right
15  2   100        7790       55435      55436      334        1100       1  Left 
1   13  500        7703       55435      55836      335        1000       1  Right
8   7   500        7708       55836      56336      337        3500       1  Right
0   13  500        7789       55836      56337      336        2500       1  Right
8   10  100        7748       56336      56437      337        400        1  Right
8   7   100        7787       56437      56537      339        700        1  Right
8   7   100        7789       56537      56637      340        700        1  Right
0   2   500        7806       56337      56838      338        2000       1  Right
8   11  500        7827       56637      57138      340        3000       1  Right
0   10  100        7816       57138      57238      343        600        1  Left 
0   9   100        7881       57238      57338      343        100        1  Right
0   9   100        7905       57338      57438      344        100        1  Right
1   5   500        7714       57138      57638      344        2000       1  Right
6   1   100        7715       57638      57738      348        500        1  Right
6   0   100        7717       57738      57838      349        200        1  Right
4   1   100        7729       57738      57839      348        400        1  Right
13  0   100        7758       57838      57939      349        500        1  Right
4   15  500        7746       57839      58340      350        1000       1  Right
1   6   500        7743       57939      58440      351        2500       1  Right
1   6   500        7756       58440      58940      353        2500       1  Right
7   6   100        7764       58940      59040      354        500        1  Left 
12  5   100        7792       59040      59140      355        500        1  Left 
8   3   100        7828       59140      59240      355        700        1  Right
1   4   500        7762       58940      59440      354        2000       1  Right
7   1   100        7765       59440      59540      358        600        1  Right
7   0   100        7769       59540      59640      359        300        1  Left 
6   15  500        7771       59540      60041      359        3500       1  Right
2   0   100        7780       60041      60141      361        400        1  Right
7   8   500        7798       60041      60542      361        3500       1  Right
6   12  500        7804       60141      60642      362        2000       1  Left 
5   1   100        7789       60542      60643      363        400        1  Right
3   0   100        7807       60642      60743      364        100        1  Right
2   15  500        7821       60643      61144      365        2500       1  Right
5   12  500        7823       60743      61244      366        2500       1  Left 
13  0   100        7836       61244      61344      367        500        1  Right
1   7   500        7823       61144      61645      367        3000       1  Right
4   8   100        7824       61645      61745      369        500        1  Right
6   1   100        7824       61745      61845      370        500        1  Right
4   3   100        7892       61745      61846      370        400        1  Left 
15  6   100        7851       61846      61847      372        900        1  Left 
1   5   500        7826       61845      62247      371        2000       1  Right
2   1   100        7828       62247      62347      374        300        1  Right
6   10  500        7867       61847      62348      373        4000       1  Left 
13  1   100        7838       62347      62448      375        200        1  Right
1   2   500        7853       62448      62948      377        1500       1  Right
8   4   500        7860       62948      63448      378        2500       1  Right
1   13  500        7865       63448      63948      379        1000       1  Right
1   6   500        7870       63948      64448      380        2500       1  Right
5   8   100        7872       64448      64548      381        300        1  Right
12  1   100        7873       64448      64549      381        700        1  Right
12  1   100        7873       64549      64550      383        700        1  Right
8   0   500        7899       64548      64551      382        3000       1  Right
1   12  500        7904       64550      64652      384        3500       1  Right
8   5   500        7903       64551      65052      385        1500       1  Right
6   8   100        7917       65052      65152      387        400        1  Right
1   12  500        7907       64652      65153      386        3500       1  Right
5   3   100        7937       65152      65253      387        400        1  Right
2   1   100        7875       65153      65254      389        300        1  Right
6   3   100        7965       65253      65354      389        300        1  Right
13  4   100        7893       65254      65355      391        600        1  Right
12  2   100        7932       65354      65455      391        600        1  Left 
10  1   100        7895       65355      65456      393        300        1  Right
4   13  500        7924       65455      65457      393        5000       1  Left 
1   10  500        7936       65456      65458      394        1500       1  Right
12  0   100        7951       65457      65557      395        200        1  Left 
11  1   100        7926       65458      65559      396        500        1  Right
0   10  100        7943       65559      65659      398        600        1  Left 
11  0   100        8007       65659      65759      399        400        1  Left 
8   6   500        7943       65457      65958      395        2000       1  Right
9   2   100        7948       65958      65959      401        300        1  Right
0   8   100        7956       65958      65960      401        1000       1  Left 
1   2   500        7951       65960      66460      403        1500       1  Right
6   15  500        8010       65960      66461      403        4500       1  Left 
2   12  500        7960       66461      66961      405        3000       1  Left 
1   11  500        7962       66461      66962      405        2500       1  Right
2   1   100        7968       66962      67062      407        300        1  Right
10  1   100        7975       67062      67162      408        300        1  Right
11  8   100        8009       67162      67262      409        600        1  Right
11  1   100        8016       67262      67362      410        500        1  Right
0   12  500        7987       66961      67462      406        1000       1  Left 
2   9   500        7989       67062      67564      408        1500       1  Right
9   8   100        8040       67564      67664      411        500        1  Right
1   10  500        8016       67362      67863      411        1500       1  Right
0   3   500        8099       67462      67963      410        500        1  Right
6   7   500        8026       67863      68364      413        5500       1  Right
8   4   100        8041       68364      68464      415        500        1  Right
8   5   100        8041       68464      68564      416        300        1  Right
10  0   100        8059       68464      68564      416        600        1  Left 
15  1   100        8043       68464      68565      416        200        1  Right
8   6   100        8041       68564      68665      417        400        1  Right
15  2   100        8107       68665      68765      419        500        1  Right
15  2   100        8170       68765      68865      419        500        1  Right
0   10  500        8105       68564      69065      417        3000       1  Left 
8   7   100        8041       69065      69165      422        700        1  Right
7   1   100        8049       69165      69265      423        600        1  Right
7   8   100        8058       69265      69266      424        900        1  Left 
6   8   100        8060       69266      69366      425        400        1  Right
5   8   100        8062       69366      69466      426        300        1  Right
1   11  500        8052       69265      69666      424        2500       1  Right
4   8   100        8064       69666      69766      428        500        1  Right
11  6   100        8087       69666      69767      428        600        1  Left 
8   11  100        8100       69767      69867      430        1000       1  Left 
8   11  100        8101       69867      69967      431        1000       1  Left 
13  4   100        8145       69967      70067      431        1000       1  Left 
13  6   100        8146       70067      70167      432        300        1  Right
1   15  500        8069       69766      70267      429        1000       1  Right
11  1   100        8088       70267      70367      435        500        1  Right
11  0   100        8092       70367      70467      436        400        1  Left 
3   0   100        8128       70467      70468      436        100        1  Right
8   9   500        8160       70167      70569      433        2500       1  Right
13  6   100        8180       70569      70669      438        300        1  Right
13  2   100        8210       70669      70769      439        100        1  Right
1   7   500        8095       70467      70869      437        3000       1  Right
0   7   100        8118       70869      70969      442        300        1  Left 
0   13  100        8159       70969      71069      442        500        1  Right
11  8   500        8121       70869      71370      442        3000       1  Right
1   11  500        8126       71370      71870      444        2500       1  Right
3   8   500        8140       71370      71871      444        3500       1  Right
7   1   100        8139       71870      71971      445        600        1  Right
10  0   100        8158       71971      72071      447        600        1  Left 
2   15  500        8138       71971      72471      447        2500       1  Right
3   4   500        8175       72071      72572      448        2000       1  Left 
6   15  500        8153       72471      72573      449        3500       1  Right
0   10  500        8204       72572      72674      450        3000       1  Left 
2   15  500        8201       72573      73074      451        2500       1  Right
3   5   500        8224       72674      73175      451        2000       1  Right
4   13  500        8176       73074      73575      453        3000       1  Right
8   0   100        8196       73575      73675      455        600        1  Right
12  0   100        8204       73675      73775      456        200        1  Left 
1   7   500        8185       73575      74075      455        3000       1  Right
0   14  100        8207       74075      74175      458        800        1  Left 
6   13  500        8221       73675      74177      456        1500       1  Right
7   0   100        8233       74175      74276      458        300        1  Left 
15  6   100        8230       74276      74376      460        900        1  Left 
1   2   500        8213       74177      74678      460        1500       1  Right
14  2   100        8228       74678      74778      462        400        1  Right
0   12  500        8240       74376      74877      461        1000       1  Left 
1   3   100        8215       74877      74977      465        800        1  Left 
1   8   100        8219       74977      75077      466        100        1  Right
0   7   100        8252       74977      75078      465        300        1  Left 
12  0   100        8290       75078      75178      467        200        1  Left 
2   13  500        8231       74778      75279      463        500        1  Right
1   10  500        8291       75077      75579      466        1500       1  Right
6   11  500        8369       75178      75679      468        3000       1  Left 
15  5   100        8255       75579      75680      470        600        1  Right
9   1   100        8249       75680      75780      472        600        1  Right
10  1   100        8250       75780      75880      473        300        1  Right
2   3   100        8250       75780      75881      473        500        1  Right
13  6   100        8251       75881      75981      475        300        1  Right
0   1   100        8260       75881      75982      475        900        1  Left 
2   8   100        8254       75981      76082      476        200        1  Right
3   6   500        8259       75982      76483      477        1500       1  Right
2   14  500        8254       76082      76484      478        2000       1  Right
14  8   100        8301       76484      76584      480        200        1  Right
5   15  500        8301       76483      76885      479        5000       1  Left 
0   1   100        8260       76885      76985      482        700        1  Right
0   7   500        8284       76985      77485      483        1500       1  Left 
6   13  500        8440       76985      77485      483        1500       1  Right
8   1   500        8290       76985      77486      483        500        1  Right
0   12  500        8326       77485      77986      484        1000       1  Left 
1   9   500        8295       77486      77987      485        3000       1  Right
2   1   100        8363       77987      78087      487        300        1  Right
15  5   100        8506       78087      78187      488        600        1  Right
0   7   500        8386       77986      78487      486        1500       1  Left 
6   15  500        8532       78187      78488      489        3500       1  Right
0   10  500        8389       78487      78788      490        3000       1  Left 
5   15  500        8552       78488      78989      491        3000       1  Right
0   12  500        8399       78788      79289      492        1000       1  Left 
8   0   500        8290       79289      79789      494        3000       1  Right
7   0   100        8335       79789      79889      495        300        1  Left 
10  0   100        8343       79889      79989      496        600        1  Left 
9   0   100        8359       79989      80089      497        100        1  Right
12  0   100        8363       80089      80189      498        200        1  Left 
8   2   500        8311       79789      80289      495        1000       1  Right
0   3   500        8423       80189      80690      499        500        1  Right
8   14  500        8347       80289      80790      500        1000       1  Right
10  0   100        8452       80690      80791      501        600        1  Left 
9   8   100        8361       80790      80891      502        500        1  Right
12  0   100        8461       80791      80892      503        200        1  Left 
9   1   100        8368       80891      80992      504        600        1  Right
9   6   100        8461       80992      81092      506        100        1  Right
1   2   500        8384       80992      81492      506        1500       1  Right
8   1   100        8386       81492      81592      508        100        1  Right
8   2   100        8386       81592      81692      509        200        1  Right
11  1   100        8402       81592      81693      509        500        1  Right
8   14  100        8386       81693      81793      511        200        1  Right
8   11  100        8386       81793      81893      512        600        1  Right
2   1   100        8406       81893      81993      513        300        1  Right
0   11  100        8424       81893      81994      513        400        1  Left 
1   9   500        8414       81993      82494      514        3000       1  Right
0   12  500        8497       81994      82495      515        1000       1  Left 
11  8   100        8414       82494      82595      516        600        1  Right
1   8   100        8424       82595      82695      518        100        1  Right
2   8   100        8425       82695      82795      519        200        1  Right
7   1   100        8440       82695      82796      519        600        1  Right
8   9   100        8492       82795      82896      520        500        1  Right
10  1   100        8454       82796      82897      521        300        1  Right
8   9   100        8493       82896      82997      522        500        1  Right
10  4   100        8587       82897      82998      523        100        1  Right
1   2   500        8427       82997      83498      524        1500       1  Right
14  8   100        8428       83498      83598      526        200        1  Right
14  8   100        8435       83598      83698      527        200        1  Right
2   3   500        8526       83498      83999      526        2500       1  Right
1   11  500        8440       83698      84199      528        2500       1  Right
9   1   100        8462       84199      84299      530        600        1  Right
13  1   100        8463       84299      84399      531        200        1  Right
9   0   100        8466       84299      84400      531        100        1  Right
3   1   100        8466       84399      84401      532        800        1  Left 
11  1   100        8495       84401      84402      534        500        1  Right
12  0   100        8531       84401      84403      534        200        1  Left 
9   8   500        8503       84400      84703      533        2500       1  Right
1   13  500        8489       84703      85203      537        1000       1  Right
3   2   500        8507       84703      85204      537        2500       1  Right
1   7   500        8495       85203      85704      538        3000       1  Right
0   8   500        8513       85204      85705      539        3000       1  Right
0   5   100        8514       85705      85805      541        300        1  Right
1   10  500        8498       85704      86205      540        1500       1  Right
2   13  500        8548       85705      86207      541        500        1  Right
0   12  500        8567       85805      86306      542        1000       1  Left 
4   10  500        8613       86205      86705      543        500        1  Right
8   14  500        8532       86205      86706      543        1000       1  Right
6   13  500        8554       86207      86707      544        1500       1  Right
1   9   500        8510       86706      87205      547        5000       1  Left 
2   13  500        8591       86707      87208      548        500        1  Right
3   2   100        8517       87208      87308      550        500        1  Right
13  2   100        8527       87308      87408      551        100        1  Right
13  2   100        8570       87408      87508      552        100        1  Right
5   2   100        8578       87508      87608      553        100        1  Right
1   11  500        8531       87205      87706      549        2500       1  Right
2   5   500        8609       87608      88109      554        500        1  Right
1   0   500        8543       87706      88207      555        4500       1  Left 
13  6   100        8610       88109      88210      556        300        1  Right
13  5   100        8635       88210      88310      557        200        1  Right
1   0   500        8556       88207      88708      557        4500       1  Left 
3   1   100        8557       88708      88808      560        800        1  Right
7   0   100        8561       88808      88908      561        300        1  Left 
8   1   100        8583       88808      88909      561        100        1  Right
0   11  100        8567       88908      89009      562        400        1  Left 
8   9   100        8684       88909      89009      562        500        1  Right
14  1   100        8591       88909      89010      563        100        1  Right
11  0   100        8607       89009      89110      564        400        1  Left 
12  0   100        8612       89110      89210      566        200        1  Left 
0   8   100        8614       89210      89310      567        600        1  Right
1   14  500        8612       89010      89511      565        500        1  Right
0   7   500        8618       89310      89811      568        1500       1  Left 
14  0   100        8635       89811      89911      569        800        1  Left 
7   0   100        8675       89911      90011      570        300        1  Left 
1   8   500        8634       89511      90012      568        500        1  Right
0   1   100        8621       90012      90112      573        700        1  Right
15  1   100        8622       90112      90212      574        200        1  Right
15  1   100        8622       90212      90312      575        200        1  Right
14  8   100        8637       90312      90412      575        200        1  Right
14  1   100        8644       90412      90512      576        100        1  Right
5   8   100        8654       90412      90513      576        300        1  Right
0   12  500        8648       90112      90613      573        1000       1  Left 
5   13  500        8671       90513      91013      578        1000       1  Right
1   15  500        8648       90512      91014      577        1000       1  Right
9   8   100        8692       91013      91113      580        500        1  Right
0   11  500        8651       90613      91115      579        2000       1  Left 
1   15  500        8651       91014      91516      581        1000       1  Right
15  2   100        8671       91516      91616      584        1100       1  Left 
15  0   100        8690       91616      91716      585        700        1  Left 
1   14  500        8665       91516      92016      584        500        1  Right
8   14  100        8713       92016      92017      587        200        1  Right
8   14  100        8715       92017      92018      588        200        1  Right
2   15  500        8702       91716      92019      586        5500       1  Left 
1   14  500        8717       92018      92519      589        500        1  Right
8   5   500        8803       92019      92519      589        1500       1  Right
0   15  500        8711       92019      92520      590        3500       1  Left 
14  6   100        8693       92519      92521      591        600        1  Right
3   15  100        8785       92520      92521      591        600        1  Left 
0   9   100        8726       92520      92522      591        100        1  Right
13  5   100        8886       92521      92621      592        200        1  Right
7   1   100        8677       92521      92622      593        600        1  Right
14  1   100        8694       92622      92722      596        100        1  Right
6   9   500        8733       92522      93024      593        500        1  Right
0   11  500        8741       92622      93124      595        2000       1  Left 
9   1   100        8756       93024      93125      597        600        1  Right
14  0   100        8698       93124      93225      599        800        1  Left 
11  0   100        8700       93225      93325      601        400        1  Left 
12  0   100        8724       93325      93425      602        200        1  Left 
7   4   100        8783       93325      93426      601        200        1  Right
14  8   500        8749       93225      93726      600        1000       1  Right
0   12  500        8760       93425      93927      602        1000       1  Left 
12  0   100        8795       93927      94027      605        200        1  Left 
1   7   500        8735       93726      94227      604        3000       1  Right
1   3   500        8751       94227      94727      607        4000       1  Right
4   7   500        8814       94227      94728      607        1000       1  Right
0   10  100        8798       94727      94828      608        1000       1  Right
11  1   100        8782       94828      94928      610        500        1  Right
0   4   100        8816       94928      95028      611        500        1  Left 
10  4   100        8839       95028      95128      612        100        1  Right
1   9   500        8802       94928      95428      611        3000       1  Right
9   1   100        8854       95428      95528      614        600        1  Right
0   12  500        8831       95028      95529      612        1000       1  Left 
4   10  500        8865       95128      95629      613        500        1  Right
1   11  500        8818       95529      96030      616        5500       1  Left 
10  6   100        8840       96030      96130      618        800        1  Right
11  0   100        8861       96030      96131      618        400        1  Left 
10  6   100        8849       96130      96231      619        800        1  Right
0   9   100        8869       96131      96232      620        100        1  Right
12  1   100        8865       96231      96332      621        700        1  Right
4   2   100        8866       96332      96432      623        700        1  Right
0   11  500        8904       96332      96833      623        2000       1  Left 
6   10  500        8875       96432      96933      624        4000       1  Right
10  2   100        8894       96933      97033      626        600        1  Right
1   3   100        8896       97033      97133      627        800        1  Right
5   1   100        8902       97133      97233      628        400        1  Right
0   15  500        8964       97133      97234      628        3500       1  Left 
1   9   500        8902       97233      97334      629        3000       1  Right
12  15  100        8975       97234      97335      630        500        1  Right
3   1   100        8909       97335      97435      632        800        1  Left 
6   13  500        8904       97334      97835      631        1500       1  Right
1   0   500        8910       97435      97936      633        4500       1  Left 
5   13  500        8922       97835      98336      634        1000       1  Right
1   12  500        8935       97936      98337      635        3500       1  Right
8   0   500        8941       98336      98737      636        3000       1  Right
2   4   500        8902       98737      99237      638        3500       1  Right
2   10  500        8930       99237      99737      639        3000       1  Right
15  0   100        8943       99737      99837      640        700        1  Left 
9   0   100        8957       99837      99937      641        100        1  Right
11  0   100        8962       99937      100037     642        400        1  Left 
10  6   100        8971       100037     100137     643        800        1  Left 
1   5   500        8938       99737      100138     640        2000       1  Right
6   14  500        8997       100137     100539     644        5000       1  Left 
1   13  500        9006       100138     100639     645        1000       1  Right
5   0   100        8991       100539     100640     646        300        1  Right
4   8   100        8939       100639     100740     647        500        1  Right
11  1   100        8964       100740     100840     649        500        1  Right
5   8   100        8993       100740     100841     649        300        1  Right
15  0   100        8997       100840     100941     650        700        1  Left 
13  1   100        8977       100841     100942     651        200        1  Right
15  0   100        9040       100941     101042     652        700        1  Left 
13  1   100        8977       100942     101043     653        200        1  Right
0   1   100        8997       101043     101044     655        700        1  Right
5   1   100        9000       101044     101144     656        400        1  Right
0   8   100        9009       101144     101145     657        600        1  Right
14  1   100        9048       101144     101146     657        100        1  Right
13  2   100        9029       101145     101246     658        100        1  Right
15  3   500        9082       101042     101345     654        3000       1  Left 
1   13  500        9012       101246     101747     660        1000       1  Right
0   15  500        9018       101345     101846     661        3500       1  Left 
2   13  500        9050       101747     102248     662        500        1  Right
0   9   500        9020       101846     102346     663        500        1  Right
8   4   500        8975       101846     102347     663        2500       1  Right
13  0   100        9048       102346     102447     665        500        1  Right
1   11  500        9018       102347     102848     666        2500       1  Right
8   4   100        9025       102848     102948     668        500        1  Right
8   14  100        9025       102948     103048     669        200        1  Right
7   4   100        9035       102948     103049     669        200        1  Right
0   14  100        9028       103048     103149     670        800        1  Right
11  4   100        9069       103049     103150     671        100        1  Right
7   6   100        9036       103149     103250     672        500        1  Left 
1   5   500        9036       103149     103650     672        2000       1  Right
5   6   100        9097       103650     103750     675        100        1  Right
0   15  500        9061       103250     103751     674        3500       1  Left 
8   5   100        9107       103750     103850     676        300        1  Right
15  0   100        9083       103751     103852     677        700        1  Left 
8   5   100        9109       103850     103951     678        300        1  Right
9   0   100        9088       103852     103953     679        100        1  Right
1   14  500        9069       103650     104151     675        500        1  Right
15  12  500        9116       103852     104354     679        2500       1  Right
0   13  500        9079       103953     104454     681        2500       1  Right
4   8   100        9048       104354     104455     683        500        1  Right
7   2   100        9102       104454     104555     684        700        1  Left 
4   8   100        9053       104455     104556     685        500        1  Right
3   6   100        9117       104555     104656     686        300        1  Right
14  8   100        9061       104556     104657     687        200        1  Right
14  0   100        9096       104657     104757     689        800        1  Right
5   1   100        9098       104757     104857     690        400        1  Right
5   0   100        9102       104857     104957     691        300        1  Right
10  1   100        9147       104857     104958     690        300        1  Right
4   7   500        9066       104556     105057     687        1000       1  Right
5   8   500        9128       104957     105459     691        1500       1  Right
4   11  500        9090       105057     105558     694        500        1  Right
0   15  500        9114       105459     105960     695        4500       1  Right
0   7   100        9114       105960     106060     697        300        1  Left 
6   10  500        9119       105960     106461     697        4000       1  Right
3   15  100        9121       106461     106462     699        600        1  Left 
0   14  500        9122       106461     106863     699        4000       1  Right
0   6   100        9122       106863     106963     701        200        1  Right
1   5   500        9136       106863     107364     700        2000       1  Right
0   9   500        9139       106963     107464     701        500        1  Right
12  6   100        9146       107464     107465     703        400        1  Left 
2   7   500        9145       107364     107766     702        4500       1  Right
15  0   100        9140       107766     107866     705        700        1  Left 
14  0   100        9154       107866     107966     706        800        1  Right
14  1   100        9206       107966     108066     707        100        1  Right
9   1   100        9207       108066     108067     708        600        1  Right
0   15  500        9161       107966     108367     707        3500       1  Left 
7   6   100        9163       108367     108467     710        500        1  Left 
8   4   500        9168       108367     108868     710        2500       1  Right
6   7   500        9184       108467     108968     711        2500       1  Left 
6   2   100        9186       108968     109068     713        200        1  Right
7   6   100        9192       109068     109168     714        500        1  Left 
1   10  500        9188       108868     109369     712        1500       1  Right
2   6   500        9232       109168     109669     713        1000       1  Right
0   14  500        9180       109369     109870     716        4000       1  Left 
0   14  100        9180       109870     109970     718        800        1  Left 
15  0   100        9182       109970     109971     719        700        1  Left 
8   6   500        9304       109669     109972     715        2000       1  Right
1   14  500        9227       109970     110274     718        500        1  Right
0   15  500        9203       109971     110373     720        3500       1  Left 
4   1   100        9217       110373     110473     723        400        1  Right
15  1   100        9220       110473     110573     724        200        1  Right
10  2   100        9241       110473     110574     722        1000       1  Left 
15  1   100        9273       110573     110674     723        200        1  Right
6   10  500        9248       110574     111075     724        4000       1  Left 
12  15  100        9228       111075     111076     726        500        1  Right
14  0   100        9250       111075     111077     726        800        1  Right
1   15  500        9246       111077     111577     728        1000       1  Right
2   10  500        9277       111077     111578     728        5000       1  Left 
6   8   100        9278       111578     111678     730        400        1  Right
1   4   500        9248       111578     112078     730        2000       1  Right
11  4   100        9321       112078     112178     732        100        1  Right
6   7   500        9310       111678     112179     731        2500       1  Left 
1   9   500        9253       112179     112180     734        3000       1  Right
0   14  500        9276       112179     112181     734        4000       1  Left 
4   0   100        9290       112181     112281     736        500        1  Left 
1   0   500        9291       112281     112781     737        3500       1  Right
4   8   100        9292       112781     112881     738        500        1  Right
13  0   100        9301       112781     112882     738        500        1  Right
4   1   100        9299       112881     112982     739        400        1  Right
11  6   100        9322       112882     112983     740        600        1  Left 
10  6   100        9329       112983     113083     741        800        1  Left 
1   15  500        9299       112982     113483     741        1000       1  Right
4   11  500        9342       113083     113583     742        500        1  Right
0   13  500        9332       113083     113584     742        2500       1  Right
0   5   100        9332       113584     113684     745        300        1  Right
8   5   100        9333       113684     113784     746        300        1  Right
8   6   100        9333       113784     113884     747        400        1  Right
6   8   100        9349       113884     113984     748        400        1  Right
1   4   500        9331       113583     114084     744        2000       1  Right
6   8   100        9350       113984     114084     749        400        1  Right
5   8   100        9351       114084     114184     750        300        1  Right
0   9   500        9367       113684     114186     746        500        1  Right
10  5   100        9354       114186     114286     752        900        1  Left 
4   6   100        9361       114286     114386     753        700        1  Left 
11  2   100        9366       114386     114486     754        800        1  Left 
1   14  500        9332       114084     114585     750        500        1  Right
14  0   100        9308       114585     114685     757        800        1  Left 
14  1   100        9310       114685     114785     758        100        1  Right
9   0   100        9316       114685     114786     758        100        1  Right
15  1   100        9324       114785     114886     759        200        1  Right
6   5   500        9369       114486     114987     755        500        1  Right
8   0   500        9343       114886     115387     760        5000       1  Left 
1   15  500        9350       115387     115887     762        1000       1  Right
5   10  500        9375       115387     115888     762        4500       1  Left 
7   1   100        9355       115888     115988     764        600        1  Right
4   1   100        9362       115988     116088     765        400        1  Right
14  4   100        9365       116088     116188     766        300        1  Right
5   1   100        9392       116088     116189     766        400        1  Right
4   0   100        9366       116188     116289     767        500        1  Left 
13  0   100        9380       116289     116389     769        500        1  Right
8   4   100        9382       116289     116390     769        500        1  Right
8   4   100        9384       116390     116490     771        500        1  Right
15  3   100        9389       116490     116491     772        600        1  Left 
0   1   100        9397       116490     116492     772        700        1  Right
15  8   100        9393       116492     116592     774        300        1  Right
15  3   100        9394       116592     116692     775        600        1  Left 
1   4   500        9395       116692     117192     776        2000       1  Right
