
295
C:/Users/nxconrad/Desktop/REU 2.0/Benchmark Data/16-core/7/flow_freqmine100#2.txt
810
[14, 11, 8, 4, 12, 0, 13, 15, 6, 2, 3, 5, 7, 10, 1, 9]
10  1   100        6420       6422       6522       0          100        1  Right
10  0   100        6422       6522       6622       1          800        1  Right
1   11  500        6440       6522       7023       0          1500       1  Left 
0   3   500        6423       6622       7123       1          2500       1  Right
12  0   100        6439       7123       7223       3          100        1  Right
1   5   500        6460       7023       7524       2          1500       1  Right
2   15  500        6428       7123       7624       3          1000       1  Right
0   12  500        6475       7223       7724       4          500        1  Right
15  8   100        6469       7724       7824       7          500        1  Right
1   10  500        6461       7524       8025       5          500        1  Right
6   2   500        6435       7624       8125       6          500        1  Right
1   5   100        6468       8025       8125       9          300        1  Right
2   6   100        6460       8125       8225       10         100        1  Right
11  1   100        6477       8125       8226       10         300        1  Left 
8   15  500        6520       7824       8325       8          2500       1  Right
0   9   100        6526       8325       8425       12         600        1  Left 
6   1   500        6485       8226       8727       12         3000       1  Right
3   0   100        6455       8727       8827       15         500        1  Right
10  1   100        6513       8727       8828       15         100        1  Right
12  0   100        6513       8827       8928       16         100        1  Right
3   13  500        6537       8827       9328       15         2000       1  Right
1   11  500        6513       8828       9329       17         1500       1  Left 
0   7   100        6527       9328       9429       18         700        1  Right
1   10  500        6554       9329       9830       19         500        1  Right
0   12  500        6549       9429       9930       20         500        1  Right
11  3   100        6551       9930       10030      22         900        1  Right
9   3   100        6564       10030      10031      23         1100       1  Left 
5   1   500        6529       9830       10032      21         1500       1  Right
3   9   500        6600       10031      10332      24         5500       1  Left 
7   8   100        6567       10332      10432      26         600        1  Left 
2   0   500        6614       10332      10833      26         2000       1  Right
8   7   500        6588       10432      10933      27         3000       1  Left 
1   2   100        6612       10933      11033      29         500        1  Right
0   8   500        6588       10933      11433      29         1500       1  Right
10  8   100        6595       11433      11533      31         500        1  Left 
6   2   500        6677       11033      11534      29         500        1  Right
10  3   100        6643       11533      11633      31         300        1  Right
12  1   100        6596       11533      11634      32         600        1  Left 
7   1   100        6613       11634      11734      35         200        1  Right
1   0   100        6617       11734      11834      36         700        1  Left 
8   10  500        6621       11834      12334      36         2500       1  Left 
1   12  500        6627       12334      12834      37         3000       1  Left 
8   0   100        6648       12834      12934      38         300        1  Right
12  0   100        6660       12934      13034      39         100        1  Right
2   1   500        6633       12834      13334      38         2500       1  Right
0   1   500        6638       13334      13834      41         3500       1  Left 
15  1   100        6639       13834      13934      42         700        1  Right
9   1   100        6640       13934      14034      43         100        1  Right
0   6   100        6672       13934      14035      43         300        1  Right
1   7   500        6664       14034      14535      44         1000       1  Right
0   12  500        6696       14035      14536      45         500        1  Right
0   13  100        6696       14536      14636      47         100        1  Right
1   15  500        6665       14535      15036      46         3500       1  Right
15  0   100        6703       15036      15136      49         200        1  Right
15  8   100        6705       15136      15236      50         500        1  Right
1   9   500        6687       15036      15536      49         500        1  Right
2   1   100        6692       15536      15636      52         500        1  Right
6   1   100        6705       15636      15736      53         600        1  Right
8   0   500        6709       15236      15737      51         1500       1  Right
15  1   100        6712       15736      15837      54         700        1  Right
7   0   100        6710       15837      15937      56         700        1  Right
1   2   500        6713       15937      16437      57         2500       1  Right
7   1   100        6721       16437      16537      58         200        1  Right
13  2   100        6725       16437      16538      58         300        1  Right
7   0   100        6723       16537      16638      59         900        1  Left 
9   0   100        6733       16638      16738      61         600        1  Left 
12  0   100        6738       16738      16838      62         100        1  Right
8   7   100        6757       16738      16839      62         600        1  Left 
12  1   100        6740       16839      16939      64         600        1  Left 
2   13  500        6746       16538      17039      60         1500       1  Right
9   1   100        6744       16939      17040      65         100        1  Right
8   13  100        6757       17039      17139      66         400        1  Right
6   2   500        6747       17039      17540      66         500        1  Right
1   15  500        6738       17139      17640      68         4500       1  Left 
9   0   100        6746       17640      17740      70         600        1  Left 
5   2   500        6846       17540      18041      69         1000       1  Right
1   6   500        6746       17740      18241      71         5000       1  Left 
8   12  100        6757       18241      18341      73         200        1  Right
8   11  100        6757       18341      18441      74         100        1  Right
0   3   500        6752       18241      18741      73         2500       1  Right
1   7   500        6767       18241      18743      73         1000       1  Right
15  6   100        6763       18741      18841      76         100        1  Right
0   8   100        6761       18741      18842      76         300        1  Right
15  1   100        6764       18841      18942      78         700        1  Right
8   10  100        6757       18942      19042      80         500        1  Left 
2   6   100        6790       18942      19042      80         100        1  Right
15  0   100        6768       18942      19043      80         200        1  Right
2   5   100        6815       19042      19142      81         200        1  Right
8   9   100        6757       19042      19143      81         300        1  Left 
1   12  500        6774       19142      19643      83         5000       1  Right
7   8   100        6765       19643      19644      85         600        1  Left 
3   0   100        6786       19643      19645      85         500        1  Right
9   8   100        6780       19644      19744      86         300        1  Left 
7   1   100        6818       19644      19745      86         200        1  Right
10  8   100        6782       19745      19845      89         500        1  Left 
11  8   100        6784       19845      19945      90         100        1  Right
10  2   100        7037       19845      19945      89         400        1  Right
4   12  500        6847       19643      20045      85         500        1  Right
12  8   100        6786       20045      20145      92         200        1  Right
13  8   100        6788       20145      20245      93         400        1  Right
13  8   100        6796       20245      20345      94         400        1  Right
1   9   500        6790       19845      20347      90         500        1  Right
12  4   100        6821       20345      20446      95         100        1  Right
1   15  500        6792       20347      20848      96         3500       1  Right
8   15  100        6829       20848      20948      98         500        1  Right
8   15  100        6837       20948      21048      99         500        1  Right
3   11  500        6838       20848      21349      98         3500       1  Left 
9   1   100        6846       21349      21449      101        100        1  Right
15  8   500        6875       21048      21549      100        2500       1  Right
3   10  500        6935       21349      21851      101        1500       1  Right
0   1   500        6896       21549      22050      103        3500       1  Left 
14  8   100        6908       22050      22150      105        200        1  Right
14  3   100        6912       22150      22250      106        1000       1  Right
1   7   500        6864       22050      22550      105        1000       1  Right
8   13  500        6934       22250      22751      107        2000       1  Right
3   14  500        6943       22550      23051      108        3000       1  Left 
1   0   100        6870       23051      23151      110        700        1  Left 
7   8   100        6910       23151      23251      111        1000       1  Right
1   9   500        6892       23151      23651      111        500        1  Right
8   7   500        6935       23251      23752      112        5000       1  Right
1   0   100        6929       23752      23852      114        700        1  Left 
7   3   100        6962       23752      23853      114        200        1  Right
9   8   100        6938       23852      23953      115        300        1  Left 
0   1   500        6950       23853      24354      116        4500       1  Right
8   14  500        6954       23953      24454      117        1000       1  Right
1   0   100        6972       24354      24455      118        900        1  Right
3   4   100        6998       24455      24555      120        700        1  Right
3   5   100        6998       24555      24655      121        100        1  Right
3   6   100        6998       24655      24755      122        200        1  Right
1   0   100        7014       24755      24855      123        900        1  Right
8   9   500        6959       24454      24955      119        1500       1  Left 
3   7   100        7054       24855      24956      123        200        1  Right
2   5   100        7066       24956      25056      125        200        1  Right
1   14  500        7027       24955      25455      124        1000       1  Left 
0   8   500        6971       24955      25456      125        1500       1  Right
9   3   100        6984       25455      25556      128        500        1  Right
4   8   100        6975       25456      25557      129        100        1  Right
0   10  100        6974       25556      25657      130        800        1  Right
8   4   500        7011       25557      26058      131        500        1  Right
0   1   500        6993       25657      26158      132        4500       1  Right
12  4   100        7073       26058      26159      132        100        1  Right
14  1   100        7006       26158      26258      134        200        1  Left 
0   10  100        6998       26158      26259      134        800        1  Right
4   3   100        7008       26259      26359      137        700        1  Right
0   15  100        7011       26359      26459      138        200        1  Right
5   3   100        7015       26359      26460      138        100        1  Right
8   0   100        7028       26459      26560      138        300        1  Right
6   3   100        7023       26460      26561      139        200        1  Right
13  1   100        7032       26560      26562      140        800        1  Left 
14  1   100        7048       26562      26662      142        200        1  Left 
0   12  100        7067       26562      26663      142        100        1  Right
14  1   100        7061       26662      26763      143        200        1  Left 
2   10  500        7073       26561      26962      141        2000       1  Right
6   15  500        7065       26561      26963      141        500        1  Right
4   12  500        7099       26663      27166      144        500        1  Right
14  0   100        7063       27166      27167      148        500        1  Right
1   13  500        7058       26963      27365      147        4000       1  Right
12  6   100        7074       27365      27465      150        400        1  Right
13  0   100        7086       27465      27565      151        100        1  Right
13  8   100        7088       27565      27665      152        400        1  Right
1   14  500        7069       27365      27865      150        1000       1  Left 
6   2   500        7077       27465      27966      151        500        1  Right
8   0   500        7098       27665      28166      153        1500       1  Right
12  6   100        7097       28166      28266      156        400        1  Right
8   4   100        7130       28166      28267      155        100        1  Right
1   14  500        7082       27865      28366      154        1000       1  Left 
10  8   100        7119       28366      28466      159        500        1  Left 
5   2   500        7097       27966      28467      155        1000       1  Right
8   7   100        7130       28466      28566      159        600        1  Left 
7   8   100        7141       28566      28666      161        600        1  Left 
9   8   100        7150       28666      28766      162        300        1  Left 
6   12  500        7133       28266      28768      156        2000       1  Right
4   8   100        7153       28766      28867      163        100        1  Right
0   3   500        7078       28768      29269      165        2500       1  Right
0   15  100        7086       29269      29270      167        200        1  Right
12  2   100        7128       29269      29271      166        1100       1  Left 
0   1   500        7093       29271      29771      169        3500       1  Left 
13  1   100        7095       29771      29871      170        800        1  Right
15  1   100        7100       29871      29971      171        700        1  Right
14  1   100        7104       29971      30071      172        200        1  Left 
3   0   100        7107       29971      30072      172        500        1  Right
15  1   100        7118       30072      30172      174        700        1  Right
1   0   100        7121       30172      30272      175        700        1  Left 
13  6   100        7149       30172      30273      174        200        1  Right
0   1   500        7142       30272      30773      175        3500       1  Left 
0   8   100        7155       30773      30873      177        300        1  Right
1   13  500        7121       30773      31273      178        4000       1  Right
12  6   100        7186       31273      31373      179        400        1  Right
1   14  500        7125       31273      31773      179        1000       1  Left 
1   15  500        7127       31773      32273      181        3500       1  Right
8   15  100        7130       32273      32373      182        500        1  Right
14  3   100        7158       32273      32374      182        600        1  Left 
8   14  100        7130       32374      32474      184        200        1  Right
8   9   100        7130       32474      32574      185        300        1  Left 
14  8   100        7172       32574      32674      186        200        1  Right
1   15  500        7144       32374      32875      184        3500       1  Right
13  1   100        7150       32875      32975      188        800        1  Right
13  0   100        7154       32975      33075      189        100        1  Right
2   1   100        7155       32975      33076      189        500        1  Right
15  8   100        7174       33075      33176      190        500        1  Right
2   1   100        7155       33076      33177      191        500        1  Right
0   15  500        7210       33176      33178      192        1000       1  Right
2   12  500        7155       33177      33179      193        5500       1  Left 
1   0   100        7163       33179      33279      195        700        1  Left 
15  0   100        7189       33279      33379      196        200        1  Right
1   2   500        7176       33279      33779      196        2500       1  Right
13  8   500        7256       33379      33880      196        2000       1  Right
2   0   100        7221       33880      33980      199        400        1  Right
15  0   100        7231       33980      34080      199        200        1  Right
3   9   500        7281       33779      34280      197        2500       1  Right
6   12  500        7363       34080      34581      200        2000       1  Right
1   13  500        7178       34581      35081      203        4000       1  Right
8   13  100        7225       35081      35181      203        400        1  Right
8   13  100        7227       35181      35281      204        400        1  Right
1   2   500        7179       35081      35581      204        2500       1  Right
0   2   500        7247       35581      36081      206        2000       1  Right
8   10  500        7305       35581      36082      206        2500       1  Left 
7   2   100        7338       36081      36181      207        300        1  Right
0   15  500        7252       36081      36582      207        1000       1  Right
0   11  100        7277       36582      36682      210        400        1  Right
15  1   100        7279       36582      36683      210        700        1  Right
0   7   100        7300       36683      36783      212        700        1  Right
1   15  500        7305       36783      37283      213        3500       1  Right
0   8   500        7350       36783      37284      213        1500       1  Right
15  0   100        7333       37284      37384      215        200        1  Right
2   7   500        7379       37283      37784      214        1500       1  Right
1   12  500        7412       37284      37786      215        3000       1  Left 
0   15  500        7354       37384      37885      216        1000       1  Right
7   8   100        7430       37786      37887      218        600        1  Left 
15  0   100        7388       37885      37986      219        200        1  Right
4   8   100        7438       37887      37988      220        100        1  Right
0   1   500        7365       37986      38487      221        4500       1  Right
12  1   100        7381       38487      38587      223        600        1  Left 
5   8   100        7481       38587      38687      224        700        1  Left 
0   3   500        7399       38487      38988      223        2500       1  Right
15  1   100        7390       38988      39088      226        700        1  Right
0   13  100        7404       38988      39089      226        100        1  Right
10  1   100        7399       39088      39189      227        100        1  Right
8   0   100        7408       39089      39190      228        300        1  Right
3   0   100        7431       39190      39191      230        1100       1  Left 
4   3   100        7442       39191      39291      231        900        1  Left 
6   13  500        7441       39089      39491      228        1000       1  Right
15  4   100        7453       39491      39591      233        400        1  Right
12  2   100        7458       39591      39691      234        500        1  Right
3   14  500        7450       39291      39792      232        3000       1  Left 
5   3   100        7485       39792      39892      236        100        1  Right
6   12  500        7463       39691      40192      235        2000       1  Right
0   13  100        7473       40192      40292      238        100        1  Right
8   7   500        7451       39792      40293      236        3000       1  Left 
2   0   100        7474       40292      40393      239        400        1  Right
3   7   100        7463       40293      40394      240        200        1  Right
8   4   500        7474       40293      40794      240        500        1  Right
2   12  500        7484       40393      40894      241        2500       1  Right
7   3   500        7486       40394      40895      242        1000       1  Right
1   15  500        7417       40894      41395      244        4500       1  Left 
6   8   100        7483       41395      41495      246        600        1  Right
6   3   100        7487       41495      41595      247        200        1  Right
7   3   100        7494       41595      41695      248        200        1  Right
1   10  500        7440       41395      41895      246        500        1  Right
4   15  500        7494       41495      41997      247        2000       1  Right
10  0   100        7483       41997      42097      251        800        1  Right
10  8   100        7485       42097      42197      252        500        1  Left 
0   2   500        7500       42097      42598      252        2000       1  Right
13  1   100        7489       42598      42698      254        800        1  Right
10  1   100        7492       42698      42798      255        100        1  Right
7   1   100        7540       42798      42898      255        200        1  Right
8   0   500        7485       42598      43098      254        1500       1  Right
8   6   500        7509       43098      43598      258        3000       1  Right
2   0   100        7538       43598      43698      258        400        1  Right
13  0   100        7547       43698      43798      259        100        1  Right
2   0   100        7591       43798      43898      260        400        1  Right
8   5   500        7512       43598      44098      259        3500       1  Left 
8   4   100        7512       44098      44198      263        100        1  Right
8   5   100        7512       44198      44199      264        700        1  Left 
3   4   500        7536       44198      44600      263        3500       1  Right
8   6   100        7512       44600      44700      266        600        1  Right
8   7   100        7512       44700      44800      267        600        1  Left 
12  6   100        7516       44700      44801      267        400        1  Right
8   13  100        7512       44801      44901      269        400        1  Right
3   5   500        7537       44600      45101      265        500        1  Right
1   13  500        7515       44901      45402      270        4000       1  Left 
0   8   100        7544       45402      45502      271        300        1  Right
3   6   500        7538       45101      45602      270        1000       1  Right
12  5   100        7541       45602      45702      273        700        1  Right
3   4   100        7547       45702      45802      274        700        1  Right
3   5   100        7547       45802      45902      275        100        1  Right
1   10  500        7538       45402      45903      271        500        1  Right
7   8   100        7548       45903      46003      277        600        1  Left 
8   10  100        7612       46003      46103      278        500        1  Left 
0   2   500        7564       45802      46304      275        2000       1  Right
3   6   100        7547       46304      46404      280        200        1  Right
6   8   100        7550       46404      46504      281        1000       1  Left 
5   8   100        7552       46504      46604      282        700        1  Left 
4   8   100        7554       46604      46704      283        100        1  Right
10  6   100        7590       46604      46705      283        500        1  Right
0   13  500        7578       46304      46805      280        500        1  Right
4   1   100        7561       46704      46806      284        500        1  Left 
5   12  500        7572       46805      47306      286        3500       1  Right
13  8   100        7571       47306      47406      288        400        1  Right
5   1   100        7577       47306      47407      288        300        1  Right
4   3   100        7592       47406      47507      289        700        1  Right
10  1   100        7591       47407      47508      290        100        1  Right
0   7   100        7579       47507      47608      291        700        1  Right
5   3   100        7598       47608      47708      293        100        1  Right
0   11  100        7603       47608      47709      293        400        1  Right
1   7   500        7586       47608      48108      293        1000       1  Right
3   7   100        7640       48108      48208      295        200        1  Right
0   2   500        7617       47709      48210      295        2000       1  Right
10  0   100        7595       48210      48211      298        800        1  Right
13  0   100        7609       48211      48311      299        100        1  Right
1   4   500        7596       48108      48510      296        2500       1  Left 
6   1   100        7606       48510      48610      301        600        1  Right
6   3   100        7606       48610      48710      302        200        1  Right
0   13  500        7642       48311      48812      299        500        1  Right
11  2   100        7642       48812      48912      303        800        1  Right
1   5   500        7619       48610      49112      302        1500       1  Right
0   2   500        7677       48912      49413      304        2000       1  Right
7   8   100        7640       49413      49513      306        1000       1  Right
1   10  500        7634       49112      49613      305        500        1  Right
7   0   100        7644       49513      49614      307        700        1  Right
4   1   100        7639       49613      49714      308        500        1  Left 
2   0   100        7650       49614      49715      309        400        1  Right
4   1   100        7652       49714      49815      310        500        1  Left 
0   15  100        7712       49715      49816      311        200        1  Right
4   0   100        7654       49816      49916      313        200        1  Right
1   6   500        7647       49815      50316      312        3000       1  Right
7   1   100        7653       50316      50416      315        200        1  Right
5   1   100        7658       50416      50516      316        300        1  Right
5   1   100        7671       50516      50616      317        300        1  Right
2   11  500        7673       50316      50817      315        4000       1  Right
8   10  100        7661       50817      50917      319        500        1  Left 
5   0   100        7673       50817      50918      319        600        1  Right
2   0   100        7714       50918      51018      321        400        1  Right
1   4   500        7670       50917      51418      320        2500       1  Left 
0   3   500        7723       51018      51519      321        2500       1  Right
10  8   500        7674       51418      51919      323        2500       1  Left 
0   2   500        7740       51519      52020      323        2000       1  Right
1   4   500        7683       51919      52420      325        2500       1  Left 
13  1   100        7676       52420      52520      327        800        1  Right
11  8   100        7718       52420      52521      327        100        1  Right
15  4   100        7705       52520      52620      328        400        1  Right
15  6   100        7706       52620      52720      330        100        1  Right
15  6   100        7720       52720      52820      331        100        1  Right
15  2   100        7790       52820      52920      331        200        1  Right
1   5   500        7694       52520      53021      328        1500       1  Right
1   7   500        7699       53021      53521      334        1000       1  Right
6   1   100        7702       53521      53621      335        600        1  Right
1   13  500        7703       53621      54121      336        4000       1  Right
8   7   500        7708       54121      54621      337        3000       1  Left 
1   5   500        7714       54621      55121      338        1500       1  Right
6   1   100        7715       55121      55221      339        600        1  Right
6   0   100        7717       55221      55321      340        300        1  Right
7   8   100        7727       55221      55322      339        600        1  Left 
13  0   100        7758       55321      55422      340        100        1  Right
4   1   100        7729       55322      55423      341        500        1  Left 
12  5   100        7792       55422      55523      342        700        1  Right
8   10  100        7748       55423      55524      343        500        1  Left 
4   15  500        7746       55523      56024      344        2000       1  Right
1   6   500        7743       55524      56025      345        3000       1  Right
1   6   500        7756       56025      56525      347        3000       1  Right
10  8   100        7761       56525      56625      348        500        1  Left 
7   6   100        7764       56525      56626      348        400        1  Right
1   4   500        7762       56625      57126      349        2500       1  Left 
6   15  500        7771       56626      57127      350        500        1  Right
7   1   100        7765       57126      57226      351        200        1  Right
0   8   100        7763       57126      57227      351        300        1  Right
15  6   100        7851       57127      57229      351        100        1  Right
5   1   100        7789       57226      57327      353        300        1  Right
8   7   100        7787       57327      57427      356        600        1  Left 
8   7   100        7789       57427      57527      357        600        1  Left 
0   13  500        7789       57227      57528      354        500        1  Right
6   12  500        7804       57527      57828      358        6000       1  Left 
7   0   100        7769       57828      57928      360        700        1  Right
2   0   100        7780       57928      58028      361        400        1  Right
8   11  500        7827       57828      58329      359        500        1  Right
1   7   500        7823       57928      58430      360        1000       1  Right
0   2   500        7806       58028      58529      362        2000       1  Right
3   0   100        7807       58529      58629      365        500        1  Right
13  0   100        7836       58629      58729      365        100        1  Right
7   8   500        7798       58430      58931      364        3000       1  Left 
0   10  100        7816       58931      59031      368        800        1  Left 
2   15  500        7821       58629      59130      366        1000       1  Right
5   12  500        7823       59031      59532      368        4500       1  Left 
4   8   100        7824       59532      59632      370        100        1  Right
6   1   100        7824       59532      59633      370        600        1  Right
0   9   100        7881       59632      59733      371        600        1  Left 
8   3   100        7828       59733      59833      373        800        1  Right
1   5   500        7826       59633      60134      372        1500       1  Right
2   1   100        7828       60134      60234      375        500        1  Right
8   4   500        7860       59833      60334      374        500        1  Right
13  1   100        7838       60234      60335      376        800        1  Right
8   0   500        7899       60334      60835      377        1500       1  Right
1   2   500        7853       60335      60836      378        2500       1  Right
13  4   100        7893       60835      60936      379        300        1  Right
6   10  500        7867       60836      60937      380        2500       1  Right
1   13  500        7865       60936      61037      381        4000       1  Left 
0   9   100        7905       61037      61137      383        600        1  Left 
1   6   500        7870       61037      61537      383        3000       1  Right
5   8   100        7872       61537      61538      385        700        1  Left 
4   3   100        7892       61537      61539      385        700        1  Right
8   5   500        7903       61538      62039      386        3500       1  Left 
4   13  500        7924       61539      62040      387        1500       1  Right
6   8   100        7917       62039      62140      388        1000       1  Left 
12  1   100        7873       62140      62240      390        600        1  Left 
5   3   100        7937       62140      62241      390        100        1  Right
12  1   100        7873       62240      62341      391        600        1  Left 
6   3   100        7965       62241      62342      392        200        1  Right
1   12  500        7904       62341      62842      393        3000       1  Left 
6   15  500        8010       62342      62843      394        500        1  Right
2   1   100        7875       62842      62943      395        500        1  Right
10  1   100        7895       62943      63043      397        100        1  Right
11  1   100        7926       63043      63143      398        300        1  Left 
8   6   500        7943       62843      63344      396        3000       1  Right
1   12  500        7907       63344      63844      400        3000       1  Left 
6   7   500        8026       63344      63845      399        2000       1  Right
8   4   100        8041       63844      63944      400        100        1  Right
12  2   100        7932       63845      63946      402        500        1  Right
9   2   100        7948       63946      64046      404        1000       1  Left 
12  0   100        7951       64046      64146      405        100        1  Right
1   10  500        7936       63844      64345      401        500        1  Right
8   5   100        8041       64345      64445      406        700        1  Left 
2   12  500        7960       64146      64647      406        2500       1  Right
0   10  100        7943       64647      64747      409        800        1  Right
0   8   100        7956       64747      64847      410        300        1  Right
1   2   500        7951       64747      65247      410        2500       1  Right
0   12  500        7987       64847      65348      411        500        1  Right
8   6   100        8041       65348      65448      412        600        1  Right
8   7   100        8041       65448      65449      413        1000       1  Right
1   11  500        7962       65247      65649      412        1500       1  Left 
0   3   500        8099       65449      65950      414        2500       1  Right
11  0   100        8007       65950      66050      417        400        1  Right
1   10  500        8016       65649      66150      416        500        1  Right
13  4   100        8145       66050      66150      416        300        1  Right
11  8   100        8009       66050      66151      418        100        1  Right
2   1   100        7968       66150      66251      419        500        1  Right
9   8   100        8040       66151      66252      419        300        1  Left 
10  1   100        7975       66251      66352      421        100        1  Right
2   9   500        7989       66252      66753      422        5000       1  Left 
11  1   100        8016       66753      66853      424        300        1  Left 
10  0   100        8059       66753      66854      423        800        1  Right
1   11  500        8052       66853      67354      424        1500       1  Left 
0   10  500        8105       66854      67355      425        4000       1  Right
8   11  100        8100       67354      67455      426        100        1  Right
15  1   100        8043       67355      67456      427        700        1  Right
8   11  100        8101       67455      67556      428        100        1  Right
15  2   100        8107       67456      67556      429        200        1  Right
7   1   100        8049       67456      67557      429        200        1  Right
11  6   100        8087       67556      67657      430        700        1  Right
7   8   100        8058       67657      67757      432        600        1  Left 
13  6   100        8146       67657      67758      431        200        1  Right
11  1   100        8088       67757      67858      433        300        1  Left 
6   8   100        8060       67758      67859      434        600        1  Right
7   1   100        8139       67858      67959      434        200        1  Right
5   8   100        8062       67859      67960      436        900        1  Right
9   1   100        8249       67959      68060      434        100        1  Right
15  2   100        8170       67960      68060      437        200        1  Right
4   8   100        8064       67960      68061      438        100        1  Right
11  0   100        8092       68061      68161      440        400        1  Right
1   15  500        8069       68060      68561      439        3500       1  Right
3   0   100        8128       68561      68661      441        500        1  Right
11  8   500        8121       68161      68662      441        500        1  Right
1   7   500        8095       68561      69062      442        1000       1  Right
2   15  500        8138       68661      69162      442        1000       1  Right
8   9   500        8160       68662      69163      443        1500       1  Left 
0   7   100        8118       69162      69263      446        700        1  Right
1   11  500        8126       69163      69664      446        1500       1  Left 
3   8   500        8140       69263      69764      447        4000       1  Right
0   13  100        8159       69764      69864      449        100        1  Right
1   7   500        8185       69664      70165      448        1000       1  Right
6   15  500        8153       69764      70265      449        500        1  Right
4   13  500        8176       69864      70365      450        1500       1  Right
10  0   100        8158       70365      70465      453        800        1  Left 
2   15  500        8201       70265      70766      452        1000       1  Right
13  6   100        8180       70766      70866      455        200        1  Right
3   4   500        8175       70465      70966      454        4500       1  Left 
13  2   100        8210       70866      70967      456        300        1  Right
10  1   100        8250       70966      71066      455        100        1  Right
8   0   100        8196       70966      71067      457        300        1  Right
12  0   100        8204       71067      71167      460        100        1  Right
3   5   500        8224       70966      71467      456        500        1  Right
6   13  500        8221       70967      71469      458        1000       1  Right
15  6   100        8230       71469      71569      461        100        1  Right
0   10  500        8204       71167      71668      461        4000       1  Left 
0   14  100        8207       71668      71768      465        500        1  Right
7   0   100        8233       71768      71868      464        900        1  Left 
2   13  500        8231       71569      72070      462        1500       1  Right
13  6   100        8251       72070      72170      466        200        1  Right
0   12  500        8240       71868      72369      465        500        1  Right
12  0   100        8290       72369      72469      468        100        1  Right
1   2   500        8213       72070      72571      468        2500       1  Right
1   3   100        8215       72571      72671      472        400        1  Right
14  2   100        8228       72671      72672      471        700        1  Left 
2   3   100        8250       72672      72772      472        100        1  Right
6   11  500        8369       72469      72871      468        3500       1  Right
1   8   100        8219       72871      72971      476        400        1  Left 
0   7   100        8252       72871      72972      474        700        1  Right
2   8   100        8254       72972      73072      476        700        1  Right
1   10  500        8291       72971      73472      475        500        1  Right
2   14  500        8254       73072      73573      477        4500       1  Right
15  5   100        8255       73573      73673      479        400        1  Right
14  8   100        8301       73573      73674      479        200        1  Right
1   9   500        8295       73472      73973      478        500        1  Right
0   1   100        8260       73973      74073      482        700        1  Left 
0   1   100        8260       74073      74173      483        700        1  Left 
3   6   500        8259       73673      74175      480        1000       1  Right
0   7   500        8284       74173      74176      484        4500       1  Left 
5   15  500        8301       74175      74178      485        2000       1  Right
0   12  500        8326       74176      74676      485        500        1  Right
8   1   500        8290       74176      74677      486        2000       1  Left 
6   13  500        8440       74178      74680      485        1000       1  Right
2   1   100        8363       74677      74777      488        500        1  Right
8   0   500        8290       74677      75178      489        1500       1  Right
6   15  500        8532       74680      75182      488        500        1  Right
8   2   500        8311       75178      75679      492        4500       1  Left 
7   0   100        8335       75679      75779      493        700        1  Right
10  0   100        8343       75779      75879      494        800        1  Right
9   0   100        8359       75879      75979      495        1000       1  Right
12  0   100        8363       75979      76079      496        100        1  Right
8   14  500        8347       75679      76180      493        1000       1  Right
9   8   100        8361       76180      76280      498        300        1  Left 
1   2   500        8384       75979      76481      496        2500       1  Right
9   1   100        8368       76481      76581      500        100        1  Right
8   1   100        8386       76581      76681      501        400        1  Left 
11  1   100        8402       76681      76781      502        300        1  Left 
11  8   100        8414       76781      76881      503        100        1  Right
0   7   500        8386       76481      76982      500        3500       1  Right
8   2   100        8386       76982      77082      505        700        1  Right
8   14  100        8386       77082      77182      506        200        1  Right
1   9   500        8414       76781      77282      503        500        1  Right
8   11  100        8386       77182      77282      507        100        1  Right
1   8   100        8424       77282      77382      507        400        1  Left 
8   9   100        8492       77382      77482      508        300        1  Left 
8   9   100        8493       77482      77582      509        300        1  Left 
0   10  500        8389       77082      77584      506        4000       1  Right
2   1   100        8406       77584      77684      512        500        1  Right
8   14  500        8532       77582      78083      510        1000       1  Right
0   12  500        8399       77584      78085      512        500        1  Right
1   2   500        8427       77684      78086      512        2500       1  Right
9   6   100        8461       78085      78087      514        900        1  Left 
7   1   100        8440       78086      78187      515        200        1  Right
0   3   500        8423       78087      78588      517        2500       1  Right
0   11  100        8424       78588      78688      518        400        1  Right
15  5   100        8506       78588      78689      518        400        1  Right
0   12  500        8497       78688      79188      519        500        1  Right
1   11  500        8440       78688      79189      519        1500       1  Left 
5   15  500        8552       78689      79191      520        2000       1  Right
10  0   100        8452       79189      79290      522        800        1  Left 
2   8   100        8425       79290      79390      524        700        1  Right
10  1   100        8454       79290      79391      524        100        1  Right
12  0   100        8461       79390      79490      525        100        1  Right
14  8   100        8428       79390      79491      525        200        1  Right
9   1   100        8462       79391      79491      526        100        1  Right
14  8   100        8435       79491      79591      528        200        1  Right
13  1   100        8463       79591      79691      529        800        1  Left 
9   0   100        8466       79691      79791      530        600        1  Left 
2   3   500        8526       79390      79892      525        500        1  Right
1   13  500        8489       79791      80292      531        4000       1  Left 
3   1   100        8466       80292      80293      533        400        1  Right
12  0   100        8531       80292      80293      533        100        1  Right
9   8   500        8503       80292      80694      533        1500       1  Left 
2   13  500        8548       80292      80695      533        1500       1  Right
1   7   500        8495       80293      80794      534        1000       1  Right
11  1   100        8495       80794      80894      537        300        1  Left 
0   8   500        8513       80694      81195      535        1500       1  Right
6   13  500        8554       80695      81195      536        1000       1  Right
3   2   500        8507       80695      81196      536        500        1  Right
0   5   100        8514       81196      81296      540        600        1  Right
1   10  500        8498       80894      81396      538        500        1  Right
3   2   100        8517       81296      81397      541        100        1  Right
13  2   100        8527       81397      81497      543        300        1  Right
13  2   100        8570       81497      81597      544        300        1  Right
5   2   100        8578       81597      81697      545        200        1  Right
13  6   100        8610       81597      81698      545        200        1  Right
0   12  500        8567       81296      81797      541        500        1  Right
1   9   500        8510       81396      81897      542        500        1  Right
2   13  500        8591       81698      82199      547        1500       1  Right
10  4   100        8587       82199      82200      550        1000       1  Right
1   11  500        8531       81897      82299      549        1500       1  Left 
2   5   500        8609       82200      82701      551        1000       1  Right
1   0   500        8543       82299      82800      552        3500       1  Left 
13  5   100        8635       82701      82802      553        500        1  Right
1   0   500        8556       82800      83301      554        3500       1  Left 
3   1   100        8557       83301      83401      556        400        1  Right
0   11  100        8567       83301      83402      556        400        1  Right
7   0   100        8561       83402      83502      558        700        1  Right
11  0   100        8607       83502      83602      559        400        1  Right
12  0   100        8612       83602      83702      560        100        1  Right
1   14  500        8612       83401      83902      557        1000       1  Left 
8   1   100        8583       83902      83903      562        400        1  Left 
14  1   100        8591       83903      84003      563        200        1  Left 
8   9   100        8684       84003      84004      564        300        1  Left 
4   10  500        8613       83702      84005      561        5000       1  Right
0   8   100        8614       84005      84105      566        300        1  Right
0   7   500        8618       84105      84605      567        3500       1  Right
1   8   500        8634       84105      84606      567        2000       1  Left 
0   1   100        8621       84606      84706      569        700        1  Left 
15  1   100        8622       84706      84806      570        700        1  Right
14  0   100        8635       84706      84807      570        500        1  Right
15  1   100        8622       84806      84907      571        700        1  Right
14  8   100        8637       84807      84908      572        200        1  Right
0   12  500        8648       84807      85308      572        500        1  Right
1   15  500        8648       84907      85408      573        3500       1  Right
14  1   100        8644       85408      85508      576        200        1  Left 
15  2   100        8671       85408      85509      576        200        1  Right
0   11  500        8651       85308      85809      575        2000       1  Right
1   15  500        8651       85509      86010      578        3500       1  Right
5   8   100        8654       86010      86110      580        700        1  Left 
2   15  500        8702       86010      86511      580        1000       1  Right
1   14  500        8665       86110      86611      581        1000       1  Left 
7   0   100        8675       86611      86612      583        900        1  Left 
7   1   100        8677       86612      86712      584        200        1  Right
9   8   100        8692       86612      86713      584        300        1  Left 
8   14  100        8713       86713      86813      586        200        1  Right
5   13  500        8671       86511      86913      582        2500       1  Right
8   14  100        8715       86813      86914      587        200        1  Right
15  0   100        8690       86913      87014      588        200        1  Right
14  6   100        8693       86914      87015      589        800        1  Left 
14  1   100        8694       87015      87115      591        200        1  Left 
0   15  500        8711       87014      87515      590        1000       1  Right
7   4   100        8783       87515      87615      592        900        1  Right
1   14  500        8717       87115      87616      592        1000       1  Left 
3   15  100        8785       87615      87716      593        300        1  Right
14  0   100        8698       87616      87717      595        500        1  Right
11  0   100        8700       87717      87817      597        400        1  Right
12  0   100        8724       87817      87917      598        100        1  Right
12  0   100        8795       87917      88017      598        100        1  Right
1   7   500        8735       87616      88117      594        1000       1  Right
0   9   100        8726       88117      88217      600        1000       1  Right
14  8   500        8749       87817      88319      597        1000       1  Right
6   9   500        8733       88217      88718      601        3500       1  Right
0   11  500        8741       88319      88820      602        2000       1  Right
1   3   500        8751       88718      89219      603        2000       1  Right
9   1   100        8756       89219      89319      605        100        1  Right
0   12  500        8760       88820      89321      604        500        1  Right
11  1   100        8782       89319      89420      606        300        1  Left 
0   10  100        8798       89321      89422      607        800        1  Right
1   9   500        8802       89420      89921      608        500        1  Right
8   5   500        8803       89422      89923      609        4500       1  Right
1   11  500        8818       89921      90422      610        1500       1  Left 
4   7   500        8814       89923      90424      611        4500       1  Right
9   1   100        8854       90422      90523      610        100        1  Right
13  5   100        8886       90424      90524      611        500        1  Right
0   4   100        8816       90424      90525      613        200        1  Right
1   3   100        8896       90524      90625      613        400        1  Right
10  4   100        8839       90625      90725      615        600        1  Left 
10  6   100        8840       90725      90825      616        500        1  Right
10  6   100        8849       90825      90925      617        500        1  Right
0   12  500        8831       90525      91026      614        500        1  Right
4   10  500        8865       90925      91426      618        3000       1  Left 
11  0   100        8861       91426      91526      620        400        1  Right
12  1   100        8865       91526      91626      621        600        1  Left 
0   9   100        8869       91626      91726      622        600        1  Left 
6   10  500        8875       91426      91927      620        2500       1  Right
0   11  500        8904       91726      92226      623        2000       1  Right
1   9   500        8902       91726      92227      623        500        1  Right
4   2   100        8866       92227      92327      626        1000       1  Left 
10  2   100        8894       92327      92328      627        400        1  Right
6   13  500        8904       91927      92330      624        1000       1  Right
10  6   100        8971       92330      92430      628        500        1  Right
1   0   500        8910       92327      92730      627        3500       1  Left 
5   1   100        8902       92730      92830      631        300        1  Right
3   1   100        8909       92830      92930      632        400        1  Right
2   4   500        8902       92730      93231      631        3000       1  Right
5   13  500        8922       93231      93731      634        2500       1  Right
1   12  500        8935       93231      93732      633        3000       1  Left 
4   8   100        8939       93732      93832      635        100        1  Right
0   15  500        8964       93731      94231      634        1000       1  Right
2   10  500        8930       93731      94232      634        2000       1  Right
8   0   500        8941       94231      94732      637        1500       1  Right
1   5   500        8938       94232      94733      638        1500       1  Right
15  0   100        8943       94732      94833      639        200        1  Right
12  15  100        8975       94833      94834      641        300        1  Right
8   4   500        8975       94732      95134      639        500        1  Right
6   14  500        8997       94733      95135      640        4000       1  Left 
8   4   100        9025       95134      95235      643        100        1  Right
9   0   100        8957       95135      95236      644        1000       1  Right
8   14  100        9025       95235      95336      645        200        1  Right
11  0   100        8962       95336      95436      647        400        1  Right
1   13  500        9006       95236      95737      646        4000       1  Right
11  1   100        8964       95737      95837      649        300        1  Left 
5   0   100        8991       95737      95838      649        600        1  Right
7   4   100        9035       95837      95938      650        700        1  Left 
15  0   100        8997       95838      95939      651        200        1  Right
5   8   100        8993       95938      96039      652        700        1  Left 
15  0   100        9040       95939      96040      653        200        1  Right
11  4   100        9069       96039      96139      654        200        1  Right
7   6   100        9036       96039      96140      654        400        1  Right
13  1   100        8977       96139      96240      656        800        1  Left 
13  1   100        8977       96240      96340      658        800        1  Left 
0   1   100        8997       96340      96440      659        700        1  Left 
5   1   100        9000       96440      96540      660        300        1  Right
0   8   100        9009       96440      96541      660        300        1  Right
15  3   500        9082       96140      96641      657        1500       1  Right
4   8   100        9048       96541      96641      662        100        1  Right
14  1   100        9048       96540      96642      661        200        1  Left 
4   8   100        9053       96641      96741      663        100        1  Right
5   6   100        9097       96641      96742      663        300        1  Right
14  8   100        9061       96741      96842      665        200        1  Right
3   6   100        9117       96742      96842      666        200        1  Right
5   1   100        9098       96742      96843      666        300        1  Right
0   15  500        9018       96641      97142      663        1000       1  Right
13  2   100        9029       97142      97242      669        300        1  Right
13  0   100        9048       97242      97342      670        100        1  Right
4   7   500        9066       96843      97344      668        3500       1  Left 
15  0   100        9083       97342      97443      671        200        1  Right
10  1   100        9147       97344      97444      672        100        1  Right
7   2   100        9102       97344      97445      672        300        1  Right
0   9   500        9020       97443      97446      673        3000       1  Left 
1   13  500        9012       97445      97447      675        4000       1  Right
0   14  100        9028       97446      97547      676        500        1  Right
2   13  500        9050       97447      97948      677        1500       1  Right
1   11  500        9018       97547      98048      678        1500       1  Left 
6   10  500        9119       97948      98448      679        2500       1  Right
0   15  500        9061       97948      98449      679        1000       1  Right
4   11  500        9090       98048      98550      680        1000       1  Right
1   5   500        9036       98448      98949      681        1500       1  Right
0   13  500        9079       98449      98950      682        500        1  Right
8   5   100        9107       98950      99050      685        900        1  Right
8   5   100        9109       99050      99150      686        900        1  Right
1   14  500        9069       98949      99450      684        1000       1  Left 
8   4   500        9168       99150      99650      687        500        1  Right
0   15  500        9114       99150      99651      687        1000       1  Right
9   0   100        9088       99651      99652      690        600        1  Left 
3   15  100        9121       99651      99653      690        300        1  Right
14  0   100        9096       99652      99753      691        500        1  Right
1   5   500        9136       99450      99853      688        1500       1  Right
15  12  500        9116       99753      100254     693        1500       1  Right
1   10  500        9188       99853      100354     694        500        1  Right
5   0   100        9102       100254     100355     695        600        1  Right
0   7   100        9114       100355     100455     697        700        1  Right
0   14  500        9122       100455     100955     698        2500       1  Right
2   7   500        9145       100455     100956     698        1500       1  Right
0   6   100        9122       100955     101056     699        300        1  Right
15  0   100        9140       101056     101156     701        200        1  Right
12  6   100        9146       101156     101256     702        400        1  Right
5   8   500        9128       100956     101457     700        3500       1  Left 
7   6   100        9163       101457     101557     704        400        1  Right
0   9   500        9139       101457     101957     704        3000       1  Left 
14  0   100        9154       101957     102057     706        500        1  Right
6   7   500        9184       101557     102058     705        2000       1  Right
14  1   100        9206       102057     102157     707        200        1  Left 
6   2   100        9186       102058     102159     708        100        1  Right
9   1   100        9207       102157     102258     709        100        1  Right
7   6   100        9192       102159     102260     710        400        1  Right
4   1   100        9217       102258     102359     711        500        1  Left 
0   15  500        9161       102057     102558     707        1000       1  Right
2   6   500        9232       102260     102762     712        500        1  Right
10  2   100        9241       102762     102862     715        400        1  Right
0   14  500        9180       102558     103059     714        2500       1  Right
0   14  100        9180       103059     103159     717        500        1  Right
15  0   100        9182       103159     103259     718        200        1  Right
6   10  500        9248       102862     103363     716        2500       1  Right
1   14  500        9227       103159     103661     718        1000       1  Left 
0   15  500        9203       103259     103760     719        1000       1  Right
15  1   100        9220       103760     103761     722        900        1  Left 
2   10  500        9277       103363     103765     720        2000       1  Right
12  15  100        9228       103761     103766     723        300        1  Right
6   8   100        9278       103765     103770     724        1000       1  Left 
14  0   100        9250       103770     103870     726        500        1  Right
1   15  500        9246       103770     104270     726        3500       1  Right
15  1   100        9273       104270     104370     728        700        1  Right
0   14  500        9276       103870     104371     727        2500       1  Right
6   7   500        9310       104370     104871     729        2000       1  Right
0   13  500        9332       104371     104871     728        500        1  Right
1   4   500        9248       104371     104872     730        2500       1  Left 
0   5   100        9332       104871     104972     729        600        1  Right
11  4   100        9321       104872     104972     732        200        1  Right
4   0   100        9290       104972     105072     733        200        1  Right
4   8   100        9292       105072     105172     734        100        1  Right
1   9   500        9253       104872     105373     732        500        1  Right
8   6   500        9304       105172     105673     735        3000       1  Right
1   0   500        9291       105673     106173     737        3500       1  Left 
4   1   100        9299       106173     106273     738        500        1  Left 
13  0   100        9301       106173     106274     738        100        1  Right
4   11  500        9342       106273     106773     737        1000       1  Right
1   15  500        9299       106273     106774     739        3500       1  Right
14  0   100        9308       106773     106874     741        500        1  Right
14  1   100        9310       106874     106974     743        200        1  Left 
11  6   100        9322       106874     106975     743        700        1  Right
9   0   100        9316       106975     106976     745        600        1  Left 
15  1   100        9324       106975     106977     745        700        1  Right
10  6   100        9329       106977     107077     745        500        1  Right
7   1   100        9355       107077     107177     746        200        1  Right
15  3   100        9389       107077     107178     746        300        1  Right
0   9   500        9367       106976     107477     744        3000       1  Left 
1   4   500        9331       107477     107977     749        2500       1  Left 
8   5   100        9333       107977     108077     750        900        1  Right
8   6   100        9333       108077     108177     751        600        1  Right
10  5   100        9354       108077     108178     751        200        1  Right
1   14  500        9332       107977     108477     750        1000       1  Left 
8   0   500        9343       108177     108679     752        1500       1  Right
14  4   100        9365       108679     108779     755        300        1  Right
8   4   100        9382       108779     108879     756        100        1  Right
1   15  500        9350       108477     108978     754        3500       1  Right
8   4   100        9384       108879     108980     757        100        1  Right
11  2   100        9366       108978     108981     758        800        1  Left 
6   8   100        9349       108980     108983     759        600        1  Right
6   8   100        9350       108983     109083     761        600        1  Right
5   8   100        9351       109083     109183     762        700        1  Left 
4   6   100        9361       109083     109184     762        500        1  Right
4   1   100        9362       109184     109284     764        500        1  Left 
4   0   100        9366       109284     109384     765        200        1  Right
13  0   100        9380       109384     109484     766        100        1  Right
5   10  500        9375       109183     109684     763        1000       1  Right
1   4   500        9395       109384     109886     766        2500       1  Left 
15  8   100        9393       109886     109986     769        500        1  Right
6   5   500        9369       109684     110185     768        1500       1  Right
5   1   100        9392       110185     110285     771        300        1  Right
15  3   100        9394       110185     110286     771        300        1  Right
0   1   100        9397       110285     110386     772        700        1  Left 
