
322
C:/Users/nxconrad/Desktop/REU 2.0/Benchmark Data/16-core/7/flow_freqmine100#2.txt
810
[11, 5, 6, 13, 2, 14, 3, 10, 4, 9, 8, 15, 12, 1, 0, 7]
10  1   100        6420       6422       6522       0          600        1  Right
10  0   100        6422       6522       6622       1          700        1  Right
6   2   500        6435       6522       7023       0          1000       1  Right
0   3   500        6423       6622       7123       1          4000       1  Right
12  0   100        6439       7123       7223       3          200        1  Right
2   15  500        6428       7123       7623       3          3500       1  Right
2   6   100        6460       7623       7723       5          200        1  Right
1   11  500        6440       7223       7724       4          1500       1  Left 
15  8   100        6469       7623       7725       5          100        1  Right
3   0   100        6455       7724       7825       7          800        1  Left 
8   15  500        6520       7725       8226       8          500        1  Right
3   13  500        6537       7825       8325       8          1500       1  Right
1   5   500        6460       7825       8326       9          2000       1  Left 
1   10  500        6461       8326       8826       12         3000       1  Right
1   5   100        6468       8826       8926       13         400        1  Left 
7   8   100        6567       8926       8927       13         1100       1  Left 
0   12  500        6475       8926       9327       14         1000       1  Right
11  1   100        6477       9327       9427       16         300        1  Left 
6   1   500        6485       9427       9927       17         2500       1  Left 
12  0   100        6513       9927       10027      18         200        1  Right
11  3   100        6551       9927       10028      17         600        1  Right
10  1   100        6513       10027      10128      19         600        1  Right
9   3   100        6564       10128      10228      20         300        1  Right
2   0   500        6614       10028      10529      19         3000       1  Left 
1   11  500        6513       10529      11029      23         1500       1  Left 
0   9   100        6526       11029      11129      23         500        1  Right
0   7   100        6527       11129      11130      24         100        1  Right
5   1   500        6529       11129      11531      24         6000       1  Right
0   12  500        6549       11531      11532      26         1000       1  Right
8   7   500        6588       11531      11533      26         5500       1  Left 
12  1   100        6596       11532      11534      27         100        1  Right
0   8   500        6588       11533      11935      28         6000       1  Left 
1   10  500        6554       11935      12435      30         3000       1  Right
10  8   100        6595       12435      12535      31         300        1  Right
1   2   100        6612       12435      12536      31         700        1  Left 
7   1   100        6613       12536      12636      33         200        1  Right
1   0   100        6617       12636      12736      34         100        1  Right
3   9   500        6600       12535      13036      32         1500       1  Right
6   2   500        6677       12536      13038      32         1000       1  Right
1   12  500        6627       12736      13237      34         500        1  Right
8   10  500        6621       13036      13537      35         1500       1  Right
10  3   100        6643       13537      13637      38         100        1  Right
2   1   500        6633       13237      13738      37         3500       1  Left 
0   1   500        6638       13738      14238      40         500        1  Right
15  1   100        6639       14238      14239      41         200        1  Right
8   0   100        6648       14238      14240      41         1200       1  Left 
9   1   100        6640       14240      14340      43         400        1  Right
0   6   100        6672       14240      14341      43         400        1  Left 
2   1   100        6692       14340      14441      44         900        1  Right
12  0   100        6660       14441      14541      46         200        1  Right
1   7   500        6664       14541      15041      47         1000       1  Right
1   15  500        6665       15041      15541      48         1000       1  Right
1   9   500        6687       15541      16041      49         2000       1  Right
0   12  500        6696       16041      16541      50         1000       1  Right
0   13  100        6696       16541      16542      51         500        1  Left 
1   2   500        6713       16541      16943      51         4500       1  Right
15  0   100        6703       16943      17043      53         300        1  Right
13  2   100        6725       16943      17044      53         100        1  Right
15  8   100        6705       17043      17143      54         100        1  Right
6   1   100        6705       17043      17144      54         500        1  Left 
2   13  500        6746       17044      17546      55         500        1  Right
8   0   500        6709       17144      17645      57         2000       1  Right
7   0   100        6710       17645      17745      59         100        1  Right
15  1   100        6712       17645      17746      59         200        1  Right
7   1   100        6721       17746      17846      61         200        1  Right
7   0   100        6723       17846      17946      62         100        1  Right
6   2   500        6747       17546      18047      58         1000       1  Right
9   0   100        6733       18047      18048      64         1100       1  Left 
1   15  500        6738       17846      18249      62         1000       1  Right
0   3   500        6752       18048      18549      65         4000       1  Left 
12  0   100        6738       18549      18550      67         200        1  Right
8   7   100        6757       18549      18551      67         1100       1  Left 
12  1   100        6740       18550      18651      68         100        1  Right
8   13  100        6757       18551      18652      69         700        1  Right
8   12  100        6757       18652      18752      71         200        1  Right
1   6   500        6746       18651      19152      70         2500       1  Left 
9   1   100        6744       19152      19252      73         400        1  Right
9   0   100        6746       19252      19352      74         500        1  Right
8   11  100        6757       19352      19452      75         600        1  Left 
8   10  100        6757       19452      19552      76         300        1  Right
8   9   100        6757       19552      19652      77         100        1  Right
5   2   500        6846       19152      19653      73         1500       1  Right
15  6   100        6763       19653      19753      79         900        1  Right
2   6   100        6790       19753      19853      80         200        1  Right
2   5   100        6815       19853      19953      81         300        1  Right
1   7   500        6767       19452      19954      76         1000       1  Right
0   8   100        6761       19954      20054      83         400        1  Right
15  1   100        6764       20054      20055      84         200        1  Right
7   8   100        6765       20054      20056      84         1100       1  Left 
15  0   100        6768       20055      20156      85         300        1  Right
9   8   100        6780       20056      20157      86         100        1  Right
3   0   100        6786       20156      20158      87         800        1  Left 
10  8   100        6782       20157      20160      88         300        1  Right
1   12  500        6774       20156      20559      87         500        1  Right
3   11  500        6838       20158      20660      89         3000       1  Right
1   9   500        6790       20559      21060      91         2000       1  Right
11  8   100        6784       21060      21160      93         600        1  Left 
3   10  500        6935       20660      21161      92         500        1  Right
7   1   100        6818       21160      21260      94         200        1  Right
12  8   100        6786       21160      21261      94         200        1  Right
13  8   100        6788       21261      21361      97         900        1  Left 
3   14  500        6943       21161      21663      95         500        1  Right
13  8   100        6796       21663      21763      99         700        1  Right
1   15  500        6792       21361      21862      98         1000       1  Right
10  2   100        7037       21763      21864      99         300        1  Right
12  4   100        6821       21862      21963      101        400        1  Right
8   15  100        6829       21963      22063      103        100        1  Right
3   4   100        6998       21963      22064      103        200        1  Right
8   15  100        6837       22063      22164      104        100        1  Right
3   5   100        6998       22064      22165      105        500        1  Right
3   6   100        6998       22165      22265      107        400        1  Right
1   7   500        6864       21862      22363      101        1000       1  Right
2   5   100        7066       22265      22365      107        300        1  Right
1   0   100        6870       22363      22464      109        100        1  Right
4   12  500        6847       22164      22666      106        2000       1  Right
9   1   100        6846       22666      22766      112        400        1  Right
15  8   500        6875       22766      22767      113        500        1  Right
1   9   500        6892       22766      22768      113        6000       1  Left 
14  8   100        6908       22768      22868      115        500        1  Right
7   8   100        6910       22868      22968      116        1100       1  Left 
14  3   100        6912       22968      23068      117        100        1  Right
9   8   100        6938       22968      23069      117        100        1  Right
7   3   100        6962       23068      23169      118        700        1  Left 
0   1   500        6896       22768      23268      115        500        1  Right
1   0   100        6929       23268      23368      121        100        1  Right
8   13  500        6934       23169      23670      120        3500       1  Right
0   1   500        6950       23368      23869      122        500        1  Right
1   0   100        6972       23869      23969      124        100        1  Right
1   0   100        7014       23969      24069      125        100        1  Right
8   7   500        6935       23670      24171      123        5500       1  Left 
8   14  500        6954       24171      24671      127        2500       1  Right
8   9   500        6959       24671      25171      128        500        1  Right
1   14  500        7027       24671      25172      127        4000       1  Left 
9   3   100        6984       25171      25272      129        300        1  Right
3   7   100        7054       25272      25372      130        700        1  Left 
0   8   500        6971       25172      25673      130        2000       1  Right
0   10  100        6974       25673      25773      133        700        1  Right
4   8   100        6975       25773      25873      134        200        1  Right
4   3   100        7008       25873      25973      135        200        1  Right
5   3   100        7015       25973      26073      136        500        1  Right
6   3   100        7023       26073      26173      136        400        1  Right
0   1   500        6993       25773      26274      134        500        1  Right
0   10  100        6998       26274      26374      139        900        1  Left 
8   4   500        7011       25973      26474      136        1000       1  Right
14  1   100        7006       26374      26475      140        800        1  Left 
12  4   100        7073       26474      26476      140        400        1  Right
13  1   100        7032       26475      26477      141        600        1  Left 
0   15  100        7011       26477      26577      144        300        1  Right
8   0   100        7028       26577      26677      144        400        1  Right
2   10  500        7073       26475      26877      141        1500       1  Right
1   13  500        7058       26677      27178      145        3000       1  Left 
14  1   100        7048       27178      27278      147        800        1  Right
14  1   100        7061       27278      27378      148        800        1  Right
14  0   100        7063       27378      27478      149        700        1  Left 
6   15  500        7065       27478      27978      150        3500       1  Left 
0   12  100        7067       27978      28078      151        200        1  Right
6   2   500        7077       27978      28479      151        1000       1  Right
1   14  500        7069       28078      28480      152        4000       1  Right
13  0   100        7086       28479      28481      153        500        1  Left 
1   14  500        7082       28480      28981      154        4000       1  Right
5   2   500        7097       28481      28982      155        1500       1  Right
0   3   500        7078       28981      29482      156        4000       1  Right
12  6   100        7074       29482      29483      158        600        1  Left 
13  8   100        7088       29482      29484      158        700        1  Right
0   15  100        7086       29483      29584      159        300        1  Right
10  8   100        7119       29484      29585      160        300        1  Right
12  6   100        7097       29585      29685      162        1000       1  Right
0   1   500        7093       29584      30085      161        500        1  Right
13  1   100        7095       30085      30185      164        600        1  Left 
4   12  500        7099       29685      30186      163        2000       1  Right
13  6   100        7149       30185      30286      164        100        1  Right
8   0   500        7098       30186      30687      166        2000       1  Right
15  1   100        7100       30687      30688      168        200        1  Right
8   4   100        7130       30687      30688      167        200        1  Right
3   0   100        7107       30687      30689      168        800        1  Left 
14  1   100        7104       30689      30789      170        800        1  Right
15  1   100        7118       30789      30790      171        200        1  Right
8   7   100        7130       30789      30791      170        1100       1  Left 
1   0   100        7121       30790      30891      172        100        1  Right
12  2   100        7128       30791      30892      172        800        1  Right
14  3   100        7158       30892      30992      174        100        1  Right
1   13  500        7121       30891      31392      174        3000       1  Left 
1   14  500        7125       31392      31892      176        4000       1  Right
7   8   100        7141       31892      31893      177        1100       1  Left 
9   8   100        7150       31893      31993      178        100        1  Right
4   8   100        7153       31993      32093      179        200        1  Right
1   15  500        7127       31892      32293      177        1000       1  Right
8   15  100        7130       32293      32393      181        100        1  Right
8   14  100        7130       32393      32493      182        500        1  Right
8   9   100        7130       32493      32593      183        100        1  Right
6   12  500        7133       32293      32794      181        3000       1  Left 
3   9   500        7281       32593      33094      183        1500       1  Right
12  6   100        7186       33094      33194      186        1000       1  Right
0   1   500        7142       32794      33295      185        500        1  Right
0   8   100        7155       33295      33296      188        1200       1  Left 
14  8   100        7172       33296      33396      189        500        1  Right
1   15  500        7144       33295      33696      188        1000       1  Right
13  1   100        7150       33696      33796      191        600        1  Left 
15  8   100        7174       33696      33797      191        100        1  Right
13  0   100        7154       33796      33798      192        500        1  Left 
2   1   100        7155       33797      33799      193        900        1  Right
2   1   100        7155       33799      33899      195        700        1  Left 
1   0   100        7163       33899      33999      196        100        1  Right
2   12  500        7155       33899      34399      196        4000       1  Right
1   2   500        7176       34399      34899      198        3500       1  Left 
1   13  500        7178       34899      35399      199        3000       1  Left 
1   2   500        7179       35399      35899      200        3500       1  Left 
15  0   100        7189       35899      35999      201        300        1  Right
8   13  100        7225       35899      36000      200        700        1  Right
8   13  100        7227       36000      36100      202        700        1  Right
0   15  500        7210       35999      36500      202        1500       1  Right
13  8   500        7256       36100      36501      203        3500       1  Right
6   12  500        7363       36500      36901      204        3000       1  Left 
2   0   100        7221       36901      37001      207        600        1  Left 
8   10  500        7305       36501      37002      205        1500       1  Right
15  0   100        7231       37001      37102      207        300        1  Right
15  1   100        7279       37102      37202      209        200        1  Right
0   2   500        7247       37102      37602      209        3000       1  Left 
7   2   100        7338       37602      37702      211        500        1  Left 
0   15  500        7252       37602      38102      211        1500       1  Right
0   11  100        7277       38102      38202      213        200        1  Left 
0   7   100        7300       38202      38302      214        100        1  Right
1   15  500        7305       38102      38303      213        1000       1  Right
0   8   500        7350       38302      38304      215        6000       1  Left 
15  0   100        7333       38304      38305      217        1300       1  Left 
1   12  500        7412       38303      38306      216        500        1  Right
0   15  500        7354       38305      38606      218        6500       1  Left 
0   1   500        7365       38606      39106      220        500        1  Right
2   7   500        7379       38606      39107      220        2500       1  Left 
12  1   100        7381       39106      39108      221        100        1  Right
15  0   100        7388       39107      39109      222        1300       1  Left 
15  1   100        7390       39109      39209      224        200        1  Right
10  1   100        7399       39209      39210      225        600        1  Right
0   3   500        7399       39109      39511      224        4000       1  Left 
0   13  100        7404       39511      39611      227        500        1  Left 
1   15  500        7417       39210      39612      226        1000       1  Right
8   0   100        7408       39611      39613      228        1200       1  Left 
7   8   100        7430       39613      39713      230        500        1  Right
3   0   100        7431       39713      39813      231        800        1  Right
4   8   100        7438       39813      39913      232        200        1  Right
6   13  500        7441       39613      40114      230        500        1  Right
0   13  100        7473       40114      40115      234        500        1  Left 
2   0   100        7474       40115      40116      235        600        1  Left 
3   14  500        7450       39813      40117      232        500        1  Right
1   10  500        7440       39913      40216      233        3000       1  Right
4   3   100        7442       40216      40316      238        200        1  Right
8   7   500        7451       40216      40717      238        2500       1  Right
15  4   100        7453       40717      40817      240        300        1  Right
12  2   100        7458       40717      40818      240        800        1  Left 
3   7   100        7463       40818      40918      242        700        1  Left 
8   4   500        7474       40817      41318      241        1000       1  Right
6   12  500        7463       40918      41419      243        3000       1  Left 
10  0   100        7483       41419      41519      245        900        1  Left 
4   15  500        7494       41318      41819      244        1500       1  Right
2   12  500        7484       41519      42020      246        4000       1  Left 
5   8   100        7481       42020      42120      248        700        1  Left 
6   8   100        7483       42120      42220      249        800        1  Right
5   3   100        7485       42220      42320      250        500        1  Right
10  8   100        7485       42220      42321      250        300        1  Right
7   3   500        7486       42320      42821      251        3500       1  Left 
8   0   500        7485       42321      42822      252        2000       1  Right
6   3   100        7487       42821      42922      253        400        1  Right
13  1   100        7489       42922      43022      255        600        1  Left 
10  1   100        7492       43022      43023      256        600        1  Right
7   3   100        7494       43022      43024      256        700        1  Left 
0   2   500        7500       43024      43524      258        3000       1  Left 
7   1   100        7540       43524      43624      259        200        1  Right
8   6   500        7509       43524      44024      259        4000       1  Right
8   5   500        7512       44024      44524      261        3500       1  Left 
8   4   100        7512       44524      44624      262        200        1  Right
2   0   100        7538       44524      44625      262        600        1  Left 
8   5   100        7512       44625      44725      264        700        1  Left 
8   6   100        7512       44725      44825      265        800        1  Left 
8   7   100        7512       44825      44925      266        500        1  Right
8   13  100        7512       44925      45025      267        900        1  Left 
3   4   500        7536       44624      45125      263        1000       1  Right
1   13  500        7515       45025      45526      268        3000       1  Left 
12  6   100        7516       45526      45626      270        600        1  Left 
3   5   500        7537       45626      46126      271        2500       1  Right
1   10  500        7538       45626      46127      271        3000       1  Right
12  5   100        7541       46127      46128      273        500        1  Left 
8   10  100        7612       46127      46129      273        300        1  Right
0   8   100        7544       46129      46229      275        400        1  Right
7   8   100        7548       46229      46329      276        500        1  Right
3   6   500        7538       46126      46528      272        2000       1  Right
13  0   100        7547       46528      46628      278        500        1  Left 
3   4   100        7547       46528      46629      278        200        1  Right
6   8   100        7550       46628      46729      279        800        1  Left 
3   5   100        7547       46729      46829      281        500        1  Right
3   6   100        7547       46829      46929      282        400        1  Right
5   8   100        7552       46829      46930      282        700        1  Left 
10  6   100        7590       46929      46931      283        500        1  Right
4   8   100        7554       46930      46932      284        200        1  Right
13  8   100        7571       46932      47032      286        700        1  Right
5   12  500        7572       46930      47332      284        2500       1  Left 
4   1   100        7561       47332      47432      288        500        1  Right
4   3   100        7592       47432      47532      289        200        1  Right
0   2   500        7564       47332      47833      288        3000       1  Left 
5   1   100        7577       47833      47933      291        400        1  Left 
10  1   100        7591       47933      48033      292        600        1  Right
0   13  500        7578       47933      48433      292        2500       1  Left 
0   7   100        7579       48433      48533      294        100        1  Right
5   3   100        7598       48433      48534      294        500        1  Right
1   7   500        7586       48533      49034      295        1000       1  Right
2   0   100        7591       49034      49134      297        600        1  Left 
10  0   100        7595       49134      49135      298        900        1  Left 
0   11  100        7603       49135      49235      299        200        1  Left 
13  0   100        7609       49235      49335      300        500        1  Left 
1   4   500        7596       49034      49436      297        2500       1  Right
0   2   500        7617       49335      49836      301        3000       1  Left 
6   1   100        7606       49836      49936      303        500        1  Left 
6   3   100        7606       49936      50036      304        400        1  Right
1   5   500        7619       49936      50437      304        2000       1  Left 
3   7   100        7640       50437      50438      305        700        1  Left 
11  2   100        7642       50438      50538      306        400        1  Right
1   10  500        7634       50437      50838      305        3000       1  Right
4   1   100        7639       50838      50938      308        500        1  Right
4   1   100        7652       50938      51038      309        500        1  Right
0   13  500        7642       50538      51039      307        2500       1  Left 
8   10  100        7661       51038      51139      310        300        1  Right
1   6   500        7647       51039      51540      311        2500       1  Left 
7   8   100        7640       51540      51640      313        500        1  Right
7   0   100        7644       51640      51740      314        100        1  Right
2   0   100        7650       51740      51840      315        600        1  Left 
1   4   500        7670       51640      52141      314        2500       1  Right
7   1   100        7653       52141      52241      317        200        1  Right
2   11  500        7673       51840      52341      316        2000       1  Right
5   1   100        7658       52341      52441      319        400        1  Left 
5   1   100        7671       52441      52541      320        400        1  Left 
13  1   100        7676       52541      52641      321        600        1  Left 
10  8   500        7674       52141      52643      317        1500       1  Right
0   2   500        7677       52641      53142      322        3000       1  Left 
1   4   500        7683       52643      53144      323        2500       1  Right
4   0   100        7654       53144      53244      325        600        1  Right
5   0   100        7673       53244      53245      326        300        1  Left 
6   1   100        7702       53244      53246      326        1100       1  Right
15  4   100        7705       53246      53346      328        300        1  Right
15  6   100        7706       53346      53347      329        900        1  Right
15  6   100        7720       53347      53348      330        900        1  Right
1   5   500        7694       53246      53548      328        2000       1  Left 
11  8   100        7718       53548      53648      332        1000       1  Right
1   7   500        7699       53548      54048      332        1000       1  Right
1   13  500        7703       54048      54548      334        3000       1  Left 
8   7   500        7708       54548      55048      335        2500       1  Right
0   15  100        7712       55048      55049      336        300        1  Right
7   8   100        7727       55048      55050      333        1100       1  Left 
2   0   100        7714       55050      55150      338        600        1  Left 
8   10  100        7748       55050      55151      335        300        1  Right
10  8   100        7761       55151      55251      337        300        1  Right
1   5   500        7714       55150      55651      339        2000       1  Left 
6   1   100        7715       55651      55751      342        500        1  Left 
6   0   100        7717       55751      55851      343        400        1  Left 
4   1   100        7729       55751      55852      340        500        1  Right
0   3   500        7723       55851      56352      342        4000       1  Left 
4   15  500        7746       55852      56353      342        1500       1  Right
0   2   500        7740       56352      56853      343        3000       1  Left 
15  2   100        7790       56853      56953      345        700        1  Right
1   6   500        7743       56853      57353      345        2500       1  Left 
1   6   500        7756       57353      57853      347        2500       1  Left 
13  0   100        7758       57853      57953      348        500        1  Left 
7   6   100        7764       57953      58053      349        300        1  Left 
1   4   500        7762       57853      58354      348        2500       1  Right
0   8   100        7763       58354      58454      351        400        1  Right
7   1   100        7765       58454      58554      352        200        1  Right
7   0   100        7769       58554      58654      353        100        1  Right
5   1   100        7789       58654      58655      354        400        1  Left 
12  5   100        7792       58655      58656      355        500        1  Left 
6   15  500        7771       58454      58757      352        4500       1  Right
2   0   100        7780       58757      58857      357        600        1  Left 
8   7   100        7787       58857      58957      358        500        1  Right
8   7   100        7789       58957      59057      359        500        1  Right
0   13  500        7789       59057      59557      360        2500       1  Left 
2   15  500        7821       59057      59558      360        3500       1  Right
6   12  500        7804       59557      60058      361        3000       1  Left 
7   8   500        7798       60058      60558      363        2500       1  Right
4   8   100        7824       60558      60658      363        200        1  Right
0   2   500        7806       60558      61058      364        3000       1  Left 
3   0   100        7807       61058      61158      366        800        1  Right
0   10  100        7816       61158      61258      367        700        1  Right
1   7   500        7823       61258      61259      368        1000       1  Right
5   12  500        7823       61258      61260      368        5500       1  Right
6   1   100        7824       61260      61360      369        500        1  Left 
15  6   100        7851       61360      61361      370        900        1  Right
1   5   500        7826       61360      61761      370        2000       1  Left 
6   10  500        7867       61361      61862      371        2500       1  Right
8   11  500        7827       61761      62262      372        3000       1  Left 
8   3   100        7828       62262      62362      374        400        1  Right
2   1   100        7828       62262      62363      374        700        1  Left 
13  0   100        7836       62363      62463      376        500        1  Left 
13  1   100        7838       62463      62563      377        600        1  Left 
8   4   500        7860       62362      62863      375        1000       1  Right
4   3   100        7892       62863      62963      379        200        1  Right
1   2   500        7853       62563      63064      378        3500       1  Left 
1   13  500        7865       63064      63564      381        3000       1  Left 
13  4   100        7893       63564      63664      382        500        1  Right
1   6   500        7870       63564      64064      382        2500       1  Left 
5   8   100        7872       64064      64164      384        700        1  Left 
4   13  500        7924       63664      64165      383        2500       1  Right
12  1   100        7873       64164      64265      385        100        1  Right
0   9   100        7881       64165      64266      386        1100       1  Left 
12  1   100        7873       64265      64267      387        100        1  Right
8   0   500        7899       64266      64268      388        6000       1  Left 
1   12  500        7904       64267      64368      389        500        1  Right
8   5   500        7903       64268      64769      390        4500       1  Right
1   12  500        7907       64368      64869      391        500        1  Right
0   9   100        7905       64769      64870      392        1100       1  Left 
2   1   100        7875       64870      64970      394        700        1  Left 
10  1   100        7895       64970      65070      395        600        1  Right
5   3   100        7937       64970      65071      395        500        1  Right
11  1   100        7926       65070      65171      396        300        1  Left 
6   8   100        7917       65071      65172      397        800        1  Right
12  2   100        7932       65172      65272      399        800        1  Right
6   3   100        7965       65272      65372      400        400        1  Right
1   10  500        7936       65272      65772      400        3000       1  Right
0   10  100        7943       65772      65872      402        700        1  Right
12  0   100        7951       65872      65972      403        200        1  Right
11  0   100        8007       65972      66072      404        200        1  Left 
8   6   500        7943       65872      66372      403        4000       1  Right
9   2   100        7948       66372      66472      406        500        1  Right
0   8   100        7956       66372      66473      406        400        1  Right
8   4   100        8041       66473      66573      408        200        1  Right
1   2   500        7951       66473      66973      408        3500       1  Left 
2   12  500        7960       66973      67473      410        4000       1  Right
1   11  500        7962       66973      67474      410        1500       1  Left 
6   15  500        8010       67473      67974      411        4500       1  Right
0   12  500        7987       67474      67975      412        1000       1  Right
11  8   100        8009       67974      68075      413        1000       1  Right
2   1   100        7968       68075      68175      415        700        1  Left 
9   8   100        8040       68075      68176      415        100        1  Right
10  1   100        7975       68175      68276      416        1000       1  Left 
11  1   100        8016       68276      68376      418        300        1  Left 
15  1   100        8043       68376      68476      419        200        1  Right
2   9   500        7989       68276      68776      418        2500       1  Right
6   7   500        8026       68376      68877      419        1500       1  Left 
1   10  500        8016       68776      68878      421        3000       1  Right
0   3   500        8099       68877      68979      422        4000       1  Left 
8   5   100        8041       68979      69079      424        700        1  Left 
13  4   100        8145       68979      69080      424        500        1  Right
8   6   100        8041       69079      69180      425        800        1  Left 
8   7   100        8041       69180      69280      427        500        1  Right
11  6   100        8087       69180      69281      427        200        1  Right
15  2   100        8107       69280      69380      428        700        1  Right
7   1   100        8049       69280      69381      428        200        1  Right
13  6   100        8146       69281      69383      429        100        1  Right
15  2   100        8170       69380      69481      430        700        1  Right
13  6   100        8180       69383      69483      432        100        1  Right
13  2   100        8210       69483      69583      434        100        1  Right
15  6   100        8230       69583      69683      434        900        1  Right
13  6   100        8251       69683      69783      435        100        1  Right
1   11  500        8052       69381      69882      431        1500       1  Left 
7   8   100        8058       69882      69982      438        500        1  Right
10  0   100        8059       69982      70082      439        700        1  Right
6   8   100        8060       70082      70182      440        800        1  Right
5   8   100        8062       70182      70282      441        900        1  Right
4   8   100        8064       70282      70283      442        200        1  Right
1   15  500        8069       70082      70484      440        1000       1  Right
0   10  500        8105       70282      70685      442        4500       1  Left 
11  1   100        8088       70685      70785      445        300        1  Left 
11  0   100        8092       70785      70885      446        200        1  Left 
2   15  500        8138       70685      71186      445        3500       1  Right
8   11  100        8100       71186      71286      448        1000       1  Right
1   7   500        8095       70885      71386      447        1000       1  Right
8   11  100        8101       71286      71387      449        1000       1  Right
0   7   100        8118       71386      71487      450        100        1  Right
7   1   100        8139       71487      71587      452        200        1  Right
11  8   500        8121       71387      71888      451        5000       1  Right
1   11  500        8126       71888      72388      454        1500       1  Left 
6   15  500        8153       71888      72389      454        4500       1  Right
1   7   500        8185       72388      72889      455        1000       1  Right
8   9   500        8160       72389      72890      456        500        1  Right
3   0   100        8128       72889      72990      457        800        1  Left 
9   1   100        8249       72890      72991      457        400        1  Right
10  0   100        8158       72990      73091      459        900        1  Left 
0   13  100        8159       73091      73191      461        500        1  Left 
3   8   500        8140       73091      73192      461        2000       1  Right
2   15  500        8201       73191      73293      462        4500       1  Left 
8   0   100        8196       73293      73393      464        400        1  Right
12  0   100        8204       73393      73493      465        200        1  Right
3   4   500        8175       73192      73693      463        1000       1  Right
1   2   500        8213       73493      73994      466        3500       1  Left 
7   0   100        8233       73994      74094      467        100        1  Right
12  0   100        8290       74094      74194      468        200        1  Right
4   13  500        8176       73994      74494      468        2500       1  Right
14  2   100        8228       74494      74594      470        100        1  Right
5   15  500        8301       74194      74695      469        3000       1  Left 
6   13  500        8221       74494      74995      471        500        1  Right
0   10  500        8204       74695      75196      473        3500       1  Right
10  1   100        8250       75196      75296      474        600        1  Right
3   5   500        8224       74995      75496      474        2500       1  Right
0   14  100        8207       75496      75497      477        700        1  Left 
1   3   100        8215       75496      75498      477        700        1  Right
1   8   100        8219       75498      75598      479        300        1  Right
6   11  500        8369       75497      75997      475        1000       1  Right
2   13  500        8231       75497      75998      477        500        1  Right
2   3   100        8250       75998      76098      481        200        1  Right
0   12  500        8240       75598      76100      479        1000       1  Right
2   8   100        8254       76098      76198      482        600        1  Right
0   7   100        8252       76100      76201      483        100        1  Right
6   13  500        8440       75998      76500      479        500        1  Right
1   10  500        8291       76198      76698      484        3000       1  Right
2   14  500        8254       76198      76700      484        500        1  Right
15  5   100        8255       76698      76799      487        600        1  Left 
0   1   100        8260       76799      76899      489        100        1  Right
0   1   100        8260       76899      76999      490        100        1  Right
3   6   500        8259       76700      77201      488        2000       1  Right
8   1   500        8290       76999      77499      491        1500       1  Right
0   7   500        8284       76999      77500      491        500        1  Right
1   9   500        8295       77499      78000      493        2000       1  Right
8   0   500        8290       78000      78500      495        2000       1  Right
14  8   100        8301       78500      78600      496        500        1  Right
0   12  500        8326       78500      79001      494        1000       1  Right
8   2   500        8311       78600      79101      497        3000       1  Right
7   0   100        8335       79001      79102      496        100        1  Right
2   1   100        8363       79102      79202      498        700        1  Left 
8   14  500        8347       79101      79602      497        2500       1  Right
1   2   500        8384       79202      79703      499        3500       1  Left 
10  0   100        8343       79703      79803      501        700        1  Right
9   0   100        8359       79803      79903      502        500        1  Right
9   8   100        8361       79903      80003      503        100        1  Right
12  0   100        8363       79903      80004      503        200        1  Right
15  5   100        8506       80003      80104      504        1000       1  Right
9   1   100        8368       80104      80204      506        400        1  Right
8   1   100        8386       80204      80304      507        300        1  Right
9   6   100        8461       80204      80305      507        700        1  Right
8   2   100        8386       80305      80405      509        600        1  Right
0   7   500        8386       80004      80505      505        500        1  Right
8   14  100        8386       80405      80506      510        500        1  Right
11  1   100        8402       80505      80606      511        300        1  Left 
6   15  500        8532       80506      81007      512        4500       1  Right
8   11  100        8386       81007      81107      514        600        1  Left 
0   10  500        8389       81107      81607      515        3500       1  Right
11  8   100        8414       81607      81707      516        1000       1  Right
0   12  500        8399       81607      82107      516        1000       1  Right
5   15  500        8552       81707      82208      517        5000       1  Right
2   1   100        8406       82208      82308      519        700        1  Left 
1   9   500        8414       82308      82808      520        2000       1  Right
0   3   500        8423       82308      82809      520        4000       1  Left 
1   8   100        8424       82808      82909      521        300        1  Right
0   11  100        8424       82809      82910      522        200        1  Left 
2   8   100        8425       82909      83010      523        600        1  Right
7   1   100        8440       82910      83011      524        200        1  Right
14  8   100        8428       83010      83111      525        500        1  Right
14  8   100        8435       83111      83211      527        500        1  Right
8   9   100        8492       83211      83311      528        100        1  Right
8   9   100        8493       83311      83411      529        100        1  Right
1   2   500        8427       83011      83512      526        3500       1  Left 
8   14  500        8532       83411      83912      530        2500       1  Right
1   11  500        8440       83512      84013      531        1500       1  Left 
10  0   100        8452       84013      84113      533        700        1  Right
10  1   100        8454       84113      84213      534        600        1  Right
12  0   100        8461       84213      84313      535        200        1  Right
10  4   100        8587       84213      84314      535        100        1  Right
2   3   500        8526       83912      84413      532        1000       1  Right
9   1   100        8462       84313      84415      536        400        1  Right
13  1   100        8463       84415      84515      539        600        1  Left 
9   0   100        8466       84515      84615      540        500        1  Right
3   1   100        8466       84615      84715      541        700        1  Right
1   13  500        8489       84715      85215      542        3000       1  Left 
3   2   500        8507       84715      85215      542        1000       1  Right
9   8   500        8503       84715      85216      542        500        1  Right
3   2   100        8517       85215      85315      543        200        1  Right
11  1   100        8495       85215      85316      543        300        1  Left 
13  2   100        8527       85315      85416      545        100        1  Right
1   7   500        8495       85316      85817      546        1000       1  Right
2   13  500        8548       85416      85917      547        500        1  Right
0   12  500        8497       85817      86318      548        1000       1  Right
6   13  500        8554       85917      86418      549        500        1  Right
13  2   100        8570       86418      86518      551        100        1  Right
5   2   100        8578       86518      86618      552        300        1  Right
1   10  500        8498       86318      86819      550        3000       1  Right
2   13  500        8591       86618      87119      553        500        1  Right
13  6   100        8610       87119      87219      555        100        1  Right
4   10  500        8613       86819      87319      554        500        1  Right
1   9   500        8510       86819      87320      554        2000       1  Right
0   8   500        8513       87320      87820      558        2000       1  Right
0   5   100        8514       87820      87920      559        300        1  Left 
3   1   100        8557       87820      87921      559        700        1  Right
12  0   100        8531       87921      88021      561        200        1  Right
2   5   500        8609       87920      88421      560        1500       1  Right
13  5   100        8635       88421      88521      563        200        1  Right
1   11  500        8531       88021      88522      562        1500       1  Left 
1   0   500        8543       88522      89022      565        500        1  Right
1   0   500        8556       89022      89522      566        500        1  Right
7   0   100        8561       89522      89622      567        100        1  Right
8   1   100        8583       89522      89623      567        300        1  Right
11  0   100        8607       89622      89723      568        200        1  Left 
14  1   100        8591       89623      89724      569        800        1  Right
8   9   100        8684       89724      89824      571        100        1  Right
0   12  500        8567       89724      90224      571        1000       1  Right
0   11  100        8567       90224      90324      573        200        1  Left 
1   14  500        8612       90224      90725      573        4000       1  Right
12  0   100        8612       90725      90825      575        200        1  Right
0   8   100        8614       90825      90925      576        400        1  Right
0   7   500        8618       90925      91425      577        500        1  Right
1   8   500        8634       90925      91426      577        1500       1  Right
14  0   100        8635       91425      91526      578        700        1  Left 
14  8   100        8637       91526      91626      580        500        1  Right
7   0   100        8675       91526      91627      580        100        1  Right
5   8   100        8654       91626      91727      581        900        1  Right
9   8   100        8692       91727      91827      583        100        1  Right
1   15  500        8648       91426      91927      579        1000       1  Right
0   1   100        8621       91927      92027      585        100        1  Right
15  1   100        8622       92027      92127      586        200        1  Right
15  1   100        8622       92127      92227      587        200        1  Right
5   13  500        8671       91727      92228      583        1000       1  Right
14  1   100        8644       92227      92328      588        800        1  Right
15  2   100        8671       92328      92428      590        700        1  Right
14  6   100        8693       92428      92528      591        300        1  Right
0   12  500        8648       92328      92828      590        1000       1  Right
0   11  500        8651       92828      93328      593        1000       1  Left 
1   15  500        8651       92828      93329      593        1000       1  Right
1   14  500        8665       93329      93829      595        4000       1  Right
7   1   100        8677       93829      93929      596        200        1  Right
2   15  500        8702       93829      94330      596        3500       1  Right
15  0   100        8690       94330      94430      598        300        1  Right
8   14  100        8713       94330      94431      598        500        1  Right
8   14  100        8715       94431      94531      600        500        1  Right
7   4   100        8783       94531      94631      601        900        1  Left 
0   15  500        8711       94430      94931      599        1500       1  Right
8   5   500        8803       94631      95132      602        4500       1  Right
14  1   100        8694       95132      95232      604        800        1  Right
13  5   100        8886       95132      95233      603        200        1  Right
14  0   100        8698       95232      95333      605        900        1  Right
11  0   100        8700       95333      95433      607        200        1  Left 
1   14  500        8717       95333      95834      607        4000       1  Right
12  0   100        8724       95834      95934      609        200        1  Right
14  8   500        8749       95834      96335      609        2500       1  Right
1   7   500        8735       95934      96435      610        1000       1  Right
3   15  100        8785       96335      96436      611        500        1  Right
12  0   100        8795       96435      96536      612        200        1  Right
0   9   100        8726       96536      96537      614        500        1  Right
9   1   100        8756       96537      96538      615        400        1  Right
4   7   500        8814       96436      96739      613        4500       1  Left 
6   9   500        8733       96739      97239      617        3500       1  Right
0   11  500        8741       96739      97240      617        1000       1  Left 
1   3   500        8751       97239      97740      618        3500       1  Right
0   12  500        8760       97740      98240      620        1000       1  Right
11  1   100        8782       98240      98340      621        300        1  Left 
0   10  100        8798       98340      98440      622        700        1  Right
0   4   100        8816       98440      98441      623        1000       1  Left 
10  4   100        8839       98441      98541      623        100        1  Right
11  0   100        8861       98441      98542      623        200        1  Left 
10  6   100        8840       98541      98642      624        500        1  Right
10  6   100        8849       98642      98742      626        500        1  Right
1   9   500        8802       98440      98841      623        2000       1  Right
4   10  500        8865       98742      99243      627        500        1  Right
1   11  500        8818       98841      99342      629        1500       1  Left 
4   2   100        8866       99243      99344      629        400        1  Right
4   8   100        8939       99344      99444      629        200        1  Right
0   12  500        8831       99342      99843      630        1000       1  Right
6   10  500        8875       99344      99845      631        2500       1  Right
9   1   100        8854       99843      99944      633        400        1  Right
10  2   100        8894       99845      99946      634        300        1  Right
12  1   100        8865       99944      100044     635        100        1  Right
0   9   100        8869       100044     100144     637        500        1  Right
5   1   100        8902       100144     100244     638        400        1  Left 
6   13  500        8904       99845      100346     634        500        1  Right
2   4   500        8902       99946      100448     636        2000       1  Right
1   3   100        8896       100448     100548     641        700        1  Right
0   11  500        8904       100244     100549     639        1000       1  Left 
5   13  500        8922       100346     100651     640        1000       1  Right
2   10  500        8930       100548     100852     640        1500       1  Right
1   9   500        8902       100548     100853     642        2000       1  Right
10  6   100        8971       100852     100953     643        500        1  Right
1   0   500        8910       100853     101354     646        500        1  Right
6   14  500        8997       100953     101454     645        1500       1  Right
3   1   100        8909       101354     101455     648        700        1  Right
1   12  500        8935       101455     101456     648        500        1  Right
8   0   500        8941       101455     101457     648        6000       1  Left 
1   5   500        8938       101457     101957     650        2000       1  Left 
6   10  500        9119       101457     101957     650        2500       1  Right
8   4   500        8975       101457     101958     650        1000       1  Right
15  0   100        8943       101957     102058     651        300        1  Right
8   4   100        9025       101958     102059     652        200        1  Right
8   14  100        9025       102059     102159     654        500        1  Right
7   4   100        9035       102159     102259     655        900        1  Left 
7   6   100        9036       102259     102359     656        300        1  Left 
0   15  500        8964       102058     102559     653        1500       1  Right
9   0   100        8957       102559     102659     658        500        1  Right
11  0   100        8962       102659     102759     659        200        1  Left 
12  15  100        8975       102659     102760     659        100        1  Right
11  1   100        8964       102759     102860     660        300        1  Left 
13  1   100        8977       102860     102960     662        600        1  Left 
13  1   100        8977       102960     103060     663        600        1  Left 
5   0   100        8991       103060     103061     664        300        1  Left 
1   13  500        9006       103060     103462     664        5000       1  Right
5   8   100        8993       103462     103562     666        700        1  Left 
13  2   100        9029       103462     103563     666        100        1  Right
0   1   100        8997       103562     103663     667        100        1  Right
11  4   100        9069       103563     103664     668        800        1  Right
15  0   100        8997       103663     103764     669        300        1  Right
7   2   100        9102       103664     103765     670        500        1  Left 
0   8   100        9009       103764     103865     671        400        1  Right
5   1   100        9000       103865     103965     673        400        1  Left 
4   8   100        9048       103865     103966     673        200        1  Right
4   8   100        9053       103966     104066     675        200        1  Right
1   13  500        9012       103965     104466     674        3000       1  Left 
5   6   100        9097       104466     104566     677        100        1  Right
0   15  500        9018       104466     104966     677        1500       1  Right
2   13  500        9050       104466     104967     677        500        1  Right
3   6   100        9117       104967     105067     680        400        1  Right
1   11  500        9018       104966     105467     679        1500       1  Left 
0   9   500        9020       105467     105468     682        2500       1  Right
4   7   500        9066       105467     105469     682        4500       1  Left 
15  0   100        9040       105468     105569     683        300        1  Right
4   11  500        9090       105469     105970     684        4000       1  Right
0   14  100        9028       105970     106070     686        700        1  Left 
15  3   500        9082       105970     106471     686        2500       1  Right
1   5   500        9036       106070     106571     687        2000       1  Left 
14  1   100        9048       106571     106572     689        800        1  Right
13  0   100        9048       106571     106573     689        500        1  Left 
14  8   100        9061       106572     106673     690        500        1  Right
8   5   100        9107       106673     106773     692        900        1  Right
8   5   100        9109       106773     106873     693        900        1  Right
0   15  500        9061       106573     107074     691        1500       1  Right
8   4   500        9168       106873     107374     694        1000       1  Right
1   14  500        9069       107074     107575     695        4000       1  Left 
0   13  500        9079       107575     108075     697        2500       1  Left 
15  0   100        9083       108075     108175     698        300        1  Right
9   0   100        9088       108175     108275     699        500        1  Right
14  0   100        9096       108275     108375     700        700        1  Left 
5   1   100        9098       108375     108475     701        400        1  Left 
5   0   100        9102       108475     108575     702        300        1  Left 
15  12  500        9116       108275     108776     700        500        1  Right
5   8   500        9128       108575     109076     703        4500       1  Right
0   15  500        9114       108776     109277     704        1500       1  Right
0   7   100        9114       109277     109377     706        100        1  Right
3   15  100        9121       109277     109378     706        500        1  Right
10  1   100        9147       109378     109379     708        600        1  Right
0   14  500        9122       109377     109779     707        3500       1  Left 
0   6   100        9122       109779     109879     710        400        1  Left 
12  6   100        9146       109879     109880     711        1000       1  Right
1   5   500        9136       109879     110280     711        2000       1  Left 
0   9   500        9139       110280     110780     713        2500       1  Right
2   7   500        9145       110280     110781     713        2500       1  Left 
15  0   100        9140       110780     110881     714        300        1  Right
7   6   100        9163       110781     110882     715        300        1  Left 
14  0   100        9154       110881     110982     716        900        1  Right
6   7   500        9184       110882     111383     717        1500       1  Left 
0   15  500        9161       110982     111483     718        1500       1  Right
6   2   100        9186       111383     111484     719        200        1  Right
7   6   100        9192       111484     111584     721        300        1  Left 
0   14  500        9180       111483     111984     720        4500       1  Right
0   14  100        9180       111984     112084     723        900        1  Right
2   6   500        9232       111584     112085     722        1000       1  Right
15  0   100        9182       112084     112185     724        300        1  Right
10  2   100        9241       112085     112186     725        300        1  Right
0   15  500        9203       112185     112686     726        1500       1  Right
8   6   500        9304       112186     112687     727        4000       1  Right
12  15  100        9228       112686     112787     728        100        1  Right
1   10  500        9188       112687     113188     729        5000       1  Left 
14  1   100        9206       113188     113288     731        800        1  Right
9   1   100        9207       113288     113388     732        400        1  Right
4   1   100        9217       113388     113488     733        500        1  Right
15  1   100        9220       113488     113588     734        200        1  Right
15  1   100        9273       113588     113688     735        200        1  Right
6   10  500        9248       113288     113789     732        2500       1  Right
1   14  500        9227       113789     114289     737        4000       1  Right
14  0   100        9250       114289     114389     738        700        1  Left 
1   15  500        9246       114289     114789     738        1000       1  Right
0   14  500        9276       114389     114890     739        3500       1  Left 
1   4   500        9248       114789     114891     740        2500       1  Right
0   13  500        9332       114890     114892     740        2500       1  Left 
2   10  500        9277       114890     114893     741        1500       1  Right
0   5   100        9332       114892     114992     742        300        1  Left 
4   0   100        9290       114992     114993     745        1000       1  Left 
11  4   100        9321       114993     115093     746        800        1  Right
11  6   100        9322       115093     115193     747        200        1  Right
1   9   500        9253       114891     115195     742        2000       1  Right
10  6   100        9329       115193     115294     747        500        1  Right
6   8   100        9278       115294     115394     750        800        1  Right
4   8   100        9292       115394     115494     751        200        1  Right
1   0   500        9291       115195     115696     749        500        1  Right
4   1   100        9299       115696     115796     753        500        1  Right
6   7   500        9310       115394     115896     751        1500       1  Left 
13  0   100        9301       115896     115996     755        500        1  Left 
14  0   100        9308       115996     116096     756        700        1  Left 
9   0   100        9316       116096     116097     757        1100       1  Left 
8   5   100        9333       116097     116197     757        900        1  Right
1   15  500        9299       115796     116198     754        1000       1  Right
8   6   100        9333       116197     116298     758        800        1  Right
14  1   100        9310       116298     116398     761        800        1  Right
11  2   100        9366       116298     116399     760        400        1  Right
15  1   100        9324       116398     116499     762        200        1  Right
4   11  500        9342       116399     116900     762        4000       1  Right
8   0   500        9343       116499     117000     763        2000       1  Right
10  5   100        9354       116900     117001     764        600        1  Right
1   4   500        9331       117000     117501     765        2500       1  Right
1   14  500        9332       117501     118001     767        4000       1  Right
6   8   100        9349       118001     118101     768        800        1  Right
6   8   100        9350       118101     118201     769        800        1  Right
5   8   100        9351       118201     118301     770        900        1  Right
4   6   100        9361       118301     118401     771        600        1  Right
14  4   100        9365       118401     118501     772        300        1  Right
1   15  500        9350       118001     118502     768        1000       1  Right
8   4   100        9382       118501     118601     773        200        1  Right
7   1   100        9355       118502     118603     774        200        1  Right
8   4   100        9384       118601     118702     775        200        1  Right
4   1   100        9362       118702     118802     777        500        1  Right
4   0   100        9366       118802     118902     778        600        1  Right
6   5   500        9369       118401     118903     772        500        1  Right
0   9   500        9367       118902     119403     779        2500       1  Right
5   10  500        9375       118903     119404     780        3000       1  Right
13  0   100        9380       119404     119504     782        500        1  Left 
1   4   500        9395       119403     119904     781        2500       1  Right
15  3   100        9389       119904     120004     784        500        1  Right
5   1   100        9392       119904     120005     784        400        1  Left 
15  8   100        9393       120004     120105     785        100        1  Right
0   1   100        9397       120005     120106     786        100        1  Right
15  3   100        9394       120105     120206     788        500        1  Right
