
328
C:/Users/nxconrad/Desktop/REU 2.0/Benchmark Data/16-core/7/flow_freqmine100#2.txt
810
[2, 10, 1, 5, 6, 3, 7, 8, 14, 0, 15, 13, 11, 12, 4, 9]
10  1   100        6420       6422       6522       0          100        1  Right
10  0   100        6422       6522       6523       1          800        1  Right
2   15  500        6428       6522       6924       0          3000       1  Left 
0   3   500        6423       6523       7024       1          2000       1  Right
12  0   100        6439       7024       7124       3          400        1  Right
3   0   100        6455       7124       7224       4          400        1  Right
15  8   100        6469       7224       7324       5          300        1  Right
7   8   100        6567       7324       7424       4          100        1  Right
6   2   500        6435       6924       7425       2          2000       1  Right
2   6   100        6460       7425       7525       8          400        1  Right
0   12  500        6475       7324       7825       6          2000       1  Right
1   11  500        6440       7825       8325       10         3000       1  Left 
8   15  500        6520       7825       8326       10         1500       1  Right
12  0   100        6513       8326       8426       12         400        1  Right
0   9   100        6526       8426       8526       11         600        1  Right
0   7   100        6527       8526       8626       12         300        1  Right
1   5   500        6460       8325       8826       11         500        1  Right
3   13  500        6537       8626       9127       13         3000       1  Right
1   10  500        6461       8826       9327       16         500        1  Right
1   5   100        6468       9327       9427       18         100        1  Right
8   7   500        6588       9127       9627       15         500        1  Right
0   12  500        6549       9127       9628       15         2000       1  Right
3   9   500        6600       9427       9929       17         3000       1  Left 
11  1   100        6477       9929       10029      22         600        1  Left 
0   8   500        6588       9628       10129      19         1000       1  Right
11  3   100        6551       10129      10229      22         700        1  Right
9   3   100        6564       10229      10329      23         1000       1  Right
6   1   500        6485       10029      10530      23         1000       1  Right
10  1   100        6513       10530      10630      27         100        1  Right
2   0   500        6614       10329      10830      24         3500       1  Left 
10  8   100        6595       10830      10930      27         1000       1  Left 
10  3   100        6643       10930      10931      28         1200       1  Left 
5   1   500        6529       10630      11032      26         500        1  Right
1   11  500        6513       11032      11532      32         3000       1  Left 
1   10  500        6554       11532      12032      31         500        1  Right
12  1   100        6596       12032      12132      32         500        1  Left 
1   2   100        6612       12132      12232      33         200        1  Right
7   1   100        6613       12232      12233      34         400        1  Right
8   10  500        6621       12232      12634      34         5000       1  Left 
1   0   100        6617       12634      12734      36         700        1  Right
8   0   100        6648       12734      12834      37         200        1  Right
1   12  500        6627       12734      13234      37         2500       1  Left 
12  0   100        6660       13234      13334      39         400        1  Right
2   1   500        6633       13234      13734      39         1000       1  Right
0   1   500        6638       13734      14234      41         3500       1  Right
15  1   100        6639       14234      14334      42         800        1  Right
9   1   100        6640       14334      14434      43         300        1  Left 
0   6   100        6672       14334      14435      43         500        1  Right
2   1   100        6692       14434      14535      44         200        1  Right
0   12  500        6696       14435      14936      45         2000       1  Right
1   7   500        6664       14535      15036      46         2000       1  Right
0   13  100        6696       14936      15037      47         200        1  Right
15  0   100        6703       15037      15137      49         100        1  Right
15  8   100        6705       15137      15237      50         300        1  Right
6   2   500        6677       15036      15537      48         2000       1  Right
8   0   500        6709       15237      15738      51         1000       1  Right
7   0   100        6710       15738      15838      53         300        1  Right
1   15  500        6665       15537      16038      52         4000       1  Left 
0   3   500        6752       15838      16339      54         2000       1  Right
8   7   100        6757       16339      16439      56         100        1  Right
1   9   500        6687       16038      16539      55         1500       1  Left 
0   8   100        6761       16439      16540      57         200        1  Right
6   1   100        6705       16539      16640      58         200        1  Right
15  1   100        6712       16640      16641      60         800        1  Right
7   1   100        6721       16641      16741      61         400        1  Right
7   0   100        6723       16741      16841      62         300        1  Right
2   13  500        6746       16539      16941      58         2500       1  Left 
7   8   100        6765       16841      16942      63         100        1  Right
9   0   100        6733       16941      17041      64         600        1  Right
12  0   100        6738       17041      17141      66         400        1  Right
8   13  100        6757       17141      17241      67         400        1  Right
8   12  100        6757       17241      17341      68         600        1  Right
8   11  100        6757       17341      17441      69         500        1  Right
1   2   500        6713       16941      17442      64         1000       1  Right
13  2   100        6725       17442      17443      71         500        1  Left 
1   15  500        6738       17442      17844      71         4000       1  Right
12  1   100        6740       17844      17944      73         500        1  Left 
9   1   100        6744       17944      18044      74         300        1  Left 
9   0   100        6746       18044      18144      75         600        1  Right
8   10  100        6757       18144      18244      76         1000       1  Left 
8   9   100        6757       18244      18344      77         800        1  Right
9   8   100        6780       18344      18444      78         800        1  Right
10  8   100        6782       18444      18544      79         1000       1  Left 
1   6   500        6746       18044      18545      75         1000       1  Right
11  8   100        6784       18544      18645      80         500        1  Right
12  8   100        6786       18645      18745      82         600        1  Right
13  8   100        6788       18745      18845      83         400        1  Right
12  4   100        6821       18745      18846      83         100        1  Right
13  8   100        6796       18845      18946      84         400        1  Right
6   2   500        6747       18545      19046      81         2000       1  Right
15  6   100        6763       19046      19146      87         600        1  Right
5   2   500        6846       19046      19547      87         1500       1  Right
15  1   100        6764       19547      19647      89         800        1  Right
10  2   100        7037       19547      19648      87         100        1  Right
15  0   100        6768       19647      19747      90         100        1  Right
1   7   500        6767       19647      20148      90         2000       1  Right
15  8   500        6875       19747      20248      92         1500       1  Right
3   0   100        6786       20248      20348      94         400        1  Right
1   12  500        6774       20148      20649      93         2500       1  Left 
2   6   100        6790       20649      20650      96         400        1  Right
3   11  500        6838       20348      20750      95         3500       1  Right
14  8   100        6908       20750      20850      98         100        1  Right
14  3   100        6912       20850      20950      99         300        1  Right
4   12  500        6847       20649      21052      96         500        1  Right
1   9   500        6790       20650      21151      97         1500       1  Left 
1   15  500        6792       21151      21651      102        4000       1  Right
2   5   100        6815       21651      21751      103        300        1  Right
8   15  100        6829       21651      21752      103        300        1  Right
7   1   100        6818       21751      21852      104        400        1  Right
8   15  100        6837       21752      21853      105        300        1  Right
9   1   100        6846       21852      21953      106        300        1  Left 
7   8   100        6910       21853      21954      107        100        1  Right
7   3   100        6962       21954      22054      108        100        1  Right
0   1   500        6896       21953      22454      108        4500       1  Left 
1   7   500        6864       22454      22954      111        2000       1  Right
8   13  500        6934       22454      22955      110        2000       1  Right
3   10  500        6935       22954      23455      111        2000       1  Right
8   7   500        6935       22955      23456      112        500        1  Right
1   0   100        6870       23455      23556      114        900        1  Left 
3   14  500        6943       23456      23957      114        1500       1  Right
1   9   500        6892       23556      24057      116        1500       1  Left 
1   0   100        6929       24057      24157      117        900        1  Left 
8   14  500        6954       23957      24458      116        500        1  Right
0   1   500        6950       24157      24658      118        4500       1  Left 
9   8   100        6938       24658      24758      120        800        1  Right
8   9   500        6959       24758      25258      121        4000       1  Right
9   3   100        6984       25258      25358      122        600        1  Left 
3   4   100        6998       25358      25458      123        700        1  Left 
3   5   100        6998       25458      25558      124        200        1  Right
3   6   100        6998       25558      25658      125        100        1  Right
2   5   100        7066       25558      25659      124        300        1  Right
0   8   500        6971       25258      25758      122        1000       1  Right
3   7   100        7054       25658      25760      125        100        1  Right
1   0   100        6972       25758      25859      128        900        1  Left 
0   10  100        6974       25859      25959      130        800        1  Right
4   8   100        6975       25959      26059      131        700        1  Right
0   1   500        6993       26059      26559      132        3500       1  Right
0   10  100        6998       26559      26659      133        800        1  Right
14  1   100        7006       26659      26759      134        600        1  Right
0   15  100        7011       26659      26760      134        100        1  Right
4   3   100        7008       26760      26860      136        900        1  Right
5   3   100        7015       26860      26960      137        200        1  Right
6   3   100        7023       26960      27060      137        100        1  Right
2   10  500        7073       26659      27160      133        500        1  Right
8   4   500        7011       26860      27361      137        3500       1  Right
1   0   100        7014       27361      27461      141        700        1  Right
12  4   100        7073       27361      27462      140        100        1  Right
0   12  100        7067       27462      27562      142        400        1  Right
1   14  500        7027       27461      27962      141        3000       1  Right
8   0   100        7028       27962      28062      144        200        1  Right
4   12  500        7099       27562      28063      143        500        1  Right
13  1   100        7032       28062      28163      145        900        1  Right
14  1   100        7048       28163      28263      147        600        1  Right
1   13  500        7058       28263      28264      148        3500       1  Left 
6   15  500        7065       28263      28265      148        3000       1  Right
14  1   100        7061       28265      28365      150        600        1  Right
14  0   100        7063       28365      28465      151        100        1  Right
12  6   100        7074       28365      28466      151        700        1  Left 
0   3   500        7078       28465      28966      152        2000       1  Right
6   2   500        7077       28466      28967      153        2000       1  Right
13  0   100        7086       28966      29067      154        200        1  Right
0   15  100        7086       29067      29167      156        100        1  Right
1   14  500        7069       28967      29468      155        3000       1  Right
1   14  500        7082       29468      29968      158        3000       1  Right
13  8   100        7088       29968      30068      159        400        1  Right
12  6   100        7097       29968      30069      159        700        1  Left 
8   0   500        7098       30068      30569      160        1000       1  Right
5   2   500        7097       30069      30570      161        1500       1  Right
3   0   100        7107       30569      30670      162        400        1  Right
12  2   100        7128       30570      30671      162        300        1  Left 
0   1   500        7093       30670      31171      164        3500       1  Right
13  1   100        7095       31171      31271      166        700        1  Left 
15  1   100        7100       31271      31371      167        800        1  Right
14  1   100        7104       31371      31471      168        600        1  Right
15  1   100        7118       31471      31571      169        800        1  Right
10  8   100        7119       31571      31671      170        600        1  Right
1   0   100        7121       31671      31771      171        700        1  Right
7   8   100        7141       31771      31871      171        100        1  Right
14  3   100        7158       31871      31971      172        300        1  Right
1   13  500        7121       31771      32271      172        3500       1  Left 
1   14  500        7125       32271      32771      174        3000       1  Right
1   15  500        7127       32771      33271      175        4000       1  Right
8   4   100        7130       33271      33371      176        700        1  Right
8   7   100        7130       33371      33471      177        100        1  Right
8   15  100        7130       33471      33571      178        300        1  Right
8   14  100        7130       33571      33671      179        100        1  Right
6   12  500        7133       33371      33872      177        3500       1  Left 
8   9   100        7130       33872      33972      181        800        1  Right
0   1   500        7142       33972      34472      182        3500       1  Right
1   15  500        7144       34472      34972      183        4000       1  Right
13  6   100        7149       34972      35072      184        700        1  Right
13  1   100        7150       35072      35172      185        700        1  Left 
9   8   100        7150       35172      35272      186        800        1  Right
2   1   100        7155       35172      35273      186        200        1  Right
4   8   100        7153       35272      35373      187        700        1  Right
2   1   100        7155       35273      35374      188        200        1  Right
13  0   100        7154       35373      35474      189        200        1  Right
0   8   100        7155       35474      35574      191        200        1  Right
1   0   100        7163       35574      35674      192        700        1  Right
14  8   100        7172       35674      35774      193        100        1  Right
2   12  500        7155       35374      35875      190        1500       1  Left 
0   15  500        7210       35674      36176      193        500        1  Right
15  8   100        7174       36176      36276      196        300        1  Right
1   2   500        7176       35875      36376      195        1000       1  Right
12  6   100        7186       36276      36377      197        900        1  Right
15  0   100        7189       36377      36477      199        100        1  Right
1   13  500        7178       36377      36877      199        3500       1  Left 
8   13  100        7225       36877      36977      200        400        1  Right
8   13  100        7227       36977      37077      201        400        1  Right
1   2   500        7179       36877      37377      201        1000       1  Right
13  8   500        7256       37077      37578      202        2000       1  Right
3   9   500        7281       37377      37878      203        3000       1  Left 
2   0   100        7221       37878      37879      206        700        1  Left 
15  0   100        7231       37879      37979      206        100        1  Right
8   10  500        7305       37878      37980      205        3000       1  Right
0   2   500        7247       37979      38180      207        3500       1  Left 
7   2   100        7338       38180      38280      208        600        1  Right
0   15  500        7252       38180      38680      209        500        1  Right
0   11  100        7277       38680      38780      211        300        1  Right
6   12  500        7363       38280      38781      209        3500       1  Left 
0   7   100        7300       38780      38881      212        300        1  Right
15  1   100        7279       38781      38882      213        800        1  Left 
0   8   500        7350       38881      39382      213        1000       1  Right
1   15  500        7305       38882      39383      215        4000       1  Left 
7   8   100        7430       39382      39483      213        100        1  Right
15  0   100        7333       39383      39484      216        100        1  Right
1   12  500        7412       39383      39884      216        2500       1  Left 
0   15  500        7354       39484      39985      218        500        1  Right
15  0   100        7388       39985      40085      220        100        1  Right
8   0   100        7408       40085      40185      221        200        1  Right
4   8   100        7438       40185      40186      220        700        1  Right
2   7   500        7379       39884      40286      219        3000       1  Right
0   1   500        7365       40286      40786      224        3500       1  Right
12  1   100        7381       40786      40886      225        500        1  Left 
15  1   100        7390       40886      40986      226        800        1  Left 
10  1   100        7399       40986      41086      227        100        1  Right
15  4   100        7453       40986      41087      225        400        1  Right
0   3   500        7399       40786      41287      225        2000       1  Right
3   0   100        7431       41287      41387      228        400        1  Right
1   15  500        7417       41087      41588      229        4000       1  Left 
0   13  100        7404       41588      41688      232        200        1  Right
12  2   100        7458       41588      41688      230        300        1  Left 
2   0   100        7474       41688      41788      231        700        1  Left 
3   14  500        7450       41387      41888      229        1500       1  Right
1   10  500        7440       41588      42090      230        500        1  Right
6   13  500        7441       41888      42389      233        3500       1  Right
4   3   100        7442       42389      42489      235        700        1  Left 
0   13  100        7473       42389      42489      235        200        1  Right
8   7   500        7451       42389      42890      235        500        1  Right
6   12  500        7463       42489      42990      236        3500       1  Left 
3   7   100        7463       42890      42991      237        100        1  Right
8   4   500        7474       42990      43491      238        3500       1  Right
5   8   100        7481       43491      43591      240        400        1  Right
10  0   100        7483       43491      43592      240        800        1  Left 
6   8   100        7483       43591      43692      241        300        1  Right
5   3   100        7485       43692      43792      243        200        1  Right
2   12  500        7484       43592      44093      242        1500       1  Left 
13  1   100        7489       44093      44193      245        700        1  Left 
8   0   500        7485       43692      44194      243        1000       1  Right
7   3   500        7486       43792      44293      244        500        1  Right
10  8   100        7485       44293      44393      248        600        1  Right
6   3   100        7487       44393      44493      249        100        1  Right
10  1   100        7492       44393      44494      249        100        1  Right
7   3   100        7494       44493      44594      250        100        1  Right
4   15  500        7494       44193      44595      246        2000       1  Right
0   2   500        7500       44594      44996      252        4500       1  Right
2   0   100        7538       44996      45096      253        700        1  Left 
13  0   100        7547       45096      45196      254        200        1  Right
2   0   100        7591       45196      45296      255        700        1  Left 
8   6   500        7509       44996      45496      254        1500       1  Right
8   5   500        7512       45496      45996      258        2000       1  Right
8   4   100        7512       45996      46096      259        700        1  Right
7   1   100        7540       45996      46097      258        400        1  Right
0   8   100        7544       46096      46197      259        200        1  Right
7   8   100        7548       46197      46297      261        100        1  Right
3   4   500        7536       46097      46598      260        3500       1  Left 
8   5   100        7512       46598      46698      264        400        1  Right
8   6   100        7512       46698      46798      265        300        1  Right
8   7   100        7512       46798      46898      266        100        1  Right
0   2   500        7564       46598      47099      263        3500       1  Left 
8   13  100        7512       47099      47199      268        400        1  Right
3   5   500        7537       46798      47300      265        1000       1  Right
6   8   100        7550       47300      47400      269        300        1  Right
5   8   100        7552       47400      47500      270        400        1  Right
1   13  500        7515       47199      47700      269        3500       1  Left 
12  6   100        7516       47700      47800      273        700        1  Left 
0   13  500        7578       47700      48201      272        1000       1  Right
1   10  500        7538       47800      48300      273        500        1  Right
3   6   500        7538       47800      48301      273        500        1  Right
4   8   100        7554       48201      48303      274        700        1  Right
12  5   100        7541       48303      48403      277        600        1  Left 
13  8   100        7571       48303      48404      277        400        1  Right
3   4   100        7547       48403      48504      278        700        1  Left 
0   7   100        7579       48404      48505      279        300        1  Right
4   1   100        7561       48504      48604      280        400        1  Left 
3   5   100        7547       48504      48605      280        200        1  Right
7   8   100        7640       48505      48605      281        100        1  Right
0   11  100        7603       48505      48607      281        300        1  Right
3   6   100        7547       48605      48706      283        100        1  Right
5   12  500        7572       48605      49106      283        3000       1  Left 
5   1   100        7577       49106      49107      286        100        1  Right
10  6   100        7590       49106      49108      286        1300       1  Left 
8   10  100        7612       49108      49109      288        1000       1  Left 
1   7   500        7586       49108      49509      288        2000       1  Right
10  1   100        7591       49509      49609      290        100        1  Right
0   2   500        7617       49109      49610      289        3500       1  Left 
3   7   100        7640       49509      49611      290        100        1  Right
6   1   100        7606       49609      49710      291        200        1  Right
10  0   100        7595       49610      49711      292        800        1  Left 
4   3   100        7592       49711      49811      295        700        1  Left 
13  0   100        7609       49711      49812      295        200        1  Right
5   3   100        7598       49811      49911      296        200        1  Right
6   3   100        7606       49911      50011      298        100        1  Right
1   4   500        7596       49811      50312      296        2000       1  Left 
0   13  500        7642       49812      50314      297        1000       1  Right
11  2   100        7642       50312      50412      300        400        1  Left 
7   0   100        7644       50314      50415      301        300        1  Right
2   0   100        7650       50415      50515      303        700        1  Left 
1   5   500        7619       50312      50813      300        500        1  Right
2   11  500        7673       50515      51016      304        2000       1  Left 
1   10  500        7634       50813      51314      305        500        1  Right
0   2   500        7677       51016      51517      306        3500       1  Left 
8   10  100        7661       51517      51617      308        1000       1  Left 
1   6   500        7647       51314      51815      307        1000       1  Right
10  8   500        7674       51617      52118      309        5000       1  Left 
4   1   100        7639       52118      52218      311        400        1  Left 
0   15  100        7712       52118      52219      311        100        1  Right
4   1   100        7652       52218      52319      312        400        1  Left 
11  8   100        7718       52219      52320      313        500        1  Right
7   1   100        7653       52319      52420      314        400        1  Right
4   0   100        7654       52320      52421      315        500        1  Right
7   8   100        7727       52420      52520      316        100        1  Right
5   1   100        7658       52420      52521      316        100        1  Right
0   3   500        7723       52520      53021      318        2000       1  Right
1   4   500        7670       52521      53022      319        2000       1  Left 
5   1   100        7671       53022      53122      321        100        1  Right
10  8   100        7761       53122      53123      322        600        1  Right
0   2   500        7740       53022      53424      321        3500       1  Left 
5   0   100        7673       53424      53425      324        600        1  Right
13  1   100        7676       53424      53426      324        700        1  Left 
0   8   100        7763       53425      53526      325        200        1  Right
1   4   500        7683       53426      53927      326        2000       1  Left 
15  4   100        7705       53927      54027      328        400        1  Right
15  6   100        7706       54027      54127      329        600        1  Right
2   0   100        7714       54127      54227      330        700        1  Left 
15  6   100        7720       54227      54327      331        600        1  Right
1   5   500        7694       53927      54427      328        500        1  Right
15  2   100        7790       54327      54428      332        600        1  Left 
1   7   500        7699       54427      54928      333        2000       1  Right
6   1   100        7702       54928      55028      335        200        1  Right
8   7   500        7708       54928      55429      335        500        1  Right
1   13  500        7703       55028      55529      336        3500       1  Left 
8   10  100        7748       55529      55629      338        1000       1  Left 
8   7   100        7787       55629      55729      339        100        1  Right
8   7   100        7789       55729      55829      340        100        1  Right
1   5   500        7714       55529      56029      338        500        1  Right
6   1   100        7715       56029      56129      342        200        1  Right
0   13  500        7789       55629      56131      339        1000       1  Right
4   1   100        7729       56129      56230      343        400        1  Left 
6   0   100        7717       56131      56232      344        500        1  Right
4   15  500        7746       56230      56731      345        2000       1  Right
1   6   500        7743       56232      56733      346        1000       1  Right
13  0   100        7758       56731      56832      347        200        1  Right
1   6   500        7756       56733      57234      348        1000       1  Right
0   2   500        7806       56832      57333      349        3500       1  Left 
7   6   100        7764       57234      57335      350        200        1  Right
8   11  500        7827       57333      57833      350        2500       1  Right
1   4   500        7762       57333      57834      351        2000       1  Left 
12  5   100        7792       57834      57934      354        600        1  Left 
6   15  500        7771       57833      58334      353        3000       1  Right
7   1   100        7765       58334      58434      356        400        1  Right
0   10  100        7816       58334      58435      356        800        1  Left 
8   3   100        7828       58434      58534      356        200        1  Right
5   1   100        7789       58434      58535      357        100        1  Right
0   9   100        7881       58435      58537      357        600        1  Right
1   7   500        7823       58535      59036      360        2000       1  Right
8   4   500        7860       58537      59038      360        3500       1  Right
7   0   100        7769       59038      59138      363        300        1  Right
2   0   100        7780       59138      59238      364        700        1  Left 
1   5   500        7826       59036      59537      361        500        1  Right
7   8   500        7798       59138      59640      364        500        1  Right
2   15  500        7821       59238      59739      365        3000       1  Left 
3   0   100        7807       59640      59741      367        400        1  Right
13  0   100        7836       59741      59841      368        200        1  Right
6   12  500        7804       59739      60240      368        3500       1  Left 
8   0   500        7899       59841      60342      369        1000       1  Right
15  6   100        7851       60342      60442      371        600        1  Right
5   12  500        7823       60240      60741      371        3000       1  Left 
4   8   100        7824       60741      60841      373        700        1  Right
6   1   100        7824       60741      60842      373        200        1  Right
4   3   100        7892       60841      60942      374        900        1  Right
2   1   100        7828       60842      60943      375        200        1  Right
0   9   100        7905       60942      60944      376        600        1  Right
5   8   100        7872       60942      60945      376        400        1  Right
1   2   500        7853       60943      61347      377        1000       1  Right
8   5   500        7903       60945      61446      379        2000       1  Right
13  1   100        7838       61347      61448      380        700        1  Left 
5   3   100        7937       61446      61547      381        200        1  Right
1   13  500        7865       61448      61949      382        3500       1  Left 
13  4   100        7893       61949      62049      384        300        1  Right
6   10  500        7867       61949      62449      384        1500       1  Right
4   13  500        7924       62049      62550      385        1500       1  Right
1   6   500        7870       62449      62950      386        1000       1  Right
12  1   100        7873       62950      63050      388        500        1  Left 
6   8   100        7917       62950      63051      388        300        1  Right
12  1   100        7873       63050      63151      389        500        1  Left 
2   1   100        7875       63151      63251      391        200        1  Right
10  1   100        7895       63251      63351      392        100        1  Right
12  2   100        7932       63251      63352      392        300        1  Left 
8   6   500        7943       63051      63552      390        1500       1  Right
6   3   100        7965       63552      63652      395        100        1  Right
1   12  500        7904       63352      63853      394        2500       1  Left 
6   15  500        8010       63652      64153      396        3000       1  Right
1   12  500        7907       63853      64354      397        2500       1  Left 
11  1   100        7926       64354      64454      399        600        1  Left 
9   2   100        7948       64454      64554      400        100        1  Left 
12  0   100        7951       64454      64555      400        400        1  Right
6   7   500        8026       64153      64654      398        1000       1  Right
11  0   100        8007       64555      64655      402        300        1  Right
1   10  500        7936       64454      64955      400        500        1  Right
0   10  100        7943       64955      65055      405        800        1  Right
2   12  500        7960       64555      65056      402        1500       1  Left 
0   8   100        7956       65055      65156      406        200        1  Right
1   2   500        7951       65056      65557      407        1000       1  Right
0   12  500        7987       65156      65657      408        2000       1  Right
2   1   100        7968       65557      65658      409        200        1  Right
11  8   100        8009       65657      65758      410        500        1  Right
10  1   100        7975       65658      65759      411        100        1  Right
8   4   100        8041       65758      65858      412        700        1  Right
2   9   500        7989       65658      66159      411        500        1  Left 
1   11  500        7962       65858      66359      414        5000       1  Right
11  1   100        8016       66359      66459      416        600        1  Left 
8   5   100        8041       66359      66460      416        400        1  Right
13  4   100        8145       66459      66559      417        300        1  Right
8   6   100        8041       66460      66561      418        300        1  Right
9   8   100        8040       66561      66661      420        800        1  Right
8   7   100        8041       66661      66761      421        100        1  Right
11  6   100        8087       66761      66861      422        800        1  Right
1   10  500        8016       66459      66960      417        500        1  Right
15  1   100        8043       66960      67060      424        800        1  Left 
0   3   500        8099       66861      67362      423        2000       1  Right
13  6   100        8146       67362      67363      426        700        1  Right
1   11  500        8052       67060      67364      425        3000       1  Left 
13  6   100        8180       67363      67366      427        700        1  Right
7   1   100        8049       67366      67466      429        400        1  Right
10  0   100        8059       67366      67467      429        800        1  Left 
7   8   100        8058       67466      67567      430        100        1  Right
6   8   100        8060       67567      67667      432        300        1  Right
5   8   100        8062       67667      67767      433        400        1  Right
1   15  500        8069       67467      67968      431        4000       1  Left 
4   8   100        8064       67968      68068      435        700        1  Right
8   11  100        8100       68068      68168      436        500        1  Right
8   11  100        8101       68168      68268      437        500        1  Right
1   7   500        8095       67968      68469      435        2000       1  Right
0   10  500        8105       68268      68769      438        4000       1  Left 
11  1   100        8088       68769      68869      440        600        1  Left 
0   7   100        8118       68769      68870      440        300        1  Right
15  2   100        8107       68869      68970      441        600        1  Left 
7   1   100        8139       68870      68971      442        400        1  Right
11  0   100        8092       68970      69071      443        300        1  Right
0   13  100        8159       69071      69171      445        200        1  Right
8   9   500        8160       68971      69472      444        4000       1  Left 
3   0   100        8128       69472      69572      447        400        1  Right
9   1   100        8249       69472      69573      447        300        1  Left 
4   13  500        8176       69171      69574      446        1500       1  Right
2   15  500        8138       69573      69976      449        5000       1  Right
11  8   500        8121       69976      70476      451        2500       1  Right
1   11  500        8126       70476      70976      452        3000       1  Left 
3   8   500        8140       70476      70977      452        1000       1  Right
6   15  500        8153       70976      71477      453        5000       1  Left 
10  0   100        8158       71477      71478      455        800        1  Right
15  2   100        8170       71477      71479      455        600        1  Left 
8   0   100        8196       71478      71480      456        200        1  Right
1   7   500        8185       71478      71881      456        2000       1  Right
2   15  500        8201       71479      71882      457        3000       1  Left 
13  2   100        8210       71882      71883      460        500        1  Left 
0   10  500        8204       71881      72282      459        4000       1  Right
12  0   100        8204       72282      72382      462        400        1  Right
0   14  100        8207       72382      72482      463        100        1  Right
7   0   100        8233       72482      72582      464        300        1  Right
3   4   500        8175       72282      72782      462        3500       1  Left 
0   12  500        8240       72582      73083      465        2000       1  Right
0   7   100        8252       73083      73183      467        300        1  Right
3   5   500        8224       72782      73282      466        1000       1  Right
1   2   500        8213       72782      73283      466        1000       1  Right
12  0   100        8290       73183      73285      468        400        1  Right
1   3   100        8215       73283      73384      470        300        1  Right
14  2   100        8228       73285      73385      471        800        1  Left 
1   8   100        8219       73384      73484      472        500        1  Right
10  1   100        8250       73484      73584      474        100        1  Right
6   13  500        8221       73484      73984      474        3500       1  Right
15  6   100        8230       73984      73985      476        600        1  Right
1   10  500        8291       73584      73986      475        500        1  Right
15  5   100        8255       73985      74085      477        700        1  Right
0   1   100        8260       74085      74185      479        700        1  Right
0   1   100        8260       74185      74285      480        700        1  Right
2   13  500        8231       73984      74387      476        2500       1  Left 
2   3   100        8250       74387      74487      482        500        1  Right
13  6   100        8251       74487      74587      483        900        1  Left 
0   7   500        8284       74285      74786      481        1500       1  Right
1   9   500        8295       74587      75087      484        1500       1  Left 
3   6   500        8259       74587      75088      484        500        1  Right
2   8   100        8254       75088      75188      487        700        1  Right
0   12  500        8326       74786      75288      483        2000       1  Right
2   14  500        8254       75188      75689      488        4000       1  Right
8   1   500        8290       75689      76189      490        2500       1  Right
8   0   500        8290       76189      76689      491        1000       1  Right
5   15  500        8301       76189      76690      491        4500       1  Left 
14  8   100        8301       76689      76691      492        100        1  Right
7   0   100        8335       76690      76692      491        1300       1  Left 
8   2   500        8311       76692      77192      495        3500       1  Right
10  0   100        8343       77192      77292      494        800        1  Right
9   0   100        8359       77292      77392      495        600        1  Right
2   1   100        8363       77292      77393      495        200        1  Right
12  0   100        8363       77392      77493      496        400        1  Right
8   14  500        8347       77292      77792      495        500        1  Right
9   8   100        8361       77792      77892      499        800        1  Right
1   2   500        8384       77393      77895      497        1000       1  Right
9   1   100        8368       77895      77995      501        300        1  Left 
6   11  500        8369       77892      78393      500        4000       1  Right
1   9   500        8414       77995      78496      502        1500       1  Left 
0   7   500        8386       78393      78894      503        1500       1  Right
6   13  500        8440       78496      78997      503        4500       1  Left 
8   1   100        8386       78997      78998      506        500        1  Right
0   10  500        8389       78997      79399      506        4000       1  Left 
8   2   100        8386       79399      79499      508        700        1  Right
8   14  100        8386       79499      79599      509        100        1  Right
9   6   100        8461       79499      79600      508        500        1  Left 
0   12  500        8399       79399      79900      508        2000       1  Right
8   11  100        8386       79900      80000      512        500        1  Right
11  1   100        8402       80000      80100      513        600        1  Left 
2   1   100        8406       80100      80200      514        200        1  Right
15  5   100        8506       80200      80201      514        900        1  Left 
0   3   500        8423       80000      80202      513        2000       1  Right
6   15  500        8532       80201      80502      514        5000       1  Left 
11  8   100        8414       80502      80602      518        500        1  Right
7   1   100        8440       80502      80603      517        400        1  Right
0   11  100        8424       80602      80703      519        300        1  Right
1   8   100        8424       80603      80704      520        500        1  Right
10  0   100        8452       80703      80804      520        800        1  Left 
2   8   100        8425       80804      80904      522        700        1  Right
12  0   100        8461       80804      80905      522        400        1  Right
14  8   100        8428       80904      81004      523        100        1  Right
14  8   100        8435       81004      81104      525        100        1  Right
1   2   500        8427       80904      81405      523        1000       1  Right
0   12  500        8497       80905      81407      524        2000       1  Right
10  1   100        8454       81405      81506      527        100        1  Right
8   9   100        8492       81407      81507      528        800        1  Right
8   9   100        8493       81507      81508      530        800        1  Right
2   3   500        8526       81506      81907      528        2500       1  Right
8   14  500        8532       81508      82009      530        500        1  Right
1   11  500        8440       81907      82010      532        3000       1  Left 
9   1   100        8462       82010      82110      534        300        1  Left 
5   15  500        8552       82009      82111      532        3500       1  Right
13  1   100        8463       82110      82210      535        700        1  Left 
9   0   100        8466       82210      82310      537        600        1  Right
3   1   100        8466       82210      82311      537        300        1  Right
9   8   500        8503       82310      82312      538        4000       1  Right
3   2   500        8507       82311      82313      539        2500       1  Right
0   8   500        8513       82312      82813      540        1000       1  Right
1   13  500        8489       82313      82814      541        3500       1  Left 
0   5   100        8514       82813      82914      542        600        1  Right
11  1   100        8495       82814      82915      543        600        1  Left 
12  0   100        8531       82915      83015      544        400        1  Right
10  4   100        8587       82915      83016      544        300        1  Left 
1   7   500        8495       82915      83415      545        2000       1  Right
0   12  500        8567       83015      83517      545        2000       1  Right
3   2   100        8517       83517      83617      549        1100       1  Left 
13  2   100        8527       83617      83717      549        500        1  Left 
1   10  500        8498       83415      83916      548        500        1  Right
3   1   100        8557       83916      84016      551        300        1  Right
8   1   100        8583       84016      84116      552        500        1  Right
14  1   100        8591       84116      84216      553        600        1  Right
2   13  500        8548       83717      84218      550        2500       1  Left 
1   9   500        8510       84218      84718      556        1500       1  Left 
6   13  500        8554       84218      84719      555        3500       1  Right
1   11  500        8531       84718      85219      556        3000       1  Left 
13  2   100        8570       85219      85319      558        500        1  Left 
1   0   500        8543       85219      85719      558        3500       1  Right
2   13  500        8591       85319      85820      559        2500       1  Left 
1   0   500        8556       85719      86220      560        3500       1  Right
7   0   100        8561       86220      86320      562        300        1  Right
4   10  500        8613       85820      86321      561        1500       1  Left 
0   11  100        8567       86320      86421      563        300        1  Right
11  0   100        8607       86421      86521      565        300        1  Right
12  0   100        8612       86521      86621      566        400        1  Right
1   14  500        8612       86320      86821      563        3000       1  Right
5   2   100        8578       86821      86921      568        300        1  Right
13  6   100        8610       86821      86922      568        700        1  Right
0   8   100        8614       86922      87022      570        200        1  Right
2   5   500        8609       86921      87422      569        1500       1  Right
13  5   100        8635       87422      87522      571        800        1  Left 
0   7   500        8618       87022      87523      571        1500       1  Right
0   1   100        8621       87523      87623      574        700        1  Right
15  1   100        8622       87623      87723      575        800        1  Right
15  1   100        8622       87723      87823      576        800        1  Right
14  0   100        8635       87823      87824      576        100        1  Right
15  2   100        8671       87823      87825      576        600        1  Left 
1   8   500        8634       87823      88224      576        2500       1  Right
14  8   100        8637       88224      88324      579        100        1  Right
0   12  500        8648       87825      88326      578        2000       1  Right
14  1   100        8644       88324      88425      580        600        1  Right
5   8   100        8654       88425      88525      582        400        1  Right
8   9   100        8684       88525      88625      583        800        1  Left 
9   8   100        8692       88625      88725      584        800        1  Left 
14  6   100        8693       88725      88825      585        400        1  Right
0   11  500        8651       88326      88827      581        1500       1  Right
1   15  500        8648       88827      89327      587        4000       1  Right
1   15  500        8651       89327      89827      588        4000       1  Right
1   14  500        8665       89827      90327      589        3000       1  Right
2   15  500        8702       89827      90328      589        3000       1  Left 
7   0   100        8675       90327      90428      590        300        1  Right
15  0   100        8690       90428      90528      592        100        1  Right
8   14  100        8713       90428      90529      592        100        1  Right
8   14  100        8715       90529      90629      594        100        1  Right
5   13  500        8671       90328      90829      591        4000       1  Left 
7   1   100        8677       90829      90929      596        400        1  Right
14  1   100        8694       90929      91029      597        600        1  Right
0   15  500        8711       90528      91030      593        500        1  Right
0   9   100        8726       91030      91130      599        600        1  Right
1   14  500        8717       91029      91530      598        3000       1  Right
0   11  500        8741       91130      91631      600        1500       1  Right
14  0   100        8698       91631      91731      602        100        1  Right
11  0   100        8700       91731      91831      603        300        1  Right
12  0   100        8724       91831      91931      604        400        1  Right
6   9   500        8733       91530      92031      601        2500       1  Left 
14  8   500        8749       91731      92233      603        500        1  Right
0   12  500        8760       91931      92432      605        2000       1  Right
1   7   500        8735       92031      92532      606        2000       1  Right
12  0   100        8795       92432      92533      608        400        1  Right
7   4   100        8783       92533      92633      610        800        1  Right
0   10  100        8798       92633      92733      611        800        1  Left 
1   3   500        8751       92532      93033      609        1500       1  Right
9   1   100        8756       93033      93133      613        300        1  Left 
4   7   500        8814       92733      93234      612        4000       1  Right
3   15  100        8785       93234      93334      615        500        1  Right
0   4   100        8816       93334      93335      616        500        1  Right
1   9   500        8802       93133      93535      614        1500       1  Left 
10  4   100        8839       93535      93635      617        300        1  Left 
8   5   500        8803       93334      93736      616        2000       1  Right
0   12  500        8831       93335      93836      616        2000       1  Right
11  1   100        8782       93836      93837      621        1000       1  Right
4   10  500        8865       93635      93838      618        1500       1  Left 
4   2   100        8866       93838      93938      622        200        1  Left 
1   11  500        8818       93837      94139      622        5000       1  Right
10  6   100        8840       94139      94239      624        300        1  Right
11  0   100        8861       94139      94240      624        300        1  Right
10  6   100        8849       94239      94340      625        300        1  Right
2   4   500        8902       93938      94439      623        1000       1  Left 
0   9   100        8869       94439      94539      628        600        1  Right
6   10  500        8875       94340      94841      627        1500       1  Right
9   1   100        8854       94841      94941      630        300        1  Left 
0   11  500        8904       94539      95040      629        1500       1  Right
12  1   100        8865       94941      95041      631        500        1  Left 
13  5   100        8886       95040      95140      632        800        1  Right
10  2   100        8894       95041      95142      633        100        1  Right
4   8   100        8939       95140      95240      634        700        1  Right
1   3   100        8896       95140      95241      634        300        1  Right
5   1   100        8902       95241      95341      637        100        1  Right
3   1   100        8909       95341      95441      638        300        1  Right
2   10  500        8930       95142      95644      635        500        1  Right
0   15  500        8964       95240      95741      636        500        1  Right
1   9   500        8902       95644      96145      640        1500       1  Left 
6   13  500        8904       95741      96242      641        3500       1  Right
12  15  100        8975       96242      96342      643        300        1  Right
1   0   500        8910       96242      96742      643        3500       1  Right
5   13  500        8922       96742      96743      645        4000       1  Right
1   12  500        8935       96742      96744      645        2500       1  Left 
8   0   500        8941       96743      97244      646        1000       1  Right
1   5   500        8938       96744      97245      647        500        1  Right
15  0   100        8943       97244      97246      648        100        1  Right
6   14  500        8997       97244      97646      648        2000       1  Right
1   13  500        9006       97245      97647      649        3500       1  Left 
9   0   100        8957       97647      97747      652        600        1  Right
10  6   100        8971       97647      97748      652        300        1  Right
11  0   100        8962       97747      97848      653        300        1  Right
8   4   500        8975       97748      98249      654        4500       1  Left 
11  1   100        8964       98249      98349      656        600        1  Left 
5   0   100        8991       98249      98350      656        600        1  Right
13  1   100        8977       98349      98351      657        700        1  Left 
15  0   100        8997       98350      98351      658        100        1  Right
5   8   100        8993       98350      98352      658        400        1  Right
15  0   100        9040       98351      98451      659        100        1  Right
13  1   100        8977       98351      98452      659        700        1  Left 
15  3   500        9082       98451      98952      661        2500       1  Right
1   13  500        9012       98452      98953      662        3500       1  Left 
0   1   100        8997       98953      99053      664        700        1  Right
13  2   100        9029       98953      99054      664        500        1  Left 
0   8   100        9009       99053      99153      665        200        1  Right
5   1   100        9000       99053      99154      665        100        1  Right
14  1   100        9048       99154      99155      668        600        1  Right
2   13  500        9050       99054      99457      666        2500       1  Left 
0   15  500        9018       99153      99555      667        500        1  Right
6   10  500        9119       99155      99656      669        1500       1  Right
0   9   500        9020       99555      100056     671        3000       1  Right
13  0   100        9048       100056     100156     673        200        1  Right
15  0   100        9083       100156     100256     674        100        1  Right
1   11  500        9018       100056     100556     673        3000       1  Left 
8   4   100        9025       100556     100656     676        700        1  Right
8   14  100        9025       100656     100756     677        100        1  Right
9   0   100        9088       100656     100757     677        600        1  Right
0   14  100        9028       100757     100857     679        100        1  Right
1   5   500        9036       100556     101057     676        500        1  Right
7   4   100        9035       101057     101157     681        800        1  Left 
7   6   100        9036       101157     101257     682        200        1  Right
15  12  500        9116       100757     101259     679        1500       1  Right
4   8   100        9048       101257     101358     683        900        1  Left 
4   8   100        9053       101358     101458     685        900        1  Left 
14  8   100        9061       101458     101558     686        100        1  Right
0   15  500        9061       101259     101760     684        500        1  Right
4   7   500        9066       101458     101960     686        4000       1  Left 
11  4   100        9069       101960     102060     689        200        1  Right
0   13  500        9079       101760     102261     688        1000       1  Right
1   14  500        9069       101960     102462     689        3000       1  Right
4   11  500        9090       102060     102561     690        1000       1  Right
5   6   100        9097       102462     102562     692        100        1  Right
5   1   100        9098       102562     102662     694        100        1  Right
3   6   100        9117       102562     102663     694        100        1  Right
0   15  500        9114       102261     102762     691        500        1  Right
8   5   100        9107       102663     102763     696        400        1  Right
10  1   100        9147       102662     102764     694        100        1  Right
8   5   100        9109       102763     102863     698        400        1  Right
14  0   100        9096       102762     102864     697        100        1  Right
7   2   100        9102       102863     102865     700        600        1  Right
8   4   500        9168       102864     103266     700        3500       1  Right
1   5   500        9136       102865     103366     701        500        1  Right
0   7   100        9114       103266     103367     703        300        1  Right
3   15  100        9121       103366     103467     704        1100       1  Left 
0   14  500        9122       103367     103868     705        500        1  Right
2   7   500        9145       103467     103968     705        3000       1  Right
5   0   100        9102       103968     104068     708        600        1  Right
0   6   100        9122       104068     104168     709        500        1  Right
1   10  500        9188       103968     104469     707        500        1  Right
0   9   500        9139       104168     104668     709        3000       1  Right
5   8   500        9128       104168     104669     709        2000       1  Right
15  0   100        9140       104668     104769     711        100        1  Right
12  6   100        9146       104669     104770     712        700        1  Left 
14  0   100        9154       104769     104870     713        100        1  Right
7   6   100        9163       104770     104871     714        200        1  Right
0   15  500        9161       104870     105371     715        500        1  Right
6   7   500        9184       104871     105372     716        1000       1  Right
6   2   100        9186       105372     105472     718        400        1  Right
7   6   100        9192       105472     105572     719        200        1  Right
10  2   100        9241       105472     105573     719        100        1  Right
0   14  500        9180       105371     105872     717        500        1  Right
0   14  100        9180       105872     105972     722        100        1  Right
15  0   100        9182       105972     106072     723        100        1  Right
2   6   500        9232       105573     106074     721        2000       1  Right
14  1   100        9206       106074     106174     725        600        1  Right
9   1   100        9207       106174     106274     726        300        1  Left 
4   1   100        9217       106274     106374     727        400        1  Left 
0   15  500        9203       106072     106573     724        500        1  Right
15  1   100        9220       106573     106574     729        800        1  Left 
14  0   100        9250       106573     106575     729        100        1  Right
8   6   500        9304       106174     106577     726        1500       1  Right
12  15  100        9228       106574     106676     730        300        1  Right
4   0   100        9290       106676     106776     733        500        1  Right
1   14  500        9227       106577     107078     732        3000       1  Right
1   15  500        9246       107078     107578     735        4000       1  Right
1   4   500        9248       107578     108078     736        2000       1  Left 
0   14  500        9276       107578     108079     736        500        1  Right
11  4   100        9321       108078     108178     737        200        1  Right
6   10  500        9248       108078     108579     737        1500       1  Right
0   13  500        9332       108079     108581     737        1000       1  Right
6   8   100        9278       108579     108679     740        300        1  Right
4   8   100        9292       108679     108680     742        700        1  Right
1   9   500        9253       108579     108981     740        1500       1  Left 
15  1   100        9273       108981     109081     744        800        1  Left 
6   7   500        9310       108679     109082     742        1000       1  Right
2   10  500        9277       109081     109582     745        500        1  Right
1   0   500        9291       109082     109583     746        3500       1  Right
4   1   100        9299       109583     109683     748        400        1  Left 
6   8   100        9349       109583     109683     747        300        1  Right
13  0   100        9301       109583     109684     748        200        1  Right
11  6   100        9322       109683     109784     749        800        1  Left 
14  0   100        9308       109684     109785     750        100        1  Right
6   8   100        9350       109784     109884     750        300        1  Right
0   5   100        9332       109884     109885     752        600        1  Right
8   5   100        9333       109885     109985     753        400        1  Right
5   8   100        9351       109985     110085     754        400        1  Right
1   15  500        9299       109784     110186     751        4000       1  Left 
14  1   100        9310       110186     110286     757        600        1  Right
9   0   100        9316       110186     110287     757        600        1  Right
10  6   100        9329       110286     110387     757        300        1  Right
15  1   100        9324       110387     110487     760        800        1  Right
8   6   100        9333       110487     110587     760        300        1  Right
10  5   100        9354       110487     110588     760        200        1  Right
7   1   100        9355       110588     110688     762        400        1  Right
4   11  500        9342       110287     110788     758        1000       1  Right
8   0   500        9343       110587     111089     761        1000       1  Right
6   5   500        9369       110688     111189     763        500        1  Right
15  3   100        9389       111089     111189     765        500        1  Right
1   4   500        9331       110788     111289     764        2000       1  Left 
15  8   100        9393       111189     111290     766        300        1  Right
4   6   100        9361       111289     111390     767        600        1  Left 
15  3   100        9394       111290     111391     768        500        1  Right
4   1   100        9362       111390     111491     769        400        1  Left 
4   0   100        9366       111491     111591     771        500        1  Right
11  2   100        9366       111591     111592     772        400        1  Left 
13  0   100        9380       111591     111593     772        200        1  Right
1   14  500        9332       111491     111892     771        3000       1  Right
0   9   500        9367       111593     112094     774        3000       1  Right
14  4   100        9365       112094     112194     776        600        1  Right
8   4   100        9382       112194     112294     777        700        1  Right
5   10  500        9375       111892     112393     775        1000       1  Right
8   4   100        9384       112294     112395     778        700        1  Right
5   1   100        9392       112393     112494     779        100        1  Right
1   15  500        9350       112494     112994     781        4000       1  Right
1   4   500        9395       112994     113494     782        2000       1  Left 
0   1   100        9397       113494     113594     783        700        1  Right
