
336
C:/Users/nxconrad/Desktop/REU 2.0/Benchmark Data/16-core/7/flow_freqmine100#2.txt
810
[11, 13, 9, 14, 3, 2, 1, 8, 12, 7, 0, 5, 4, 10, 15, 6]
10  1   100        6420       6422       6522       0          700        1  Right
10  0   100        6422       6522       6622       1          300        1  Right
12  0   100        6439       6622       6722       1          200        1  Right
2   15  500        6428       6522       7023       0          3500       1  Left 
0   3   500        6423       7023       7523       3          3000       1  Right
15  8   100        6469       7523       7524       4          700        1  Right
6   2   500        6435       7523       7924       4          3000       1  Left 
0   12  500        6475       7524       8025       5          1000       1  Right
1   11  500        6440       7924       8026       6          3000       1  Right
2   6   100        6460       8026       8027       8          600        1  Left 
8   15  500        6520       8025       8028       7          3500       1  Right
11  1   100        6477       8027       8128       9          600        1  Right
7   8   100        6567       8028       8129       9          200        1  Right
3   0   100        6455       8128       8229       11         1000       1  Left 
1   5   500        6460       8229       8729       13         2500       1  Right
3   13  500        6537       8229       8730       12         1500       1  Right
11  3   100        6551       8730       8830       14         400        1  Right
9   3   100        6564       8830       8930       15         200        1  Right
1   10  500        6461       8729       9230       14         3500       1  Right
1   5   100        6468       9230       9330       18         500        1  Right
12  0   100        6513       9330       9430       19         200        1  Right
6   1   500        6485       9330       9830       19         3500       1  Left 
10  1   100        6513       9830       9930       21         700        1  Right
1   11  500        6513       9930       10430      22         3000       1  Right
0   9   100        6526       10430      10530      22         800        1  Right
0   7   100        6527       10530      10630      23         100        1  Right
5   1   500        6529       10530      10631      23         5500       1  Left 
0   12  500        6549       10630      10731      24         1000       1  Right
1   10  500        6554       10631      11132      25         4500       1  Left 
0   8   500        6588       10731      11232      26         1500       1  Right
1   2   100        6612       11132      11232      27         100        1  Right
3   9   500        6600       11132      11633      27         1000       1  Right
8   7   500        6588       11232      11634      28         1000       1  Right
12  1   100        6596       11634      11635      30         200        1  Right
7   1   100        6613       11635      11636      31         300        1  Right
2   0   500        6614       11633      11837      29         5500       1  Left 
10  8   100        6595       11837      11937      33         600        1  Right
2   1   500        6633       11837      12338      32         500        1  Right
8   10  500        6621       11937      12438      33         3000       1  Right
1   0   100        6617       12438      12538      36         400        1  Right
6   2   500        6677       12338      12839      34         3000       1  Left 
10  3   100        6643       12839      12939      37         700        1  Left 
1   12  500        6627       12538      13039      36         1000       1  Right
0   1   500        6638       13039      13539      39         2000       1  Right
15  1   100        6639       13539      13639      40         800        1  Right
9   1   100        6640       13639      13739      41         400        1  Right
8   0   100        6648       13639      13740      41         300        1  Right
2   1   100        6692       13739      13840      42         100        1  Right
12  0   100        6660       13740      13841      43         200        1  Right
6   1   100        6705       13840      13941      44         700        1  Left 
15  0   100        6703       13841      13942      45         400        1  Right
0   6   100        6672       13942      14042      47         500        1  Right
1   7   500        6664       13941      14442      46         1500       1  Right
1   15  500        6665       14442      14942      49         4000       1  Right
1   9   500        6687       14942      15442      50         2000       1  Right
0   12  500        6696       14942      15443      50         1000       1  Right
15  8   100        6705       15442      15543      51         900        1  Left 
0   13  100        6696       15543      15643      53         700        1  Left 
1   2   500        6713       15543      16044      53         500        1  Right
8   0   500        6709       15643      16144      54         1500       1  Right
15  1   100        6712       16044      16145      55         800        1  Left 
7   0   100        6710       16144      16245      56         100        1  Right
13  2   100        6725       16145      16246      56         400        1  Right
7   1   100        6721       16245      16346      57         300        1  Right
7   0   100        6723       16346      16446      59         100        1  Right
2   13  500        6746       16246      16747      58         2000       1  Right
1   15  500        6738       16446      16748      60         4000       1  Right
8   7   100        6757       16748      16848      62         200        1  Right
6   2   500        6747       16747      17049      61         3000       1  Left 
9   0   100        6733       17049      17149      64         800        1  Right
12  0   100        6738       17149      17249      65         200        1  Right
1   6   500        6746       17149      17650      65         3500       1  Left 
12  1   100        6740       17650      17750      67         200        1  Right
0   3   500        6752       17650      17751      67         5000       1  Left 
1   7   500        6767       17750      17851      68         1500       1  Right
15  6   100        6763       17751      17852      69         100        1  Right
0   8   100        6761       17851      17951      70         300        1  Right
9   1   100        6744       17851      17952      70         400        1  Right
8   13  100        6757       17951      18052      72         1000       1  Left 
9   0   100        6746       18052      18152      74         800        1  Right
8   12  100        6757       18152      18252      75         100        1  Right
15  1   100        6764       18152      18253      75         800        1  Left 
7   8   100        6765       18252      18254      76         200        1  Right
2   6   100        6790       18253      18254      77         600        1  Left 
15  0   100        6768       18253      18255      77         400        1  Right
8   11  100        6757       18254      18355      78         700        1  Right
8   10  100        6757       18355      18455      80         600        1  Right
8   9   100        6757       18455      18555      81         500        1  Right
3   0   100        6786       18555      18655      82         1000       1  Left 
2   5   100        6815       18655      18755      83         1000       1  Left 
1   12  500        6774       18555      19055      82         1000       1  Right
7   1   100        6818       19055      19155      85         300        1  Right
3   11  500        6838       18755      19256      84         2000       1  Right
5   2   500        6846       19155      19257      86         3000       1  Right
3   10  500        6935       19256      19358      87         3500       1  Left 
9   8   100        6780       19358      19458      89         500        1  Right
10  8   100        6782       19458      19459      90         1000       1  Left 
11  8   100        6784       19459      19559      91         700        1  Right
4   12  500        6847       19257      19659      88         2000       1  Right
12  8   100        6786       19659      19759      93         100        1  Right
13  8   100        6788       19759      19760      94         1000       1  Left 
13  8   100        6796       19760      19761      95         1000       1  Left 
12  4   100        6821       19761      19861      96         400        1  Right
1   9   500        6790       19559      19862      92         2000       1  Right
9   1   100        6846       19862      19962      98         400        1  Right
15  8   500        6875       19861      20362      97         3500       1  Right
3   14  500        6943       19962      20463      99         500        1  Right
1   15  500        6792       20362      20863      100        4000       1  Right
8   15  100        6829       20863      20963      102        700        1  Right
8   15  100        6837       20963      21063      103        700        1  Right
3   4   100        6998       21063      21163      104        800        1  Left 
3   5   100        6998       21163      21263      105        900        1  Left 
3   6   100        6998       21263      21363      106        500        1  Left 
10  2   100        7037       21363      21463      106        800        1  Left 
1   7   500        6864       21063      21464      104        1500       1  Right
2   5   100        7066       21463      21465      107        1000       1  Left 
1   0   100        6870       21464      21565      109        400        1  Right
1   9   500        6892       21565      21566      111        2000       1  Right
8   13  500        6934       21565      21567      111        5000       1  Left 
0   1   500        6896       21567      22067      113        2000       1  Right
14  8   100        6908       22067      22167      114        400        1  Right
7   8   100        6910       22167      22267      115        200        1  Right
14  3   100        6912       22167      22268      115        100        1  Right
1   0   100        6929       22267      22368      116        400        1  Right
8   7   500        6935       22368      22369      118        1000       1  Right
0   1   500        6950       22368      22370      118        6000       1  Left 
9   8   100        6938       22370      22470      120        500        1  Right
8   14  500        6954       22470      22970      121        2000       1  Right
8   9   500        6959       22970      23470      122        2500       1  Right
7   3   100        6962       23470      23570      123        500        1  Right
9   3   100        6984       23570      23670      124        200        1  Right
0   8   500        6971       23570      24070      124        1500       1  Right
1   0   100        6972       24070      24170      126        400        1  Right
0   10  100        6974       24170      24270      127        300        1  Right
3   7   100        7054       24170      24271      126        500        1  Right
4   8   100        6975       24271      24371      129        500        1  Right
4   3   100        7008       24371      24471      130        800        1  Left 
5   3   100        7015       24471      24472      131        900        1  Left 
6   3   100        7023       24472      24572      131        500        1  Left 
0   1   500        6993       24371      24772      130        2000       1  Right
0   10  100        6998       24772      24872      134        300        1  Right
14  1   100        7006       24772      24873      134        300        1  Right
0   15  100        7011       24872      24973      135        400        1  Right
13  1   100        7032       24873      24974      135        500        1  Right
14  1   100        7048       24974      25074      137        300        1  Right
14  1   100        7061       25074      25174      138        300        1  Right
6   15  500        7065       24973      25473      136        500        1  Right
8   4   500        7011       24973      25474      137        2500       1  Right
1   0   100        7014       25474      25574      142        400        1  Right
8   0   100        7028       25574      25674      142        300        1  Right
0   12  100        7067       25674      25774      143        200        1  Right
12  4   100        7073       25774      25874      144        400        1  Right
2   10  500        7073       25473      25974      140        4000       1  Left 
4   12  500        7099       25874      26375      145        2000       1  Right
1   14  500        7027       25974      26475      146        1500       1  Right
12  6   100        7074       26375      26476      147        700        1  Right
12  6   100        7097       26476      26576      149        700        1  Right
1   13  500        7058       26475      26976      148        2500       1  Right
14  0   100        7063       26976      27076      151        700        1  Right
13  0   100        7086       27076      27176      152        700        1  Left 
13  8   100        7088       27176      27177      153        1000       1  Left 
1   14  500        7069       27076      27477      152        1500       1  Right
8   0   500        7098       27177      27678      154        1500       1  Right
10  8   100        7119       27678      27778      156        600        1  Right
8   4   100        7130       27778      27878      157        500        1  Right
6   2   500        7077       27477      27978      155        3000       1  Left 
8   7   100        7130       27878      27979      158        200        1  Right
7   8   100        7141       27979      28079      160        200        1  Right
0   3   500        7078       27978      28479      159        5000       1  Left 
0   15  100        7086       28479      28579      162        400        1  Right
1   14  500        7082       28479      28979      162        1500       1  Right
9   8   100        7150       28979      29079      164        500        1  Right
6   12  500        7133       28579      29080      163        3500       1  Right
0   1   500        7093       29080      29081      166        2000       1  Right
5   2   500        7097       29080      29082      166        5000       1  Left 
13  1   100        7095       29082      29182      168        500        1  Right
4   8   100        7153       29082      29183      168        500        1  Right
15  1   100        7100       29182      29283      169        800        1  Left 
14  1   100        7104       29283      29383      171        300        1  Right
13  6   100        7149       29283      29384      171        200        1  Left 
3   0   100        7107       29383      29484      172        600        1  Right
15  1   100        7118       29484      29584      174        800        1  Right
14  3   100        7158       29484      29585      174        100        1  Right
1   0   100        7121       29584      29685      175        400        1  Right
1   13  500        7121       29685      30185      177        2500       1  Right
1   14  500        7125       30185      30685      178        1500       1  Right
1   15  500        7127       30685      31185      179        4000       1  Right
12  2   100        7128       31185      31285      180        300        1  Right
8   15  100        7130       31285      31385      181        700        1  Right
8   14  100        7130       31385      31485      182        400        1  Right
12  6   100        7186       31385      31486      182        700        1  Right
8   9   100        7130       31485      31586      183        500        1  Right
0   1   500        7142       31586      32086      185        2000       1  Right
3   9   500        7281       31586      32087      185        1000       1  Right
1   15  500        7144       32086      32587      186        4000       1  Right
13  1   100        7150       32587      32687      188        500        1  Right
0   8   100        7155       32587      32688      188        300        1  Right
2   1   100        7155       32687      32788      189        100        1  Right
13  0   100        7154       32688      32789      190        700        1  Left 
2   1   100        7155       32788      32790      191        100        1  Right
14  8   100        7172       32789      32791      192        1200       1  Left 
2   12  500        7155       32791      33291      194        1500       1  Right
0   15  500        7210       32791      33292      194        2000       1  Right
6   12  500        7363       33291      33792      195        4500       1  Left 
1   0   100        7163       33792      33892      197        400        1  Right
15  8   100        7174       33892      33992      198        700        1  Right
15  0   100        7189       33992      34092      199        400        1  Right
1   2   500        7176       33892      34393      198        500        1  Right
13  8   500        7256       34092      34593      200        5000       1  Left 
1   13  500        7178       34593      35093      202        2500       1  Right
8   13  100        7225       35093      35193      203        1000       1  Left 
8   13  100        7227       35193      35293      204        1000       1  Left 
1   2   500        7179       35093      35593      203        500        1  Right
8   10  500        7305       35293      35794      205        3000       1  Right
2   0   100        7221       35794      35894      207        500        1  Right
15  0   100        7231       35894      35994      208        400        1  Right
0   2   500        7247       35994      36494      209        2500       1  Right
7   2   100        7338       36494      36594      210        400        1  Right
0   15  500        7252       36494      36994      210        2000       1  Right
0   11  100        7277       36994      37094      212        600        1  Left 
15  1   100        7279       37094      37194      213        800        1  Right
0   7   100        7300       37194      37294      214        100        1  Right
1   15  500        7305       37194      37695      214        4000       1  Left 
0   8   500        7350       37294      37795      215        1500       1  Right
15  0   100        7333       37795      37895      217        400        1  Right
2   7   500        7379       37795      38296      217        2000       1  Right
0   15  500        7354       37895      38396      218        2000       1  Right
15  0   100        7388       38396      38496      220        400        1  Right
1   12  500        7412       38296      38797      219        1000       1  Right
0   1   500        7365       38797      39297      222        2000       1  Right
12  1   100        7381       39297      39397      223        200        1  Right
7   8   100        7430       39397      39497      224        200        1  Right
12  2   100        7458       39497      39498      225        300        1  Right
0   3   500        7399       39297      39699      223        5000       1  Left 
15  1   100        7390       39699      39799      227        800        1  Right
10  1   100        7399       39799      39899      228        700        1  Right
0   13  100        7404       39899      39999      229        700        1  Left 
8   0   100        7408       39999      40099      230        300        1  Right
4   8   100        7438       40099      40100      231        500        1  Right
1   15  500        7417       39999      40401      230        4000       1  Left 
3   0   100        7431       40401      40501      233        1000       1  Left 
8   7   500        7451       40100      40601      232        1000       1  Right
5   8   100        7481       40601      40602      235        400        1  Right
1   10  500        7440       40501      40903      234        4500       1  Left 
4   3   100        7442       40903      41003      237        800        1  Right
15  4   100        7453       41003      41103      238        200        1  Right
2   0   100        7474       41003      41104      238        500        1  Right
6   13  500        7441       40903      41403      237        1000       1  Left 
3   14  500        7450       41003      41504      238        500        1  Right
3   7   100        7463       41504      41604      242        500        1  Right
4   15  500        7494       41103      41605      239        1000       1  Right
10  0   100        7483       41605      41705      244        300        1  Right
6   12  500        7463       41604      42105      243        4500       1  Left 
0   13  100        7473       42105      42205      246        700        1  Left 
5   3   100        7485       42205      42305      247        900        1  Left 
2   12  500        7484       42105      42306      246        1500       1  Right
7   3   500        7486       42305      42506      248        5500       1  Left 
13  1   100        7489       42506      42606      250        500        1  Right
8   4   500        7474       42506      43006      250        2500       1  Right
6   8   100        7483       43006      43106      252        800        1  Right
10  8   100        7485       43106      43206      253        600        1  Right
6   3   100        7487       43106      43207      253        500        1  Left 
10  1   100        7492       43207      43307      255        900        1  Left 
8   0   500        7485       43206      43707      254        1500       1  Right
7   3   100        7494       43707      43807      257        500        1  Right
0   2   500        7500       43807      44307      258        2500       1  Right
8   6   500        7509       44307      44807      259        4000       1  Right
8   5   500        7512       44807      45307      260        2000       1  Right
8   4   100        7512       45307      45407      261        500        1  Right
8   5   100        7512       45407      45507      262        400        1  Right
2   0   100        7538       45507      45508      261        500        1  Right
7   1   100        7540       45508      45608      262        300        1  Right
0   8   100        7544       45608      45708      263        300        1  Right
7   8   100        7548       45708      45808      264        200        1  Right
3   4   500        7536       45407      45809      260        4000       1  Left 
0   2   500        7564       45808      45810      265        2500       1  Right
3   5   500        7537       45809      45811      266        4500       1  Left 
8   6   100        7512       45811      45911      270        800        1  Right
8   7   100        7512       45911      46011      271        200        1  Right
13  0   100        7547       45911      46012      269        700        1  Left 
8   13  100        7512       46012      46013      273        600        1  Right
12  6   100        7516       46012      46014      273        700        1  Right
12  5   100        7541       46014      46114      273        300        1  Right
6   8   100        7550       46114      46115      274        800        1  Right
5   8   100        7552       46115      46215      275        400        1  Right
4   8   100        7554       46215      46315      276        500        1  Right
1   13  500        7515       46013      46415      274        2500       1  Right
5   12  500        7572       46315      46816      277        1500       1  Right
3   6   500        7538       46415      46916      278        2500       1  Left 
1   10  500        7538       46816      47317      279        3500       1  Right
3   4   100        7547       47317      47417      281        800        1  Right
3   5   100        7547       47417      47517      282        700        1  Right
3   6   100        7547       47517      47617      283        500        1  Left 
4   1   100        7561       47517      47618      283        600        1  Right
10  6   100        7590       47617      47718      284        200        1  Right
13  8   100        7571       47618      47719      285        600        1  Right
5   1   100        7577       47719      47720      287        500        1  Right
4   3   100        7592       47719      47721      287        800        1  Left 
2   0   100        7591       47720      47722      288        500        1  Right
5   3   100        7598       47721      47723      289        900        1  Left 
7   8   100        7640       47722      47823      290        200        1  Right
0   13  500        7578       47723      48224      291        3500       1  Left 
0   7   100        7579       48224      48324      293        100        1  Right
10  1   100        7591       48224      48325      293        900        1  Left 
10  0   100        7595       48325      48425      295        300        1  Right
0   11  100        7603       48425      48525      296        600        1  Left 
13  0   100        7609       48525      48625      297        700        1  Left 
1   7   500        7586       48325      48626      295        1500       1  Right
0   2   500        7617       48625      48927      298        5500       1  Left 
11  2   100        7642       48927      49027      300        500        1  Right
1   4   500        7596       48927      49427      300        3000       1  Right
6   1   100        7606       49427      49428      302        700        1  Left 
8   10  100        7612       49427      49429      302        600        1  Right
6   3   100        7606       49428      49529      303        500        1  Left 
1   5   500        7619       49429      49930      304        2500       1  Right
1   10  500        7634       49930      50430      306        3500       1  Right
4   1   100        7639       50430      50530      307        600        1  Right
3   7   100        7640       50530      50630      308        500        1  Right
0   13  500        7642       50530      51031      308        3500       1  Left 
7   0   100        7644       51031      51131      310        100        1  Right
8   10  100        7661       51131      51132      311        600        1  Right
1   6   500        7647       51031      51133      310        3500       1  Left 
10  8   500        7674       51132      51333      312        3000       1  Right
2   0   100        7650       51333      51433      314        500        1  Right
4   1   100        7652       51433      51533      315        600        1  Right
7   1   100        7653       51533      51633      316        300        1  Right
4   0   100        7654       51533      51634      316        200        1  Right
5   1   100        7658       51634      51734      318        500        1  Right
2   11  500        7673       51433      51934      315        2500       1  Right
1   4   500        7670       51734      52235      319        3000       1  Right
5   1   100        7671       52235      52335      321        500        1  Right
5   0   100        7673       52335      52435      322        100        1  Right
13  1   100        7676       52335      52436      322        500        1  Right
11  8   100        7718       52435      52536      323        900        1  Left 
0   2   500        7677       52536      53036      325        2500       1  Right
1   4   500        7683       53036      53536      326        3000       1  Right
15  4   100        7705       53536      53636      327        200        1  Right
15  6   100        7706       53636      53736      328        100        1  Right
15  6   100        7720       53736      53836      329        100        1  Right
1   5   500        7694       53536      54036      327        2500       1  Right
0   15  100        7712       54036      54136      331        400        1  Right
2   0   100        7714       54136      54137      332        1100       1  Left 
1   7   500        7699       54036      54138      331        1500       1  Right
0   3   500        7723       54137      54339      333        5000       1  Left 
6   1   100        7702       54339      54439      335        700        1  Left 
8   7   500        7708       54138      54639      334        1000       1  Right
7   8   100        7727       54639      54739      337        200        1  Right
8   10  100        7748       54739      54839      338        600        1  Right
10  8   100        7761       54839      54939      339        600        1  Right
1   13  500        7703       54439      54940      336        2500       1  Right
8   7   100        7787       54939      54941      340        200        1  Right
8   7   100        7789       54941      54942      342        200        1  Right
1   5   500        7714       54940      55243      341        5500       1  Left 
6   1   100        7715       55243      55343      344        700        1  Left 
12  5   100        7792       55243      55344      344        300        1  Right
4   1   100        7729       55343      55444      345        1000       1  Left 
6   0   100        7717       55444      55544      347        500        1  Right
8   11  500        7827       55444      55945      347        3500       1  Right
4   15  500        7746       55544      56045      348        1000       1  Right
0   2   500        7740       55945      56446      349        2500       1  Right
6   15  500        7771       56045      56546      350        500        1  Right
13  0   100        7758       56446      56547      351        900        1  Right
0   8   100        7763       56547      56647      353        300        1  Right
1   6   500        7743       56547      57047      353        3500       1  Left 
1   6   500        7756       57047      57547      355        3500       1  Left 
15  2   100        7790       57547      57548      356        700        1  Left 
1   4   500        7762       57547      57948      356        3000       1  Right
7   6   100        7764       57948      58048      358        600        1  Right
8   3   100        7828       57948      58049      358        300        1  Right
7   1   100        7765       58049      58149      360        300        1  Right
0   13  500        7789       58048      58549      359        3500       1  Left 
1   7   500        7823       58149      58550      361        1500       1  Right
0   2   500        7806       58549      58950      362        5500       1  Left 
7   0   100        7769       58950      59050      364        100        1  Right
5   1   100        7789       58950      59051      364        1100       1  Left 
2   0   100        7780       59051      59052      366        1100       1  Left 
3   0   100        7807       59052      59152      367        1000       1  Left 
0   10  100        7816       59152      59153      368        300        1  Right
7   8   500        7798       59050      59353      365        1000       1  Right
4   8   100        7824       59353      59453      370        500        1  Right
2   15  500        7821       59152      59555      368        3500       1  Left 
15  6   100        7851       59555      59655      372        100        1  Right
4   3   100        7892       59655      59656      373        800        1  Left 
1   5   500        7826       59453      59855      371        2500       1  Right
6   12  500        7804       59855      60355      375        3500       1  Right
1   2   500        7853       59855      60356      375        500        1  Right
6   1   100        7824       60356      60456      377        700        1  Left 
2   1   100        7828       60456      60556      378        100        1  Right
5   12  500        7823       60355      60856      376        1500       1  Right
6   10  500        7867       60456      60857      378        1000       1  Right
1   13  500        7865       60556      60956      379        2500       1  Right
8   4   500        7860       60856      61256      380        2500       1  Right
5   8   100        7872       61256      61356      383        400        1  Right
1   6   500        7870       60956      61457      382        3500       1  Left 
13  0   100        7836       61457      61557      385        700        1  Left 
0   9   100        7881       61557      61657      386        800        1  Left 
0   9   100        7905       61657      61757      387        800        1  Left 
1   12  500        7904       61457      61958      385        1000       1  Right
4   13  500        7924       61757      62258      387        2500       1  Left 
13  1   100        7838       62258      62358      390        500        1  Right
13  4   100        7893       62358      62458      391        500        1  Left 
8   0   500        7899       61958      62459      389        1500       1  Right
5   3   100        7937       62458      62559      391        900        1  Left 
12  1   100        7873       62459      62560      393        200        1  Right
12  1   100        7873       62560      62660      395        200        1  Right
2   1   100        7875       62660      62760      396        100        1  Right
10  1   100        7895       62760      62761      397        900        1  Left 
11  1   100        7926       62761      62861      397        600        1  Right
8   5   500        7903       62660      63062      396        2000       1  Right
1   12  500        7907       63062      63562      400        1000       1  Right
6   8   100        7917       63562      63662      401        800        1  Right
12  2   100        7932       63662      63762      401        300        1  Right
6   3   100        7965       63662      63763      401        500        1  Left 
9   2   100        7948       63763      63863      403        300        1  Right
1   10  500        7936       63762      64263      402        3500       1  Right
6   15  500        8010       63763      64265      403        500        1  Right
0   10  100        7943       64263      64364      405        300        1  Right
1   2   500        7951       64263      64764      405        500        1  Right
8   6   500        7943       64364      64765      407        4000       1  Right
12  0   100        7951       64765      64865      409        200        1  Right
0   8   100        7956       64865      64965      410        300        1  Right
1   11  500        7962       64764      65165      408        3000       1  Right
6   7   500        8026       64965      65466      408        3000       1  Right
11  0   100        8007       65466      65566      413        600        1  Left 
2   12  500        7960       65165      65666      412        1500       1  Right
2   1   100        7968       65666      65766      415        100        1  Right
10  1   100        7975       65766      65866      416        900        1  Left 
0   12  500        7987       65666      66167      415        1000       1  Right
11  8   100        8009       66167      66267      418        900        1  Left 
2   9   500        7989       65866      66268      417        1500       1  Right
11  1   100        8016       66267      66269      419        1000       1  Left 
1   10  500        8016       66269      66769      421        3500       1  Right
9   8   100        8040       66769      66869      418        500        1  Right
10  0   100        8059       66769      66870      418        300        1  Right
15  1   100        8043       66869      66871      419        800        1  Left 
8   4   100        8041       66870      66872      420        500        1  Right
8   5   100        8041       66872      66972      422        400        1  Right
8   6   100        8041       66972      66973      423        800        1  Right
8   7   100        8041       66973      67073      424        200        1  Right
1   11  500        8052       66871      67273      421        3000       1  Right
7   1   100        8049       67273      67373      426        300        1  Right
11  6   100        8087       67273      67374      426        100        1  Left 
7   8   100        8058       67373      67474      427        200        1  Right
1   15  500        8069       67374      67875      428        4000       1  Left 
6   8   100        8060       67875      67876      430        800        1  Right
11  1   100        8088       67875      67877      430        600        1  Right
5   8   100        8062       67876      67977      431        400        1  Right
15  2   100        8107       67877      67978      432        700        1  Left 
4   8   100        8064       67977      68078      433        500        1  Right
2   15  500        8138       67978      68479      432        3500       1  Left 
1   7   500        8095       68078      68579      435        1500       1  Right
11  0   100        8092       68479      68580      436        600        1  Left 
7   1   100        8139       68579      68581      435        300        1  Right
0   3   500        8099       68580      68982      438        5000       1  Left 
8   11  100        8100       68982      69082      440        700        1  Right
8   11  100        8101       69082      69182      441        700        1  Right
6   15  500        8153       68982      69482      438        500        1  Right
0   10  500        8105       68982      69483      440        1500       1  Right
0   7   100        8118       69483      69583      444        100        1  Right
11  8   500        8121       69182      69684      442        3500       1  Right
1   11  500        8126       69684      70184      446        3000       1  Right
3   0   100        8128       70184      70284      445        600        1  Right
13  4   100        8145       70184      70285      445        500        1  Left 
13  6   100        8146       70285      70385      447        200        1  Left 
10  0   100        8158       70285      70386      447        300        1  Right
13  6   100        8180       70385      70486      448        200        1  Left 
0   13  100        8159       70486      70586      450        700        1  Left 
3   8   500        8140       70284      70785      446        1500       1  Right
4   13  500        8176       70586      71087      451        2500       1  Left 
8   9   500        8160       70785      71286      452        2500       1  Right
6   13  500        8221       71087      71587      453        1000       1  Left 
0   10  500        8204       71087      71588      453        1500       1  Right
15  2   100        8170       71587      71687      455        700        1  Left 
1   7   500        8185       71286      71788      454        1500       1  Right
8   0   100        8196       71788      71888      458        300        1  Right
12  0   100        8204       71888      71988      459        200        1  Right
7   0   100        8233       71988      72088      459        100        1  Right
3   4   500        8175       71687      72188      457        4000       1  Left 
12  0   100        8290       72088      72189      460        200        1  Right
2   15  500        8201       72188      72689      462        3500       1  Left 
0   14  100        8207       72689      72789      464        700        1  Right
15  6   100        8230       72689      72790      463        100        1  Right
13  2   100        8210       72789      72890      465        400        1  Right
0   12  500        8240       72789      73290      464        1000       1  Right
6   11  500        8369       72790      73290      465        500        1  Left 
5   15  500        8301       72790      73291      465        1500       1  Right
13  6   100        8251       73290      73390      467        200        1  Left 
0   7   100        8252       73290      73391      467        100        1  Right
1   2   500        8213       72890      73392      467        500        1  Right
3   5   500        8224       73390      73892      470        4500       1  Left 
1   3   100        8215       73892      73992      473        200        1  Right
15  5   100        8255       73892      73993      472        300        1  Right
14  2   100        8228       73992      74092      473        200        1  Right
1   8   100        8219       73992      74093      474        100        1  Right
15  5   100        8506       73993      74095      474        300        1  Right
2   13  500        8231       74092      74593      475        2000       1  Right
1   10  500        8291       74095      74596      477        3500       1  Right
2   3   100        8250       74593      74694      478        100        1  Right
9   1   100        8249       74694      74794      480        400        1  Right
10  1   100        8250       74794      74894      481        700        1  Right
2   8   100        8254       74894      74994      482        200        1  Right
6   13  500        8440       74593      75094      478        1000       1  Left 
0   1   100        8260       74994      75094      483        400        1  Right
0   1   100        8260       75094      75194      484        400        1  Right
2   14  500        8254       74994      75495      483        1000       1  Right
6   15  500        8532       75094      75596      484        500        1  Right
8   1   500        8290       75194      75694      485        500        1  Right
0   7   500        8284       75194      75695      485        500        1  Right
2   1   100        8363       75694      75696      488        100        1  Right
5   15  500        8552       75596      75998      487        1500       1  Right
3   6   500        8259       75596      76000      487        2500       1  Left 
8   0   500        8290       75695      76100      489        1500       1  Right
1   9   500        8295       76000      76501      492        2000       1  Right
0   12  500        8326       76100      76601      493        1000       1  Right
14  8   100        8301       76501      76602      494        400        1  Right
7   0   100        8335       76601      76702      495        100        1  Right
10  0   100        8343       76702      76802      497        300        1  Right
9   0   100        8359       76802      76902      498        800        1  Left 
12  0   100        8363       76902      77002      499        200        1  Right
8   2   500        8311       76602      77103      496        1000       1  Right
0   7   500        8386       77002      77503      500        500        1  Right
8   14  500        8347       77103      77604      501        2000       1  Right
9   8   100        8361       77604      77704      503        500        1  Right
9   1   100        8368       77704      77804      504        400        1  Right
9   6   100        8461       77804      77904      505        300        1  Left 
0   10  500        8389       77503      78004      502        1500       1  Right
1   2   500        8384       77804      78305      505        500        1  Right
8   1   100        8386       78305      78405      508        100        1  Right
0   12  500        8399       78004      78505      507        1000       1  Right
8   2   100        8386       78405      78506      509        200        1  Right
0   3   500        8423       78505      79006      510        5000       1  Left 
8   14  100        8386       79006      79106      512        400        1  Right
10  0   100        8452       79006      79107      512        300        1  Right
8   11  100        8386       79106      79207      513        700        1  Right
12  0   100        8461       79107      79208      514        200        1  Right
11  1   100        8402       79207      79308      515        600        1  Right
2   1   100        8406       79308      79408      517        100        1  Right
11  8   100        8414       79308      79409      517        900        1  Left 
0   11  100        8424       79409      79509      519        600        1  Left 
1   9   500        8414       79408      79909      518        2000       1  Right
1   8   100        8424       79909      80009      521        100        1  Right
0   12  500        8497       79509      80010      520        1000       1  Right
2   8   100        8425       80009      80110      522        200        1  Right
14  8   100        8428       80110      80111      524        1200       1  Left 
14  8   100        8435       80111      80112      525        1200       1  Left 
8   9   100        8492       80112      80212      526        1100       1  Left 
8   9   100        8493       80212      80312      527        1100       1  Left 
1   2   500        8427       80110      80313      524        500        1  Right
8   14  500        8532       80312      80314      528        6000       1  Left 
2   3   500        8526       80313      80414      529        500        1  Right
7   1   100        8440       80314      80415      530        300        1  Right
1   11  500        8440       80415      80915      532        3000       1  Right
10  1   100        8454       80915      81015      533        700        1  Right
9   1   100        8462       81015      81115      534        400        1  Right
10  4   100        8587       81015      81116      534        100        1  Right
13  1   100        8463       81115      81216      535        500        1  Right
9   0   100        8466       81216      81316      537        800        1  Right
3   1   100        8466       81316      81317      538        200        1  Right
9   8   500        8503       81316      81718      538        5500       1  Left 
3   2   500        8507       81317      81818      539        500        1  Right
3   2   100        8517       81818      81918      541        100        1  Right
1   13  500        8489       81718      82219      540        5500       1  Left 
11  1   100        8495       82219      82319      543        600        1  Right
13  2   100        8527       82319      82419      544        400        1  Right
0   8   500        8513       82219      82720      543        1500       1  Right
0   5   100        8514       82720      82820      546        100        1  Right
2   13  500        8548       82419      82920      545        2000       1  Right
1   7   500        8495       82720      83221      546        1500       1  Right
6   13  500        8554       82920      83421      548        1000       1  Left 
13  2   100        8570       83421      83521      550        400        1  Right
1   10  500        8498       83221      83722      549        3500       1  Right
12  0   100        8531       83722      83822      552        200        1  Right
2   13  500        8591       83521      84022      551        2000       1  Right
13  6   100        8610       84022      84122      554        200        1  Left 
4   10  500        8613       83722      84224      552        500        1  Right
0   12  500        8567       83822      84323      553        1000       1  Right
1   9   500        8510       84022      84523      554        2000       1  Right
1   11  500        8531       84523      85023      558        3000       1  Right
5   2   100        8578       85023      85024      559        1000       1  Left 
1   0   500        8543       85023      85025      559        2000       1  Right
2   5   500        8609       85024      85026      560        5000       1  Left 
13  5   100        8635       85026      85126      562        600        1  Left 
1   0   500        8556       85025      85426      561        2000       1  Right
3   1   100        8557       85426      85526      564        200        1  Right
7   0   100        8561       85426      85527      564        100        1  Right
8   1   100        8583       85526      85627      565        100        1  Right
0   11  100        8567       85527      85628      566        600        1  Left 
14  1   100        8591       85627      85728      567        300        1  Right
11  0   100        8607       85628      85729      568        600        1  Left 
12  0   100        8612       85729      85829      570        200        1  Right
0   8   100        8614       85829      85929      571        300        1  Right
1   14  500        8612       85728      86229      569        1500       1  Right
0   7   500        8618       85929      86430      572        500        1  Right
14  0   100        8635       86430      86530      574        900        1  Left 
7   0   100        8675       86530      86630      575        100        1  Right
1   8   500        8634       86229      86730      573        500        1  Right
0   1   100        8621       86730      86830      577        400        1  Right
15  1   100        8622       86830      86930      578        800        1  Right
15  1   100        8622       86930      87030      579        800        1  Right
14  8   100        8637       87030      87130      580        400        1  Right
14  1   100        8644       87130      87230      581        300        1  Right
0   12  500        8648       87030      87531      580        1000       1  Right
5   8   100        8654       87531      87631      583        400        1  Right
1   15  500        8648       87230      87731      582        4000       1  Left 
7   1   100        8677       87731      87831      585        300        1  Right
8   9   100        8684       87831      87931      586        500        1  Right
9   8   100        8692       87931      88031      587        500        1  Right
0   11  500        8651       87731      88231      585        3000       1  Left 
14  6   100        8693       88231      88331      589        400        1  Left 
1   15  500        8651       88231      88731      589        4000       1  Right
1   14  500        8665       88731      89231      591        1500       1  Right
5   13  500        8671       88731      89232      591        3000       1  Left 
14  1   100        8694       89231      89332      592        300        1  Right
7   4   100        8783       89232      89333      591        300        1  Right
15  2   100        8671       89332      89433      594        700        1  Left 
15  0   100        8690       89433      89533      596        400        1  Right
8   14  100        8713       89433      89534      596        400        1  Right
14  0   100        8698       89534      89634      598        700        1  Right
11  0   100        8700       89634      89734      599        600        1  Left 
8   14  100        8715       89634      89735      599        400        1  Right
12  0   100        8724       89734      89835      600        200        1  Right
12  0   100        8795       89835      89935      600        200        1  Right
2   15  500        8702       89735      90236      601        3500       1  Left 
8   5   500        8803       89935      90436      601        2000       1  Right
1   14  500        8717       90236      90737      604        1500       1  Right
0   15  500        8711       90436      90937      605        2000       1  Right
0   9   100        8726       90937      91037      607        800        1  Left 
1   7   500        8735       90737      91238      604        1500       1  Right
6   9   500        8733       91037      91538      606        1500       1  Left 
4   7   500        8814       91238      91738      607        1500       1  Right
14  8   500        8749       91238      91739      607        2000       1  Right
0   11  500        8741       91738      92239      609        3000       1  Left 
1   3   500        8751       91739      92240      610        1000       1  Right
13  5   100        8886       92239      92241      610        600        1  Left 
9   1   100        8756       92240      92243      612        400        1  Right
11  1   100        8782       92243      92343      614        600        1  Right
3   15  100        8785       92343      92443      615        600        1  Left 
0   12  500        8760       92239      92642      611        1000       1  Right
0   10  100        8798       92642      92742      617        300        1  Right
0   4   100        8816       92742      92842      618        200        1  Right
10  4   100        8839       92842      92942      618        100        1  Right
1   9   500        8802       92443      92944      616        2000       1  Right
10  6   100        8840       92942      93042      619        200        1  Right
10  6   100        8849       93042      93142      621        200        1  Right
0   12  500        8831       92842      93343      618        1000       1  Right
1   11  500        8818       92944      93446      621        3000       1  Right
9   1   100        8854       93446      93546      624        400        1  Right
4   10  500        8865       93142      93643      622        500        1  Right
11  0   100        8861       93546      93647      625        1000       1  Right
12  1   100        8865       93647      93747      627        200        1  Right
4   2   100        8866       93747      93847      628        700        1  Right
0   9   100        8869       93847      93947      629        800        1  Right
1   3   100        8896       93947      94047      630        200        1  Right
4   8   100        8939       93947      94048      629        500        1  Right
6   10  500        8875       93643      94144      626        1000       1  Right
1   9   500        8902       94047      94549      631        2000       1  Right
0   11  500        8904       94144      94645      633        3000       1  Left 
10  2   100        8894       94645      94745      635        800        1  Right
5   1   100        8902       94745      94845      636        500        1  Right
6   13  500        8904       94645      95146      635        1000       1  Left 
10  6   100        8971       95146      95246      637        200        1  Right
2   4   500        8902       94845      95346      637        3500       1  Right
3   1   100        8909       95346      95446      640        200        1  Right
6   14  500        8997       95246      95747      638        2000       1  Left 
0   15  500        8964       95346      95848      639        2000       1  Right
1   0   500        8910       95848      96348      643        2000       1  Right
5   13  500        8922       95848      96349      643        3000       1  Left 
1   12  500        8935       96348      96849      643        1000       1  Right
2   10  500        8930       96349      96850      644        4000       1  Left 
1   5   500        8938       96849      97350      645        2500       1  Right
6   10  500        9119       96850      97351      646        1000       1  Right
1   13  500        9006       97350      97850      647        2500       1  Right
8   0   500        8941       97350      97851      647        1500       1  Right
15  0   100        8943       97851      97951      650        400        1  Right
12  15  100        8975       97951      98051      651        600        1  Right
1   13  500        9012       97850      98351      649        2500       1  Right
8   4   500        8975       98051      98552      652        2500       1  Right
8   4   100        9025       98552      98652      654        500        1  Right
7   4   100        9035       98652      98752      655        300        1  Right
1   11  500        9018       98351      98852      653        3000       1  Right
7   6   100        9036       98752      98853      656        600        1  Right
8   14  100        9025       98852      98953      657        400        1  Right
9   0   100        8957       98853      98954      658        800        1  Left 
11  0   100        8962       98954      99054      660        600        1  Left 
11  1   100        8964       99054      99055      661        1000       1  Left 
5   0   100        8991       99055      99155      662        100        1  Right
11  4   100        9069       99055      99156      662        400        1  Left 
5   8   100        8993       99155      99256      663        400        1  Right
2   13  500        9050       98954      99356      660        2000       1  Right
15  0   100        8997       99256      99357      665        400        1  Right
13  1   100        8977       99356      99457      666        500        1  Right
15  0   100        9040       99357      99458      667        400        1  Right
13  1   100        8977       99457      99558      668        500        1  Right
0   1   100        8997       99558      99658      670        400        1  Right
13  2   100        9029       99558      99659      670        400        1  Right
5   1   100        9000       99658      99759      671        500        1  Right
0   8   100        9009       99759      99859      673        300        1  Right
15  3   500        9082       99659      100160     672        3000       1  Left 
1   5   500        9036       99859      100360     674        2500       1  Right
14  1   100        9048       100360     100460     676        300        1  Right
7   2   100        9102       100460     100560     677        400        1  Right
0   15  500        9018       100360     100860     676        2000       1  Right
5   6   100        9097       100860     100960     679        400        1  Right
0   9   500        9020       100860     101360     679        4000       1  Right
0   14  100        9028       101360     101460     681        700        1  Right
13  0   100        9048       101460     101560     682        700        1  Left 
4   8   100        9048       101560     101660     683        500        1  Right
4   8   100        9053       101660     101760     684        500        1  Right
1   14  500        9069       101460     101961     682        1500       1  Right
14  8   100        9061       101961     102061     686        400        1  Right
3   6   100        9117       102061     102161     687        500        1  Left 
0   15  500        9061       101760     102261     685        2000       1  Right
4   7   500        9066       102261     102761     689        1500       1  Right
0   13  500        9079       102761     103261     690        3500       1  Left 
15  0   100        9083       103261     103361     691        400        1  Right
9   0   100        9088       103361     103461     692        800        1  Right
14  0   100        9096       103461     103561     693        700        1  Right
5   1   100        9098       103561     103661     694        500        1  Right
5   0   100        9102       103661     103761     695        100        1  Right
8   5   100        9107       103761     103861     696        400        1  Right
4   11  500        9090       103361     103862     692        2000       1  Left 
8   5   100        9109       103861     103863     697        400        1  Right
10  1   100        9147       103862     103864     698        900        1  Left 
5   8   500        9128       103863     104364     699        2000       1  Right
0   15  500        9114       104364     104864     701        2000       1  Right
0   7   100        9114       104864     104964     702        100        1  Right
15  12  500        9116       104864     105365     702        5000       1  Left 
3   15  100        9121       105365     105465     704        600        1  Left 
1   5   500        9136       105365     105866     704        2500       1  Right
0   14  500        9122       105866     106366     706        3500       1  Right
0   6   100        9122       106366     106466     707        500        1  Right
2   7   500        9145       106366     106867     707        2000       1  Right
0   9   500        9139       106466     106967     708        4000       1  Left 
15  0   100        9140       106967     106968     710        400        1  Right
12  6   100        9146       106967     106969     710        900        1  Left 
7   6   100        9163       106969     106970     712        1000       1  Left 
0   15  500        9161       106968     106971     711        2000       1  Right
6   7   500        9184       106970     107072     713        5000       1  Left 
14  0   100        9154       107072     107172     715        700        1  Right
6   2   100        9186       107172     107272     716        600        1  Left 
8   4   500        9168       107172     107273     716        2500       1  Right
1   10  500        9188       107272     107374     717        4500       1  Left 
0   14  500        9180       107374     107874     719        3500       1  Right
6   10  500        9248       107374     107875     718        1000       1  Right
0   14  100        9180       107874     107975     720        700        1  Right
15  0   100        9182       107975     107976     722        400        1  Right
7   6   100        9192       107975     107977     722        1000       1  Left 
14  1   100        9206       107977     108077     724        300        1  Right
9   1   100        9207       108077     108177     725        400        1  Right
0   15  500        9203       107976     108477     723        2000       1  Right
12  15  100        9228       108477     108577     727        600        1  Right
6   8   100        9278       108577     108677     727        800        1  Right
1   14  500        9227       108177     108678     726        1500       1  Right
6   7   500        9310       108677     109178     728        3000       1  Right
4   1   100        9217       109178     109278     731        600        1  Right
15  1   100        9220       109278     109279     732        800        1  Right
2   6   500        9232       109178     109280     730        3000       1  Left 
1   15  500        9246       109279     109480     732        4000       1  Right
10  2   100        9241       109480     109580     734        800        1  Right
1   4   500        9248       109580     109581     735        3000       1  Right
2   10  500        9277       109580     109582     735        4000       1  Left 
14  0   100        9250       109582     109682     737        700        1  Right
11  4   100        9321       109582     109683     737        400        1  Left 
4   0   100        9290       109683     109783     739        200        1  Right
4   8   100        9292       109783     109883     740        500        1  Right
1   9   500        9253       109682     110183     738        2000       1  Right
8   6   500        9304       109883     110384     741        4000       1  Right
15  1   100        9273       110384     110484     743        800        1  Right
11  6   100        9322       110384     110485     743        100        1  Left 
10  6   100        9329       110485     110585     744        200        1  Right
0   14  500        9276       110484     110985     744        3500       1  Right
11  2   100        9366       110985     111085     746        500        1  Right
1   0   500        9291       110985     111485     747        2000       1  Right
4   1   100        9299       111485     111585     749        600        1  Right
1   15  500        9299       111585     112085     750        4000       1  Right
13  0   100        9301       112085     112185     751        700        1  Left 
14  0   100        9308       112185     112285     752        700        1  Right
14  1   100        9310       112285     112385     753        300        1  Right
9   0   100        9316       112385     112485     754        800        1  Right
4   11  500        9342       112185     112486     751        2000       1  Left 
0   13  500        9332       112485     112786     754        4500       1  Right
15  1   100        9324       112786     112886     757        800        1  Right
15  3   100        9389       112886     112986     757        600        1  Left 
1   4   500        9331       112886     113386     757        3000       1  Right
0   5   100        9332       113386     113486     759        100        1  Right
8   5   100        9333       113486     113586     760        400        1  Right
8   6   100        9333       113586     113686     761        800        1  Right
10  5   100        9354       113686     113786     762        200        1  Right
4   6   100        9361       113786     113886     763        300        1  Right
1   14  500        9332       113386     113887     759        1500       1  Right
8   0   500        9343       113686     114187     762        1500       1  Right
1   15  500        9350       113887     114388     765        4000       1  Left 
6   8   100        9349       114388     114488     767        800        1  Right
6   8   100        9350       114488     114588     768        800        1  Right
5   8   100        9351       114588     114688     769        400        1  Right
14  4   100        9365       114588     114689     769        700        1  Left 
7   1   100        9355       114688     114789     770        300        1  Right
0   9   500        9367       114689     115190     771        4000       1  Left 
4   1   100        9362       115190     115290     773        600        1  Right
4   0   100        9366       115290     115390     774        200        1  Right
15  8   100        9393       115290     115391     774        900        1  Left 
13  0   100        9380       115391     115491     776        900        1  Right
15  3   100        9394       115491     115591     777        600        1  Left 
5   10  500        9375       115390     115891     775        1000       1  Right
6   5   500        9369       115891     116391     779        2000       1  Right
8   4   100        9382       116391     116491     780        500        1  Right
8   4   100        9384       116491     116591     781        500        1  Right
5   1   100        9392       116591     116691     782        500        1  Right
1   4   500        9395       116691     117191     783        3000       1  Right
0   1   100        9397       117191     117291     784        400        1  Right
