
345
C:/Users/nxconrad/Desktop/REU 2.0/Benchmark Data/16-core/7/flow_freqmine100#2.txt
810
[14, 15, 7, 4, 8, 9, 13, 10, 2, 12, 0, 6, 3, 5, 11, 1]
10  1   100        6420       6422       6522       0          800        1  Right
10  0   100        6422       6522       6622       1          300        1  Right
15  8   100        6469       6522       6622       0          300        1  Right
1   11  500        6440       6522       7023       0          500        1  Right
2   15  500        6428       6622       7122       1          3500       1  Right
0   3   500        6423       6622       7123       1          1000       1  Right
1   5   500        6460       7023       7525       2          1000       1  Right
8   15  500        6520       7122       7623       3          1500       1  Right
6   2   500        6435       7123       7624       4          1500       1  Right
11  1   100        6477       7525       7626       5          100        1  Right
7   8   100        6567       7623       7724       5          200        1  Right
12  0   100        6439       7624       7725       7          100        1  Right
6   1   500        6485       7626       8127       8          2000       1  Right
0   12  500        6475       7725       8128       10         500        1  Right
2   6   100        6460       8127       8130       11         1300       1  Left 
3   0   100        6455       8130       8230       13         200        1  Right
12  0   100        6513       8230       8330       14         100        1  Right
11  3   100        6551       8230       8331       13         200        1  Right
1   10  500        6461       8130       8631       13         4000       1  Left 
1   5   100        6468       8631       8731       17         200        1  Right
10  1   100        6513       8731       8831       18         800        1  Left 
2   0   500        6614       8330       8832       14         1000       1  Right
0   9   100        6526       8832       8932       19         500        1  Right
0   7   100        6527       8932       9032       20         800        1  Right
1   11  500        6513       8831       9332       19         500        1  Right
8   7   500        6588       9032       9532       21         1000       1  Right
3   13  500        6537       9032       9533       21         3000       1  Right
5   1   500        6529       9332       9834       22         1000       1  Right
0   12  500        6549       9533       10034      24         500        1  Right
1   10  500        6554       9834       10335      25         4000       1  Left 
9   3   100        6564       10335      10435      27         700        1  Right
0   8   500        6588       10435      10935      28         3000       1  Right
10  8   100        6595       10935      11035      29         300        1  Right
12  1   100        6596       10935      11036      29         600        1  Right
1   2   100        6612       11036      11136      31         700        1  Right
7   1   100        6613       11136      11236      32         300        1  Left 
8   10  500        6621       11035      11536      29         1500       1  Right
6   2   500        6677       11136      11638      31         1500       1  Right
3   9   500        6600       11536      12037      34         4500       1  Left 
1   0   100        6617       12037      12137      36         500        1  Right
1   12  500        6627       12137      12637      36         3000       1  Right
2   1   500        6633       12637      13137      37         3500       1  Right
0   1   500        6638       13137      13637      38         2500       1  Right
15  1   100        6639       13637      13737      39         200        1  Left 
10  3   100        6643       13637      13738      39         500        1  Right
9   1   100        6640       13737      13838      40         600        1  Left 
0   6   100        6672       13738      13839      41         100        1  Right
8   0   100        6648       13839      13939      43         600        1  Right
12  0   100        6660       13939      14039      44         100        1  Right
1   7   500        6664       13838      14339      42         1500       1  Left 
0   12  500        6696       14039      14540      45         500        1  Right
0   13  100        6696       14540      14640      47         400        1  Right
1   15  500        6665       14339      14840      46         1000       1  Left 
0   3   500        6752       14640      15141      48         1000       1  Right
1   9   500        6687       14840      15341      49         3000       1  Left 
2   1   100        6692       15341      15441      51         700        1  Right
15  0   100        6703       15441      15541      52         700        1  Left 
6   1   100        6705       15541      15641      53         400        1  Right
15  8   100        6705       15541      15642      53         300        1  Right
2   13  500        6746       15441      15942      52         1000       1  Right
8   0   500        6709       15642      16143      55         5000       1  Left 
7   0   100        6710       16143      16243      57         800        1  Right
15  1   100        6712       16143      16244      57         200        1  Left 
8   7   100        6757       16243      16344      58         200        1  Right
8   13  100        6757       16344      16444      60         200        1  Right
1   2   500        6713       16244      16745      59         3500       1  Right
7   1   100        6721       16745      16845      62         300        1  Left 
13  2   100        6725       16745      16846      62         200        1  Right
7   0   100        6723       16845      16847      63         800        1  Left 
8   12  100        6757       16846      16848      64         500        1  Right
9   0   100        6733       16848      16948      66         500        1  Right
12  0   100        6738       16948      17048      67         100        1  Right
1   15  500        6738       16847      17348      65         1000       1  Left 
8   11  100        6757       17348      17448      69         600        1  Left 
8   10  100        6757       17448      17548      70         300        1  Right
6   2   500        6747       17048      17549      68         1500       1  Right
8   9   100        6757       17548      17649      71         100        1  Right
12  1   100        6740       17549      17650      72         600        1  Right
9   1   100        6744       17650      17750      74         600        1  Left 
5   2   500        6846       17650      18151      74         2500       1  Right
9   0   100        6746       18151      18251      76         500        1  Right
0   8   100        6761       18251      18351      77         600        1  Right
7   8   100        6765       18351      18451      78         200        1  Right
9   8   100        6780       18451      18551      79         100        1  Right
10  8   100        6782       18551      18651      80         300        1  Right
1   6   500        6746       18151      18652      76         2000       1  Right
10  2   100        7037       18651      18752      80         100        1  Right
15  6   100        6763       18652      18753      82         600        1  Left 
15  1   100        6764       18753      18853      84         200        1  Left 
11  8   100        6784       18753      18854      84         1000       1  Right
12  8   100        6786       18854      18954      86         500        1  Right
13  8   100        6788       18954      19054      87         200        1  Right
2   6   100        6790       18954      19055      87         300        1  Right
13  8   100        6796       19054      19155      88         200        1  Right
2   5   100        6815       19055      19156      89         500        1  Right
12  4   100        6821       19156      19256      91         600        1  Right
1   7   500        6767       18853      19354      85         1500       1  Left 
15  0   100        6768       19354      19454      93         700        1  Left 
1   12  500        6774       19454      19954      94         3000       1  Right
15  8   500        6875       19454      19955      94         1500       1  Right
3   0   100        6786       19954      20055      95         200        1  Right
1   9   500        6790       19955      20456      96         3000       1  Left 
3   11  500        6838       20055      20556      97         1000       1  Right
4   12  500        6847       20456      20956      98         3000       1  Right
1   15  500        6792       20456      20957      98         1000       1  Left 
7   1   100        6818       20957      21057      101        300        1  Left 
8   15  100        6829       21057      21157      102        300        1  Right
8   15  100        6837       21157      21257      103        300        1  Right
9   1   100        6846       21257      21357      104        600        1  Left 
3   10  500        6935       20956      21457      100        2500       1  Right
8   13  500        6934       21357      21857      105        1000       1  Right
1   7   500        6864       21357      21858      105        1500       1  Left 
1   0   100        6870       21858      21958      108        500        1  Right
14  8   100        6908       21858      21959      108        400        1  Right
7   8   100        6910       21959      22059      110        200        1  Right
1   9   500        6892       21958      22459      109        5000       1  Right
8   7   500        6935       22059      22560      111        1000       1  Right
9   8   100        6938       22560      22660      113        100        1  Right
0   1   500        6896       22459      22960      112        2500       1  Right
14  3   100        6912       22960      23060      115        400        1  Left 
1   0   100        6929       23060      23160      116        500        1  Right
3   14  500        6943       23160      23660      117        2000       1  Left 
0   1   500        6950       23660      24160      118        2500       1  Right
8   14  500        6954       23660      24161      118        2000       1  Right
1   0   100        6972       24160      24261      119        500        1  Right
7   3   100        6962       24261      24361      121        600        1  Left 
3   4   100        6998       24361      24461      122        700        1  Left 
3   5   100        6998       24461      24561      123        100        1  Right
3   6   100        6998       24561      24661      124        100        1  Right
8   9   500        6959       24161      24662      120        500        1  Right
1   0   100        7014       24661      24762      125        500        1  Right
9   3   100        6984       24762      24862      127        700        1  Right
2   5   100        7066       24862      24962      127        500        1  Right
8   4   500        7011       24662      25163      126        500        1  Right
1   14  500        7027       24762      25264      126        500        1  Left 
3   7   100        7054       25264      25364      130        600        1  Left 
0   8   500        6971       25163      25664      130        3000       1  Right
0   10  100        6974       25664      25764      133        300        1  Right
4   8   100        6975       25664      25765      133        100        1  Right
12  4   100        7073       25765      25865      134        600        1  Right
0   1   500        6993       25764      26265      134        2500       1  Right
0   10  100        6998       26265      26365      137        300        1  Right
14  1   100        7006       26265      26366      137        100        1  Left 
4   3   100        7008       26365      26466      138        900        1  Right
0   15  100        7011       26466      26566      140        700        1  Left 
5   3   100        7015       26566      26666      141        100        1  Right
0   12  100        7067       26566      26666      140        100        1  Right
13  1   100        7032       26566      26667      140        700        1  Left 
6   3   100        7023       26666      26767      141        100        1  Right
14  1   100        7048       26667      26768      142        100        1  Left 
12  6   100        7074       26767      26868      143        200        1  Right
2   10  500        7073       26466      26967      139        500        1  Right
1   13  500        7058       26768      27270      144        3500       1  Left 
0   3   500        7078       26868      27369      145        1000       1  Right
14  1   100        7061       27270      27371      147        100        1  Left 
4   12  500        7099       27270      27771      147        3000       1  Right
8   0   100        7028       27771      27871      150        600        1  Right
6   15  500        7065       27371      27872      149        3000       1  Left 
14  0   100        7063       27872      27972      152        600        1  Left 
1   14  500        7069       27972      28472      153        500        1  Left 
6   2   500        7077       27972      28473      153        1500       1  Right
13  0   100        7086       28473      28573      155        400        1  Right
0   15  100        7086       28573      28673      156        900        1  Right
13  8   100        7088       28673      28773      157        200        1  Right
12  6   100        7097       28673      28774      157        200        1  Right
10  8   100        7119       28773      28874      158        300        1  Right
1   14  500        7082       28472      28973      154        500        1  Left 
7   8   100        7141       28874      28974      158        200        1  Right
9   8   100        7150       28974      29074      160        100        1  Right
4   8   100        7153       29074      29174      161        100        1  Right
5   2   500        7097       28774      29276      159        2500       1  Right
12  2   100        7128       29276      29376      163        100        1  Right
0   1   500        7093       29276      29776      165        2500       1  Right
13  1   100        7095       29776      29876      167        700        1  Left 
15  1   100        7100       29876      29976      168        200        1  Left 
14  1   100        7104       29976      30076      169        100        1  Left 
15  1   100        7118       30076      30176      170        200        1  Left 
14  3   100        7158       30176      30276      169        400        1  Left 
6   12  500        7133       29776      30277      165        1000       1  Right
8   0   500        7098       30277      30777      173        3000       1  Right
3   0   100        7107       30777      30877      174        200        1  Right
8   4   100        7130       30777      30878      172        100        1  Right
1   0   100        7121       30877      30978      174        500        1  Right
8   7   100        7130       30878      30979      174        200        1  Right
1   13  500        7121       30978      31479      176        4500       1  Right
13  6   100        7149       31479      31579      177        500        1  Right
12  6   100        7186       31579      31679      178        200        1  Right
1   14  500        7125       31479      31979      177        500        1  Left 
1   15  500        7127       31979      32479      180        1000       1  Left 
8   15  100        7130       32479      32579      181        300        1  Right
8   14  100        7130       32579      32679      182        400        1  Right
8   9   100        7130       32679      32779      183        100        1  Right
0   1   500        7142       32479      32980      181        2500       1  Right
0   8   100        7155       32980      33080      185        600        1  Right
1   15  500        7144       32980      33480      185        1000       1  Left 
14  8   100        7172       33480      33580      187        400        1  Right
3   9   500        7281       33080      33581      186        3500       1  Right
15  8   100        7174       33580      33681      188        300        1  Right
13  1   100        7150       33581      33682      189        900        1  Right
13  0   100        7154       33682      33782      191        400        1  Right
2   1   100        7155       33782      33882      192        700        1  Right
2   1   100        7155       33882      33982      193        700        1  Right
1   0   100        7163       33982      34082      194        500        1  Right
15  0   100        7189       34082      34182      195        700        1  Left 
13  8   500        7256       33782      34283      192        1000       1  Right
2   12  500        7155       33982      34483      194        500        1  Right
0   15  500        7210       34182      34683      196        3500       1  Left 
1   2   500        7176       34683      35183      199        3500       1  Right
2   0   100        7221       35183      35283      200        200        1  Right
1   13  500        7178       35183      35683      200        3500       1  Left 
6   12  500        7363       35283      35784      201        1000       1  Right
1   2   500        7179       35683      36184      202        4500       1  Left 
8   13  100        7225       36184      36284      204        200        1  Right
15  0   100        7231       36184      36285      204        700        1  Left 
8   13  100        7227       36284      36385      205        200        1  Right
15  1   100        7279       36285      36385      206        200        1  Left 
0   2   500        7247       36285      36786      206        1000       1  Right
8   10  500        7305       36385      36886      207        1500       1  Right
7   2   100        7338       36886      36887      209        600        1  Right
0   15  500        7252       36786      37188      208        3500       1  Left 
0   11  100        7277       37188      37288      211        400        1  Right
0   7   100        7300       37288      37388      212        800        1  Right
1   15  500        7305       37188      37689      211        1000       1  Left 
0   8   500        7350       37388      37889      213        3000       1  Right
15  0   100        7333       37889      37890      215        700        1  Left 
2   7   500        7379       37889      37891      215        3000       1  Right
0   15  500        7354       37890      37991      216        3500       1  Left 
7   8   100        7430       37891      37992      217        200        1  Right
4   8   100        7438       37992      38092      219        100        1  Right
0   1   500        7365       37991      38492      218        2500       1  Right
12  1   100        7381       38492      38592      221        600        1  Right
15  0   100        7388       38592      38692      222        700        1  Left 
12  2   100        7458       38592      38693      222        100        1  Right
15  1   100        7390       38692      38793      223        200        1  Left 
10  1   100        7399       38793      38893      225        800        1  Left 
0   3   500        7399       38692      39193      223        1000       1  Right
1   12  500        7412       38893      39394      226        5000       1  Left 
0   13  100        7404       39394      39494      228        400        1  Right
8   0   100        7408       39494      39594      229        600        1  Right
3   0   100        7431       39594      39694      230        200        1  Right
1   15  500        7417       39394      39895      228        1000       1  Left 
8   7   500        7451       39594      40096      230        1000       1  Right
6   13  500        7441       39694      40195      231        2500       1  Right
15  4   100        7453       40096      40196      233        200        1  Right
3   14  500        7450       39895      40396      232        2000       1  Left 
3   7   100        7463       40396      40496      236        600        1  Left 
8   4   500        7474       40196      40696      235        500        1  Right
6   12  500        7463       40195      40697      234        1000       1  Right
2   0   100        7474       40697      40797      239        200        1  Right
1   10  500        7440       40696      41197      238        4000       1  Left 
4   3   100        7442       41197      41297      241        700        1  Left 
2   12  500        7484       40797      41298      240        500        1  Right
0   13  100        7473       41297      41398      242        1200       1  Left 
5   8   100        7481       41398      41498      244        700        1  Left 
10  0   100        7483       41398      41499      244        300        1  Right
6   8   100        7483       41498      41599      245        900        1  Left 
5   3   100        7485       41599      41699      247        100        1  Right
10  8   100        7485       41599      41700      247        300        1  Right
0   2   500        7500       41499      42000      246        1000       1  Right
4   15  500        7494       41599      42101      247        1000       1  Right
8   0   500        7485       42000      42501      250        3000       1  Right
7   3   500        7486       42101      42502      251        3000       1  Left 
8   6   500        7509       42501      42902      252        3500       1  Right
6   3   100        7487       42902      43002      254        100        1  Right
2   0   100        7538       42902      43002      253        200        1  Right
13  1   100        7489       42902      43003      254        700        1  Left 
10  1   100        7492       43003      43103      256        800        1  Right
7   3   100        7494       43103      43203      257        600        1  Left 
0   8   100        7544       43103      43204      256        600        1  Right
7   1   100        7540       43203      43304      257        300        1  Left 
8   5   500        7512       43204      43705      259        4500       1  Right
8   4   100        7512       43705      43805      261        100        1  Right
13  0   100        7547       43705      43806      260        400        1  Right
8   5   100        7512       43805      43906      262        700        1  Left 
8   6   100        7512       43906      44006      264        900        1  Left 
8   7   100        7512       44006      44106      265        200        1  Right
8   13  100        7512       44106      44206      266        200        1  Right
0   2   500        7564       43806      44307      262        1000       1  Right
12  6   100        7516       44307      44407      268        200        1  Right
2   0   100        7591       44407      44507      268        200        1  Right
3   4   500        7536       44106      44608      265        3500       1  Left 
1   13  500        7515       44608      45108      271        3500       1  Left 
3   5   500        7537       44608      45109      270        500        1  Right
1   10  500        7538       45108      45609      271        4000       1  Left 
3   6   500        7538       45109      45610      272        500        1  Right
12  5   100        7541       45609      45710      273        1200       1  Left 
3   4   100        7547       45710      45810      275        700        1  Left 
3   5   100        7547       45810      45910      276        100        1  Right
7   8   100        7548       45810      45911      276        200        1  Right
3   6   100        7547       45910      46011      277        100        1  Right
6   8   100        7550       46011      46012      279        900        1  Left 
0   13  500        7578       45710      46112      275        2000       1  Right
5   8   100        7552       46012      46113      280        700        1  Left 
10  6   100        7590       46112      46213      281        400        1  Right
4   8   100        7554       46113      46214      282        100        1  Right
4   1   100        7561       46214      46314      284        400        1  Left 
13  8   100        7571       46214      46315      284        200        1  Right
8   10  100        7612       46315      46415      286        300        1  Right
7   8   100        7640       46415      46515      284        200        1  Right
5   12  500        7572       46213      46714      283        2000       1  Right
5   1   100        7577       46714      46814      289        200        1  Right
0   7   100        7579       46714      46815      289        800        1  Right
4   3   100        7592       46815      46915      291        900        1  Right
5   3   100        7598       46915      47015      292        100        1  Right
0   11  100        7603       47015      47115      293        400        1  Right
1   7   500        7586       46815      47315      291        1500       1  Left 
10  1   100        7591       47315      47415      295        800        1  Left 
0   2   500        7617       47115      47616      294        1000       1  Right
10  0   100        7595       47616      47716      297        300        1  Right
13  0   100        7609       47716      47816      298        400        1  Right
1   4   500        7596       47415      47817      296        2000       1  Left 
11  2   100        7642       47816      47818      296        600        1  Right
6   1   100        7606       47818      47918      301        400        1  Right
6   3   100        7606       47918      48018      302        100        1  Right
10  8   500        7674       47816      48218      296        1500       1  Right
3   7   100        7640       48218      48318      301        1000       1  Right
1   5   500        7619       47918      48420      302        1000       1  Right
4   1   100        7639       48420      48520      303        400        1  Left 
4   1   100        7652       48520      48620      304        400        1  Left 
11  8   100        7718       48620      48720      305        600        1  Left 
0   13  500        7642       48318      48819      302        2000       1  Right
1   10  500        7634       48819      49319      307        4000       1  Right
7   0   100        7644       49319      49419      308        800        1  Right
2   0   100        7650       49419      49519      309        200        1  Right
8   10  100        7661       49419      49520      309        300        1  Right
1   6   500        7647       49319      49820      308        2000       1  Right
7   1   100        7653       49820      49920      312        300        1  Left 
5   1   100        7658       49920      50020      313        200        1  Right
0   2   500        7677       49519      50021      310        1000       1  Right
7   8   100        7727       49920      50022      311        200        1  Right
5   1   100        7671       50020      50121      314        200        1  Right
4   0   100        7654       50022      50123      316        700        1  Right
5   0   100        7673       50123      50223      318        300        1  Right
10  8   100        7761       50123      50224      316        300        1  Right
1   4   500        7670       50123      50623      318        2000       1  Left 
13  1   100        7676       50623      50624      321        700        1  Left 
2   11  500        7673       50223      50626      319        3000       1  Right
2   0   100        7714       50626      50726      323        200        1  Right
1   4   500        7683       50624      51125      322        2000       1  Left 
15  4   100        7705       51125      51225      325        200        1  Right
15  6   100        7706       51225      51325      326        1000       1  Right
0   15  100        7712       51325      51425      327        900        1  Right
15  6   100        7720       51425      51525      328        1000       1  Right
1   5   500        7694       51125      51625      325        1000       1  Right
0   3   500        7723       51525      52026      328        1000       1  Right
1   7   500        7699       51625      52126      330        1500       1  Left 
6   1   100        7702       52126      52226      332        400        1  Right
6   1   100        7715       52226      52326      333        400        1  Right
0   2   500        7740       52026      52527      329        1000       1  Right
8   7   500        7708       52126      52628      332        1000       1  Right
1   13  500        7703       52527      53028      335        4500       1  Right
6   0   100        7717       53028      53128      337        100        1  Right
8   10  100        7748       53028      53129      335        300        1  Right
13  0   100        7758       53129      53229      337        400        1  Right
8   7   100        7787       53129      53230      337        200        1  Right
0   8   100        7763       53230      53330      339        600        1  Right
8   7   100        7789       53330      53430      340        200        1  Right
1   5   500        7714       53028      53528      337        1000       1  Right
4   1   100        7729       53528      53628      342        400        1  Left 
0   13  500        7789       53330      53832      340        2000       1  Right
4   15  500        7746       53628      54128      343        1000       1  Right
1   6   500        7743       53628      54129      343        2000       1  Right
15  2   100        7790       54128      54229      345        700        1  Right
1   6   500        7756       54129      54630      346        2000       1  Right
0   2   500        7806       54229      54730      347        1000       1  Right
12  5   100        7792       54730      54830      349        400        1  Right
0   10  100        7816       54830      54930      350        300        1  Right
1   4   500        7762       54630      54931      348        2000       1  Left 
8   11  500        7827       54930      54932      351        5000       1  Right
8   3   100        7828       54932      55032      353        800        1  Right
0   9   100        7881       55032      55132      354        500        1  Right
1   7   500        7823       54931      55133      352        1500       1  Left 
0   9   100        7905       55132      55134      355        500        1  Right
7   6   100        7764       55133      55136      356        700        1  Left 
7   1   100        7765       55136      55236      358        300        1  Left 
7   0   100        7769       55236      55336      359        800        1  Left 
8   4   500        7860       55032      55435      354        500        1  Right
2   0   100        7780       55336      55436      360        200        1  Right
6   15  500        7771       55336      55837      360        3000       1  Left 
7   8   500        7798       55435      55937      361        1000       1  Right
5   1   100        7789       55837      55938      363        200        1  Right
6   12  500        7804       55837      56338      363        1000       1  Right
2   15  500        7821       55937      56438      364        3500       1  Right
3   0   100        7807       56338      56438      366        200        1  Right
1   5   500        7826       55938      56439      365        1000       1  Right
13  0   100        7836       56438      56538      367        400        1  Right
4   8   100        7824       56438      56539      367        100        1  Right
6   1   100        7824       56439      56541      368        400        1  Right
15  6   100        7851       56541      56641      371        600        1  Left 
4   3   100        7892       56641      56642      372        700        1  Left 
8   0   500        7899       56539      56941      370        3000       1  Right
2   1   100        7828       56941      56942      374        900        1  Left 
13  1   100        7838       56942      57042      375        700        1  Left 
5   12  500        7823       56941      57043      374        2000       1  Right
1   2   500        7853       57042      57244      376        4500       1  Left 
1   13  500        7865       57244      57744      378        3500       1  Left 
6   10  500        7867       57244      57745      378        2000       1  Right
5   8   100        7872       57744      57845      379        700        1  Left 
13  4   100        7893       57845      57945      381        300        1  Right
1   6   500        7870       57845      58345      381        2000       1  Right
12  1   100        7873       58345      58445      383        600        1  Right
4   13  500        7924       57945      58446      382        1500       1  Right
12  1   100        7873       58445      58546      384        600        1  Right
2   1   100        7875       58546      58646      386        700        1  Right
10  1   100        7895       58646      58746      387        800        1  Right
12  2   100        7932       58746      58846      388        100        1  Right
9   2   100        7948       58846      58946      389        300        1  Right
12  0   100        7951       58846      58947      389        100        1  Right
8   5   500        7903       58746      59246      388        3500       1  Left 
1   12  500        7904       59246      59746      392        3000       1  Right
1   12  500        7907       59746      60246      393        3000       1  Right
6   8   100        7917       60246      60346      394        700        1  Right
5   3   100        7937       60246      60346      394        100        1  Right
11  1   100        7926       60246      60347      394        100        1  Right
8   6   500        7943       60346      60847      395        3500       1  Right
8   4   100        8041       60847      60947      397        100        1  Right
13  4   100        8145       60947      61047      395        300        1  Right
1   10  500        7936       60847      61347      397        4000       1  Right
0   10  100        7943       61347      61447      400        300        1  Right
8   5   100        8041       61347      61447      400        700        1  Left 
6   3   100        7965       61347      61448      400        100        1  Right
11  0   100        8007       61448      61449      402        400        1  Right
1   2   500        7951       61447      61849      401        4500       1  Left 
0   8   100        7956       61849      61949      404        600        1  Right
1   11  500        7962       61849      62350      404        500        1  Right
2   12  500        7960       61949      62450      405        500        1  Right
11  8   100        8009       62350      62451      406        600        1  Left 
2   1   100        7968       62451      62551      408        900        1  Left 
10  1   100        7975       62551      62651      409        800        1  Left 
0   12  500        7987       62450      62951      407        500        1  Right
6   15  500        8010       62651      63151      410        3000       1  Left 
2   9   500        7989       62651      63152      410        1500       1  Right
11  1   100        8016       63151      63252      412        100        1  Right
9   8   100        8040       63152      63252      413        100        1  Right
0   3   500        8099       63151      63652      412        1000       1  Right
1   10  500        8016       63252      63753      414        4000       1  Left 
10  0   100        8059       63753      63853      416        300        1  Right
6   7   500        8026       63753      64253      416        3500       1  Left 
8   6   100        8041       64253      64353      418        900        1  Left 
0   10  500        8105       63853      64354      417        1500       1  Right
15  1   100        8043       64353      64453      419        200        1  Left 
8   7   100        8041       64353      64454      419        200        1  Right
11  6   100        8087       64353      64455      419        300        1  Right
7   1   100        8049       64454      64555      422        300        1  Left 
13  6   100        8146       64455      64556      420        500        1  Right
7   8   100        8058       64555      64655      424        200        1  Right
13  6   100        8180       64556      64657      422        500        1  Right
6   8   100        8060       64657      64757      427        700        1  Right
5   8   100        8062       64757      64857      428        900        1  Right
4   8   100        8064       64857      64957      429        100        1  Right
1   11  500        8052       64555      65056      424        500        1  Right
15  2   100        8107       64957      65058      430        700        1  Right
11  1   100        8088       65056      65157      431        100        1  Right
15  2   100        8170       65058      65159      429        700        1  Right
11  0   100        8092       65157      65258      433        400        1  Right
13  2   100        8210       65159      65259      431        200        1  Right
3   0   100        8128       65258      65359      433        200        1  Right
8   11  100        8100       65359      65459      437        1000       1  Right
8   11  100        8101       65459      65559      438        1000       1  Right
1   15  500        8069       65159      65660      434        1000       1  Left 
11  8   500        8121       65559      65661      439        5000       1  Right
1   7   500        8095       65660      65762      440        1500       1  Left 
3   8   500        8140       65661      66162      438        4000       1  Right
0   7   100        8118       66162      66262      443        800        1  Right
1   11  500        8126       65762      66263      441        500        1  Right
2   15  500        8138       66262      66763      441        3500       1  Right
7   1   100        8139       66763      66863      443        300        1  Left 
10  0   100        8158       66763      66864      443        300        1  Right
0   13  100        8159       66864      66964      445        400        1  Right
8   9   500        8160       66763      67264      443        500        1  Right
6   15  500        8153       66863      67265      444        3000       1  Left 
0   10  500        8204       66964      67366      446        1500       1  Right
4   13  500        8176       67264      67666      447        1500       1  Right
1   7   500        8185       67265      67766      448        1500       1  Left 
3   4   500        8175       67666      68167      450        4500       1  Right
8   0   100        8196       68167      68267      452        600        1  Right
12  0   100        8204       68267      68367      453        100        1  Right
3   5   500        8224       68167      68668      452        500        1  Right
2   15  500        8201       68267      68669      453        3500       1  Right
0   14  100        8207       68668      68670      455        600        1  Left 
1   2   500        8213       68670      69170      457        3500       1  Right
1   3   100        8215       69170      69270      458        300        1  Right
1   8   100        8219       69270      69370      459        500        1  Left 
9   1   100        8249       69370      69470      459        600        1  Left 
6   13  500        8221       69170      69671      458        2500       1  Right
5   15  500        8301       69470      69971      460        2000       1  Left 
15  6   100        8230       69971      70071      462        600        1  Left 
0   12  500        8240       69671      70171      461        500        1  Right
2   13  500        8231       69671      70172      461        1000       1  Right
15  5   100        8255       70071      70173      463        400        1  Left 
7   0   100        8233       70172      70273      465        800        1  Right
14  2   100        8228       70273      70274      468        800        1  Right
12  0   100        8290       70273      70275      467        100        1  Right
10  1   100        8250       70274      70375      468        800        1  Left 
0   7   100        8252       70375      70475      470        800        1  Right
6   11  500        8369       70173      70476      464        1500       1  Right
0   1   100        8260       70475      70477      471        1100       1  Left 
2   3   100        8250       70477      70577      473        400        1  Right
1   10  500        8291       70477      70978      473        4000       1  Left 
13  6   100        8251       70978      71078      475        500        1  Right
1   9   500        8295       70978      71479      475        3000       1  Left 
3   6   500        8259       71078      71579      476        500        1  Right
15  5   100        8506       71479      71579      475        400        1  Left 
2   8   100        8254       71479      71580      477        400        1  Right
0   1   100        8260       71579      71581      478        500        1  Right
2   14  500        8254       71580      71982      479        4000       1  Right
0   7   500        8284       71982      72482      481        4000       1  Right
8   1   500        8290       72482      72982      482        2500       1  Left 
0   12  500        8326       72482      72983      482        500        1  Right
14  8   100        8301       72982      73083      483        400        1  Right
2   1   100        8363       72983      73084      482        700        1  Right
8   0   500        8290       73084      73584      486        3000       1  Right
7   0   100        8335       73584      73684      485        800        1  Left 
8   2   500        8311       73584      74084      487        2000       1  Right
0   7   500        8386       73684      74185      486        4000       1  Left 
10  0   100        8343       74185      74285      488        300        1  Right
9   0   100        8359       74285      74385      489        500        1  Right
12  0   100        8363       74385      74485      490        100        1  Right
8   14  500        8347       74185      74686      488        2000       1  Right
9   8   100        8361       74686      74786      492        100        1  Right
1   2   500        8384       74485      74986      491        3500       1  Right
9   1   100        8368       74986      75086      494        600        1  Left 
8   1   100        8386       75086      75186      495        500        1  Left 
11  1   100        8402       75186      75286      496        100        1  Right
0   10  500        8389       74986      75487      494        1500       1  Right
1   9   500        8414       75286      75787      497        3000       1  Left 
8   2   100        8386       75787      75887      499        400        1  Right
8   14  100        8386       75887      75987      500        400        1  Right
0   12  500        8399       75487      75988      498        500        1  Right
8   11  100        8386       75987      76088      501        600        1  Left 
2   1   100        8406       76088      76188      503        900        1  Left 
11  8   100        8414       76188      76288      504        600        1  Left 
1   8   100        8424       76288      76388      505        500        1  Left 
2   8   100        8425       76388      76488      506        400        1  Right
0   3   500        8423       75988      76489      502        1000       1  Right
7   1   100        8440       76388      76490      506        300        1  Left 
8   9   100        8492       76488      76589      507        100        1  Right
0   11  100        8424       76489      76590      508        400        1  Right
1   2   500        8427       76589      77090      510        4500       1  Left 
0   12  500        8497       76590      77091      511        500        1  Right
14  8   100        8428       77090      77191      512        400        1  Right
14  8   100        8435       77191      77291      514        400        1  Right
8   9   100        8493       77291      77391      515        100        1  Right
1   11  500        8440       77090      77591      512        500        1  Right
6   13  500        8440       77091      77592      513        2500       1  Right
10  0   100        8452       77592      77692      518        300        1  Right
10  1   100        8454       77692      77792      519        800        1  Right
8   14  500        8532       77391      77892      516        2000       1  Right
9   6   100        8461       77792      77893      520        600        1  Right
12  0   100        8461       77893      77993      522        100        1  Right
9   1   100        8462       77893      77994      522        600        1  Left 
13  1   100        8463       77994      78094      524        700        1  Left 
2   3   500        8526       77993      78494      523        2000       1  Right
1   13  500        8489       78094      78595      525        3500       1  Left 
9   0   100        8466       78595      78695      527        500        1  Right
3   1   100        8466       78595      78696      527        300        1  Right
12  0   100        8531       78695      78795      528        100        1  Right
11  1   100        8495       78696      78796      529        100        1  Right
9   8   500        8503       78695      79196      528        500        1  Right
2   13  500        8548       78695      79197      528        1000       1  Right
1   7   500        8495       78796      79297      531        1500       1  Left 
10  4   100        8587       79197      79297      533        400        1  Right
3   2   500        8507       79197      79698      533        2000       1  Right
1   10  500        8498       79297      79798      534        4000       1  Left 
3   2   100        8517       79698      79799      535        400        1  Right
13  2   100        8527       79799      79899      537        200        1  Right
13  2   100        8570       79899      79999      538        200        1  Right
13  6   100        8610       79999      80099      539        500        1  Right
1   9   500        8510       79798      80299      536        3000       1  Left 
0   8   500        8513       80299      80799      541        3000       1  Right
1   11  500        8531       80299      80800      541        500        1  Right
0   5   100        8514       80799      80900      542        300        1  Right
4   10  500        8613       80799      81300      542        2000       1  Right
0   12  500        8567       80900      81400      544        500        1  Right
6   15  500        8532       80900      81401      544        3000       1  Left 
1   0   500        8543       81401      81901      547        2500       1  Right
5   15  500        8552       81901      82401      548        2000       1  Left 
6   13  500        8554       81901      82402      548        2500       1  Right
3   1   100        8557       82401      82502      549        300        1  Right
2   13  500        8591       82402      82903      550        1000       1  Right
1   0   500        8556       82502      83003      551        2500       1  Right
7   0   100        8561       83003      83103      553        800        1  Right
0   11  100        8567       83103      83203      554        400        1  Right
5   2   100        8578       83203      83303      555        500        1  Right
11  0   100        8607       83303      83403      556        400        1  Right
1   14  500        8612       83003      83504      553        500        1  Left 
8   1   100        8583       83504      83604      558        500        1  Left 
14  1   100        8591       83604      83704      559        100        1  Left 
8   9   100        8684       83604      83705      558        100        1  Right
2   5   500        8609       83403      83904      557        2500       1  Right
12  0   100        8612       83904      84004      562        100        1  Right
13  5   100        8635       83904      84005      561        900        1  Left 
0   8   100        8614       84005      84105      564        600        1  Right
0   7   500        8618       84105      84605      565        4000       1  Right
0   1   100        8621       84605      84705      566        500        1  Right
15  1   100        8622       84705      84805      567        200        1  Left 
15  1   100        8622       84805      84905      568        200        1  Left 
0   12  500        8648       84705      85206      566        500        1  Right
1   8   500        8634       84905      85406      568        2500       1  Left 
0   11  500        8651       85206      85707      569        2000       1  Right
1   15  500        8648       85406      85907      570        1000       1  Left 
14  0   100        8635       85907      85908      572        600        1  Left 
15  2   100        8671       85907      85909      572        700        1  Right
14  8   100        8637       85909      86009      574        400        1  Right
14  1   100        8644       86009      86109      575        100        1  Left 
5   8   100        8654       86009      86110      575        900        1  Right
9   8   100        8692       86110      86210      577        100        1  Right
1   15  500        8651       86109      86610      576        1000       1  Left 
5   13  500        8671       86110      86611      577        3500       1  Right
7   0   100        8675       86611      86711      580        800        1  Right
15  0   100        8690       86711      86811      581        900        1  Right
1   14  500        8665       86610      87111      579        500        1  Left 
14  6   100        8693       87111      87211      583        500        1  Left 
2   15  500        8702       86811      87312      582        3500       1  Right
7   1   100        8677       87312      87412      585        300        1  Left 
14  1   100        8694       87412      87512      586        100        1  Left 
0   15  500        8711       87412      87913      586        4500       1  Right
14  0   100        8698       87913      88013      588        600        1  Left 
7   4   100        8783       87913      88014      587        100        1  Right
11  0   100        8700       88013      88114      589        400        1  Right
8   14  100        8713       88014      88115      590        400        1  Right
12  0   100        8724       88114      88215      591        100        1  Right
8   14  100        8715       88115      88216      592        400        1  Right
0   9   100        8726       88215      88316      593        500        1  Right
1   14  500        8717       88216      88717      594        500        1  Left 
6   9   500        8733       88316      88817      594        3000       1  Right
1   7   500        8735       88717      89218      595        1500       1  Left 
0   11  500        8741       88817      89318      596        2000       1  Right
14  8   500        8749       89218      89719      597        2000       1  Right
0   12  500        8760       89318      89818      598        500        1  Right
1   3   500        8751       89318      89819      598        1500       1  Right
12  0   100        8795       89818      89918      600        100        1  Right
3   15  100        8785       89819      89920      601        500        1  Left 
0   10  100        8798       89918      90019      602        300        1  Right
9   1   100        8756       90019      90119      604        1000       1  Right
11  1   100        8782       90119      90219      605        100        1  Right
4   7   500        8814       89719      90221      599        500        1  Right
8   5   500        8803       90119      90621      605        4500       1  Right
11  0   100        8861       90621      90721      606        400        1  Right
13  5   100        8886       90721      90722      607        700        1  Right
1   9   500        8802       90621      91022      608        3000       1  Left 
0   4   100        8816       91022      91122      611        700        1  Right
10  4   100        8839       91122      91222      610        400        1  Right
1   11  500        8818       91022      91523      611        500        1  Right
0   12  500        8831       91122      91623      610        500        1  Right
1   3   100        8896       91523      91623      612        300        1  Right
4   10  500        8865       91222      91723      611        2000       1  Right
10  6   100        8840       91723      91823      614        400        1  Right
9   1   100        8854       91723      91824      614        600        1  Left 
10  6   100        8849       91823      91924      615        400        1  Right
12  1   100        8865       91924      92024      617        600        1  Right
4   2   100        8866       91924      92025      617        500        1  Right
5   1   100        8902       92024      92125      618        200        1  Right
4   8   100        8939       92025      92125      618        100        1  Right
0   9   100        8869       92025      92126      619        500        1  Right
3   1   100        8909       92125      92226      620        300        1  Right
6   10  500        8875       92126      92627      621        2000       1  Right
1   9   500        8902       92226      92727      622        3000       1  Left 
10  2   100        8894       92627      92728      623        100        1  Right
0   11  500        8904       92627      93128      623        2000       1  Right
2   4   500        8902       92728      93229      625        2500       1  Right
1   0   500        8910       93128      93629      626        2500       1  Right
2   10  500        8930       93229      93730      627        500        1  Right
6   13  500        8904       93629      94130      628        5500       1  Left 
5   13  500        8922       94130      94630      630        3500       1  Right
1   12  500        8935       94630      95130      630        3000       1  Right
1   5   500        8938       95130      95630      631        1000       1  Right
8   0   500        8941       95130      95631      631        3000       1  Right
15  0   100        8943       95631      95632      633        900        1  Right
9   0   100        8957       95632      95732      634        500        1  Right
6   14  500        8997       95630      96032      632        2500       1  Left 
11  0   100        8962       96032      96132      636        400        1  Right
8   4   500        8975       95632      96134      634        500        1  Right
10  6   100        8971       96132      96232      637        400        1  Right
11  1   100        8964       96132      96233      637        100        1  Right
8   4   100        9025       96134      96236      638        100        1  Right
5   0   100        8991       96232      96333      639        300        1  Right
13  1   100        8977       96236      96337      641        700        1  Left 
13  1   100        8977       96337      96437      643        700        1  Left 
5   8   100        8993       96437      96537      644        700        1  Left 
6   10  500        9119       96333      96834      641        2000       1  Right
1   13  500        9006       96537      97038      645        3500       1  Left 
13  2   100        9029       97038      97138      647        200        1  Right
7   4   100        9035       97038      97139      646        100        1  Right
0   15  500        8964       97038      97538      647        3500       1  Left 
12  15  100        8975       97538      97539      650        800        1  Right
0   1   100        8997       97538      97540      650        500        1  Right
8   14  100        9025       97539      97640      651        400        1  Right
5   1   100        9000       97540      97641      652        200        1  Right
15  0   100        8997       97640      97741      653        900        1  Right
14  1   100        9048       97641      97742      653        100        1  Left 
0   8   100        9009       97741      97743      655        600        1  Right
7   6   100        9036       97742      97744      655        700        1  Left 
4   8   100        9048       97743      97844      656        100        1  Right
4   8   100        9053       97844      97944      658        100        1  Right
14  8   100        9061       97944      97945      659        400        1  Right
1   13  500        9012       97744      98146      658        4500       1  Right
4   7   500        9066       97945      98446      660        500        1  Right
2   13  500        9050       98146      98646      661        1000       1  Right
0   15  500        9018       98146      98647      662        3500       1  Left 
7   2   100        9102       98646      98747      663        600        1  Right
5   6   100        9097       98647      98747      664        200        1  Right
3   6   100        9117       98747      98847      665        100        1  Right
1   11  500        9018       98647      99148      665        500        1  Right
0   9   500        9020       98747      99248      666        2500       1  Right
0   14  100        9028       99248      99348      669        1000       1  Right
15  0   100        9040       99348      99448      669        900        1  Right
13  0   100        9048       99448      99548      670        400        1  Right
1   5   500        9036       99148      99649      667        1000       1  Right
0   15  500        9061       99548      100049     671        4500       1  Right
11  4   100        9069       100049     100149     673        1100       1  Right
1   14  500        9069       99649      100150     672        500        1  Left 
0   13  500        9079       100149     100650     674        2000       1  Right
15  3   500        9082       100150     100651     675        2500       1  Left 
15  0   100        9083       100651     100751     677        700        1  Left 
9   0   100        9088       100751     100851     678        500        1  Right
8   5   100        9107       100851     100852     679        900        1  Right
8   5   100        9109       100852     100853     680        900        1  Right
4   11  500        9090       100751     101054     678        2500       1  Left 
14  0   100        9096       101054     101055     682        600        1  Left 
5   1   100        9098       101055     101155     683        200        1  Right
5   0   100        9102       101155     101255     684        300        1  Right
15  12  500        9116       101054     101456     682        4000       1  Right
1   5   500        9136       101255     101756     685        1000       1  Right
0   15  500        9114       101456     101957     686        4500       1  Right
0   7   100        9114       101957     101958     688        800        1  Right
3   15  100        9121       101957     101959     688        500        1  Left 
2   7   500        9145       101958     102459     689        3000       1  Right
0   14  500        9122       101959     102460     690        3000       1  Left 
0   6   100        9122       102460     102560     692        100        1  Right
8   4   500        9168       102459     102561     691        500        1  Right
6   7   500        9184       102560     102661     693        3500       1  Left 
0   9   500        9139       102560     102662     693        2500       1  Right
12  6   100        9146       102662     102762     696        200        1  Right
6   2   100        9186       102762     102862     697        300        1  Right
5   8   500        9128       102661     103162     695        3500       1  Left 
15  0   100        9140       103162     103262     699        700        1  Left 
10  1   100        9147       103262     103362     700        800        1  Right
14  0   100        9154       103362     103462     701        600        1  Left 
10  2   100        9241       103362     103463     701        100        1  Right
0   15  500        9161       103462     103963     702        3500       1  Left 
7   6   100        9163       103963     104063     704        700        1  Left 
0   14  500        9180       104063     104563     705        3000       1  Left 
0   14  100        9180       104563     104663     706        600        1  Left 
15  0   100        9182       104663     104763     707        700        1  Left 
1   10  500        9188       104763     105263     708        4000       1  Right
7   6   100        9192       105263     105363     709        700        1  Left 
0   15  500        9203       105363     105863     710        3500       1  Left 
14  1   100        9206       105863     105963     711        100        1  Left 
12  15  100        9228       105863     105964     711        800        1  Right
1   14  500        9227       105963     106464     712        500        1  Left 
2   6   500        9232       105964     106465     713        1500       1  Right
9   1   100        9207       106464     106565     714        600        1  Left 
4   1   100        9217       106565     106665     716        400        1  Left 
15  1   100        9220       106665     106765     717        200        1  Left 
6   10  500        9248       106465     106966     715        2000       1  Right
1   15  500        9246       106765     107266     718        1000       1  Left 
2   10  500        9277       106966     107467     719        500        1  Right
6   8   100        9278       107467     107567     721        700        1  Right
1   4   500        9248       107266     107767     720        2000       1  Left 
15  1   100        9273       107767     107867     723        200        1  Left 
11  4   100        9321       107867     107967     724        500        1  Left 
8   6   500        9304       107567     108068     722        3500       1  Right
14  0   100        9250       108068     108168     726        600        1  Left 
11  6   100        9322       108168     108268     727        300        1  Right
10  6   100        9329       108268     108368     728        400        1  Right
11  2   100        9366       108368     108468     728        600        1  Right
1   9   500        9253       108168     108668     727        3000       1  Left 
0   14  500        9276       108668     109168     731        3000       1  Left 
4   0   100        9290       109168     109169     732        700        1  Right
4   8   100        9292       109169     109170     733        100        1  Right
6   7   500        9310       109168     109471     732        3500       1  Left 
4   1   100        9299       109471     109571     735        400        1  Left 
0   13  500        9332       109169     109572     732        2000       1  Right
0   5   100        9332       109572     109672     736        300        1  Right
8   5   100        9333       109672     109673     737        900        1  Right
8   6   100        9333       109673     109773     738        700        1  Right
6   8   100        9349       109773     109873     739        700        1  Right
4   11  500        9342       109571     109973     735        2500       1  Left 
6   8   100        9350       109873     109974     740        700        1  Right
1   0   500        9291       109974     110474     743        2500       1  Right
13  0   100        9301       110474     110574     744        400        1  Right
5   8   100        9351       110574     110674     744        900        1  Right
10  5   100        9354       110674     110774     745        600        1  Right
4   6   100        9361       110774     110874     746        800        1  Right
1   15  500        9299       110474     110974     744        1000       1  Left 
6   5   500        9369       110874     111374     747        1000       1  Right
0   9   500        9367       110874     111375     747        2500       1  Right
1   4   500        9331       110974     111476     748        2000       1  Left 
5   10  500        9375       111375     111876     750        3000       1  Right
1   14  500        9332       111476     111977     751        500        1  Left 
14  0   100        9308       111977     112077     754        600        1  Left 
14  1   100        9310       112077     112177     755        100        1  Left 
9   0   100        9316       112077     112178     755        500        1  Right
15  1   100        9324       112177     112278     756        200        1  Left 
8   0   500        9343       112178     112679     756        3000       1  Right
1   15  500        9350       112278     112779     757        1000       1  Left 
7   1   100        9355       112779     112879     759        300        1  Left 
4   1   100        9362       112879     112979     760        400        1  Left 
14  4   100        9365       112979     113079     761        300        1  Right
5   1   100        9392       112979     113080     761        200        1  Right
4   0   100        9366       113079     113180     762        700        1  Right
15  3   100        9389       113080     113181     763        500        1  Left 
8   4   100        9382       113180     113280     764        100        1  Right
13  0   100        9380       113180     113281     764        400        1  Right
8   4   100        9384       113280     113381     766        100        1  Right
0   1   100        9397       113281     113382     767        500        1  Right
15  8   100        9393       113381     113482     769        300        1  Right
15  3   100        9394       113482     113582     770        500        1  Left 
1   4   500        9395       113582     114082     771        2000       1  Left 
