
407
C:/Users/nxconrad/Desktop/REU 2.0/Benchmark Data/16-core/7/flow_freqmine100#2.txt
810
[3, 0, 10, 11, 9, 2, 4, 14, 8, 7, 1, 5, 15, 6, 13, 12]
10  1   100        6420       6422       6522       0          800        1  Right
10  0   100        6422       6522       6622       1          100        1  Right
2   15  500        6428       6522       7023       0          3500       1  Right
0   3   500        6423       6622       7123       1          500        1  Right
12  0   100        6439       7123       7223       3          200        1  Left 
3   0   100        6455       7223       7323       4          100        1  Right
6   2   500        6435       7023       7524       2          4000       1  Right
0   12  500        6475       7323       7824       5          1000       1  Left 
12  0   100        6513       7824       7924       7          200        1  Left 
1   11  500        6440       7524       8025       6          3500       1  Right
2   6   100        6460       8025       8026       9          800        1  Right
0   9   100        6526       8025       8027       8          300        1  Right
0   7   100        6527       8027       8127       10         800        1  Right
3   13  500        6537       7924       8326       7          1000       1  Left 
1   5   500        6460       8026       8528       10         500        1  Right
2   0   500        6614       8127       8628       11         2000       1  Right
15  8   100        6469       8528       8629       14         400        1  Right
0   12  500        6549       8628       9129       14         1000       1  Left 
1   10  500        6461       8629       9130       16         4000       1  Right
1   5   100        6468       9130       9131       18         100        1  Right
8   15  500        6520       9130       9532       18         6000       1  Left 
11  1   100        6477       9532       9632       20         700        1  Right
11  3   100        6551       9632       9732       20         300        1  Right
7   8   100        6567       9632       9733       20         100        1  Right
9   3   100        6564       9732       9833       21         400        1  Right
6   1   500        6485       9632       10132      21         1500       1  Right
8   7   500        6588       9733       10235      22         500        1  Right
3   9   500        6600       9833       10334      23         2000       1  Right
10  1   100        6513       10334      10434      27         800        1  Right
1   11  500        6513       10434      10934      28         3500       1  Right
5   1   500        6529       10934      11434      28         500        1  Right
0   8   500        6588       10934      11435      28         3500       1  Right
12  1   100        6596       11434      11535      29         500        1  Right
10  8   100        6595       11435      11536      30         600        1  Right
7   1   100        6613       11535      11636      31         100        1  Right
10  3   100        6643       11536      11637      31         200        1  Right
2   1   500        6633       11636      12137      32         2500       1  Right
1   10  500        6554       12137      12637      35         4000       1  Right
1   2   100        6612       12637      12737      36         500        1  Right
1   0   100        6617       12737      12738      37         700        1  Left 
8   10  500        6621       12737      13139      36         3000       1  Right
1   12  500        6627       12738      13239      37         2500       1  Right
8   0   100        6648       13139      13240      38         700        1  Right
12  0   100        6660       13240      13340      40         200        1  Left 
1   7   500        6664       13239      13740      39         500        1  Right
6   2   500        6677       13340      13841      41         4000       1  Left 
1   15  500        6665       13740      14241      42         1000       1  Right
0   1   500        6638       14241      14741      44         3500       1  Left 
15  1   100        6639       14741      14841      45         200        1  Right
0   6   100        6672       14741      14842      45         400        1  Left 
9   1   100        6640       14841      14942      46         600        1  Right
0   12  500        6696       14842      15343      47         1000       1  Left 
1   9   500        6687       14942      15443      48         3000       1  Right
0   13  100        6696       15343      15444      49         300        1  Left 
2   1   100        6692       15443      15544      50         500        1  Right
15  0   100        6703       15444      15545      51         500        1  Left 
1   2   500        6713       15544      16045      52         2500       1  Right
0   3   500        6752       15545      16046      53         500        1  Right
6   1   100        6705       16045      16146      54         300        1  Right
8   0   500        6709       16046      16547      55         3500       1  Right
1   15  500        6738       16146      16647      56         1000       1  Right
7   0   100        6710       16547      16648      57         800        1  Right
13  2   100        6725       16648      16748      59         700        1  Left 
8   7   100        6757       16648      16749      59         100        1  Right
1   6   500        6746       16647      17148      58         1500       1  Right
15  8   100        6705       17148      17248      62         400        1  Right
2   13  500        6746       16748      17250      60         3500       1  Left 
15  1   100        6712       17248      17349      63         200        1  Right
7   1   100        6721       17349      17449      65         100        1  Right
6   2   500        6747       17250      17751      64         4000       1  Left 
8   13  100        6757       17751      17752      67         1000       1  Left 
15  6   100        6763       17751      17753      67         100        1  Right
1   7   500        6767       17449      17851      66         500        1  Right
8   12  100        6757       17752      17854      68         900        1  Left 
7   0   100        6723       17854      17855      71         800        1  Right
9   0   100        6733       17855      17955      72         300        1  Right
8   11  100        6757       17955      18055      73         500        1  Right
8   10  100        6757       18055      18155      74         600        1  Right
8   9   100        6757       18155      18255      75         400        1  Right
1   12  500        6774       17854      18256      71         2500       1  Right
0   8   100        6761       18255      18356      76         700        1  Right
12  0   100        6738       18356      18456      78         200        1  Left 
7   8   100        6765       18356      18457      78         100        1  Right
12  1   100        6740       18456      18557      79         500        1  Right
9   1   100        6744       18557      18657      81         600        1  Right
9   0   100        6746       18657      18757      82         300        1  Right
15  1   100        6764       18657      18758      82         200        1  Right
9   8   100        6780       18757      18858      83         400        1  Right
7   1   100        6818       18758      18858      84         100        1  Right
15  0   100        6768       18758      18859      84         500        1  Left 
10  8   100        6782       18858      18959      85         600        1  Right
3   0   100        6786       18859      18960      86         100        1  Right
11  8   100        6784       18959      19060      87         500        1  Right
12  8   100        6786       19060      19160      89         700        1  Right
13  8   100        6788       19160      19260      90         600        1  Right
2   6   100        6790       19260      19360      91         800        1  Right
3   11  500        6838       19060      19561      89         1500       1  Right
1   9   500        6790       19360      19861      92         3000       1  Right
3   10  500        6935       19561      20062      93         1000       1  Right
13  8   100        6796       20062      20162      95         1000       1  Left 
12  4   100        6821       20162      20262      96         700        1  Left 
1   15  500        6792       19861      20362      94         1000       1  Right
8   15  100        6829       20362      20462      98         400        1  Right
8   15  100        6837       20462      20562      99         400        1  Right
4   12  500        6847       20262      20763      97         3500       1  Left 
2   5   100        6815       20763      20863      101        1000       1  Left 
1   7   500        6864       20562      21063      100        500        1  Right
5   2   500        6846       20863      21364      102        5000       1  Left 
9   1   100        6846       21364      21464      104        600        1  Right
1   0   100        6870       21464      21564      105        700        1  Left 
10  2   100        7037       21464      21565      104        300        1  Right
15  8   500        6875       21564      22065      106        2000       1  Right
3   14  500        6943       21565      22066      107        3500       1  Right
3   4   100        6998       22066      22166      109        600        1  Right
8   13  500        6934       22065      22566      108        3000       1  Right
3   5   100        6998       22566      22666      111        500        1  Left 
3   6   100        6998       22666      22766      112        300        1  Left 
1   9   500        6892       22566      23066      111        3000       1  Right
14  8   100        6908       23066      23166      114        100        1  Right
7   8   100        6910       23166      23266      115        100        1  Right
0   1   500        6896       23066      23566      114        3500       1  Left 
14  3   100        6912       23566      23666      117        700        1  Right
1   0   100        6929       23666      23766      118        700        1  Left 
8   7   500        6935       23266      23767      116        500        1  Right
9   8   100        6938       23767      23867      120        400        1  Right
0   1   500        6950       23766      24267      119        3500       1  Left 
7   3   100        6962       24267      24367      122        700        1  Left 
8   14  500        6954       23867      24368      121        500        1  Right
1   0   100        6972       24367      24468      123        700        1  Left 
1   0   100        7014       24468      24568      125        700        1  Left 
3   7   100        7054       24568      24668      125        700        1  Left 
8   9   500        6959       24368      24869      124        2000       1  Right
0   8   500        6971       24869      25369      128        3500       1  Right
0   10  100        6974       25369      25469      129        100        1  Right
4   8   100        6975       25369      25470      129        200        1  Right
9   3   100        6984       25469      25570      130        400        1  Right
8   4   500        7011       25470      25971      131        1000       1  Right
0   1   500        6993       25570      26071      132        3500       1  Left 
0   10  100        6998       26071      26171      134        100        1  Right
14  1   100        7006       26071      26172      134        300        1  Right
4   3   100        7008       26171      26272      135        600        1  Right
0   15  100        7011       26272      26372      137        500        1  Left 
5   3   100        7015       26372      26472      138        500        1  Left 
6   3   100        7023       26472      26572      138        300        1  Left 
0   12  100        7067       26572      26672      139        200        1  Left 
1   14  500        7027       26172      26673      135        1500       1  Right
12  4   100        7073       26672      26772      140        700        1  Left 
8   0   100        7028       26772      26872      142        700        1  Right
13  1   100        7032       26872      26873      143        1200       1  Left 
14  1   100        7048       26873      26973      144        300        1  Right
6   15  500        7065       26572      26974      139        500        1  Right
14  1   100        7061       26973      27073      145        300        1  Right
12  6   100        7074       26974      27075      146        200        1  Right
2   5   100        7066       27073      27174      147        600        1  Right
12  6   100        7097       27075      27176      148        200        1  Right
0   3   500        7078       26873      27375      144        500        1  Right
2   10  500        7073       27174      27676      149        1500       1  Right
1   13  500        7058       27176      27677      150        2000       1  Right
14  0   100        7063       27676      27777      152        600        1  Right
1   14  500        7069       27777      28277      154        1500       1  Right
6   2   500        7077       27777      28278      154        4000       1  Left 
13  0   100        7086       28278      28378      156        300        1  Left 
0   15  100        7086       28378      28478      157        500        1  Left 
1   14  500        7082       28277      28479      155        1500       1  Right
5   2   500        7097       28478      28680      158        5000       1  Left 
13  8   100        7088       28680      28681      160        600        1  Right
4   12  500        7099       28680      29082      160        3500       1  Left 
10  8   100        7119       29082      29083      162        600        1  Right
7   8   100        7141       29083      29183      162        100        1  Right
9   8   100        7150       29183      29283      163        400        1  Right
4   8   100        7153       29283      29383      164        200        1  Right
0   1   500        7093       29082      29483      162        3500       1  Left 
13  1   100        7095       29483      29583      167        400        1  Right
15  1   100        7100       29583      29683      168        200        1  Right
8   0   500        7098       29483      29984      167        3500       1  Right
14  1   100        7104       29984      30084      170        300        1  Right
6   12  500        7133       29583      30085      167        1000       1  Right
3   0   100        7107       29984      30086      170        100        1  Right
8   4   100        7130       30084      30087      170        200        1  Right
15  1   100        7118       30084      30088      171        200        1  Right
12  2   100        7128       30086      30089      172        600        1  Left 
13  6   100        7149       30085      30090      171        100        1  Right
8   7   100        7130       30087      30189      173        100        1  Right
14  3   100        7158       30089      30190      175        700        1  Right
12  6   100        7186       30090      30191      176        200        1  Right
1   0   100        7121       30190      30291      179        900        1  Right
1   13  500        7121       30291      30791      181        2000       1  Right
1   14  500        7125       30791      31291      181        1500       1  Right
1   15  500        7127       31291      31791      182        1000       1  Right
8   15  100        7130       31791      31891      183        400        1  Right
8   14  100        7130       31891      31991      184        100        1  Right
8   9   100        7130       31991      32091      185        400        1  Right
0   1   500        7142       31891      32392      184        3500       1  Left 
0   8   100        7155       32392      32492      187        700        1  Right
14  8   100        7172       32492      32592      188        100        1  Right
1   15  500        7144       32392      32892      187        1000       1  Right
13  1   100        7150       32892      32992      190        400        1  Right
3   9   500        7281       32492      32994      187        2000       1  Right
2   1   100        7155       32992      33093      191        500        1  Right
13  0   100        7154       32994      33095      192        300        1  Left 
2   1   100        7155       33093      33194      193        500        1  Right
0   15  500        7210       33095      33596      194        2500       1  Left 
15  8   100        7174       33596      33696      196        400        1  Right
2   12  500        7155       33596      34096      196        3000       1  Left 
13  8   500        7256       33696      34197      196        3000       1  Right
1   0   100        7163       34197      34297      199        700        1  Left 
15  0   100        7189       34297      34397      200        500        1  Left 
1   2   500        7176       34297      34797      200        2500       1  Right
2   0   100        7221       34797      34897      202        400        1  Right
6   12  500        7363       34397      34898      199        1000       1  Right
15  0   100        7231       34897      34998      202        1100       1  Right
1   13  500        7178       34998      35498      205        2000       1  Right
1   2   500        7179       35498      35998      206        2500       1  Right
8   13  100        7225       35998      36098      206        600        1  Right
8   13  100        7227       36098      36198      207        600        1  Right
15  1   100        7279       36198      36298      208        200        1  Right
0   2   500        7247       35998      36499      206        2000       1  Right
0   15  500        7252       36499      36999      210        2500       1  Left 
8   10  500        7305       36499      37000      210        3000       1  Right
0   11  100        7277       37000      37100      212        200        1  Right
7   2   100        7338       37000      37101      211        400        1  Right
0   7   100        7300       37101      37201      214        800        1  Right
1   15  500        7305       36999      37500      211        1000       1  Right
0   8   500        7350       37201      37702      214        3500       1  Right
1   12  500        7412       37500      38001      215        2500       1  Right
15  0   100        7333       38001      38101      217        500        1  Left 
2   7   500        7379       37702      38203      216        2000       1  Right
7   8   100        7430       38203      38303      219        100        1  Right
4   8   100        7438       38303      38403      220        200        1  Right
5   8   100        7481       38403      38503      221        300        1  Right
0   15  500        7354       38101      38602      218        2500       1  Left 
0   1   500        7365       38602      39102      223        3500       1  Left 
12  1   100        7381       39102      39202      224        500        1  Right
0   3   500        7399       39102      39603      224        500        1  Right
1   15  500        7417       39202      39703      225        1000       1  Right
0   13  100        7404       39603      39704      226        300        1  Left 
15  0   100        7388       39704      39705      228        500        1  Left 
1   10  500        7440       39703      40105      227        4000       1  Right
15  1   100        7390       40105      40205      230        200        1  Right
6   13  500        7441       39705      40206      229        500        1  Right
8   0   100        7408       40105      40207      230        700        1  Right
10  1   100        7399       40207      40307      233        800        1  Right
3   0   100        7431       40207      40308      233        100        1  Right
4   3   100        7442       40308      40408      235        600        1  Right
6   12  500        7463       40206      40707      232        1000       1  Right
13  1   100        7489       40707      40708      237        400        1  Right
8   7   500        7451       40307      40710      234        500        1  Right
3   14  500        7450       40408      40810      236        3500       1  Right
6   8   100        7483       40710      40811      239        500        1  Right
12  2   100        7458       40810      40911      240        600        1  Left 
15  4   100        7453       40811      40912      241        600        1  Right
0   13  100        7473       40911      41012      242        300        1  Left 
3   7   100        7463       41012      41013      244        700        1  Left 
2   0   100        7474       41012      41014      244        400        1  Right
5   3   100        7485       41013      41114      245        500        1  Left 
10  0   100        7483       41014      41115      246        100        1  Right
8   4   500        7474       40912      41116      243        1000       1  Right
0   2   500        7500       41115      41417      248        2000       1  Right
7   3   500        7486       41114      41418      247        3500       1  Left 
10  8   100        7485       41417      41518      250        600        1  Right
6   3   100        7487       41418      41519      251        300        1  Left 
7   3   100        7494       41519      41520      253        700        1  Left 
8   0   500        7485       41518      41920      252        3500       1  Right
2   12  500        7484       41920      42420      255        3000       1  Left 
4   15  500        7494       41920      42421      255        3000       1  Right
2   0   100        7538       42420      42521      255        400        1  Right
13  0   100        7547       42521      42621      257        300        1  Left 
2   0   100        7591       42621      42721      258        400        1  Right
8   6   500        7509       42421      42922      257        2500       1  Right
10  1   100        7492       42922      43022      261        800        1  Right
8   5   500        7512       43022      43522      262        1500       1  Right
8   4   100        7512       43522      43622      263        200        1  Right
7   1   100        7540       43522      43623      262        100        1  Right
8   5   100        7512       43622      43723      264        1300       1  Left 
8   6   100        7512       43723      43823      266        500        1  Right
8   7   100        7512       43823      43923      267        100        1  Right
12  6   100        7516       43823      43924      267        200        1  Right
8   13  100        7512       43924      44024      269        600        1  Right
3   4   500        7536       43723      44224      265        3000       1  Right
0   8   100        7544       44224      44324      270        700        1  Right
7   8   100        7548       44324      44424      271        100        1  Right
1   13  500        7515       44024      44525      270        2000       1  Right
0   2   500        7564       44324      44826      271        2000       1  Right
3   5   500        7537       44525      44827      273        2500       1  Left 
1   10  500        7538       44826      45128      274        4000       1  Right
8   10  100        7612       45128      45228      276        600        1  Right
3   6   500        7538       44827      45328      275        1500       1  Left 
12  5   100        7541       45328      45428      278        400        1  Right
3   4   100        7547       45328      45429      278        600        1  Right
6   8   100        7550       45428      45529      279        500        1  Right
5   8   100        7552       45529      45629      281        300        1  Right
4   8   100        7554       45629      45729      282        200        1  Right
4   1   100        7561       45729      45829      283        400        1  Right
0   13  500        7578       45429      45930      280        1500       1  Left 
3   5   100        7547       45930      45931      285        500        1  Left 
0   7   100        7579       45930      45932      285        800        1  Right
3   6   100        7547       45931      46032      286        300        1  Left 
0   11  100        7603       45932      46032      287        200        1  Right
13  8   100        7571       46032      46132      288        1000       1  Left 
4   3   100        7592       46132      46232      289        600        1  Right
1   7   500        7586       45932      46433      287        500        1  Right
5   12  500        7572       46132      46434      289        2000       1  Right
0   2   500        7617       46232      46534      290        2000       1  Right
10  6   100        7590       46534      46634      293        500        1  Left 
11  2   100        7642       46534      46635      293        200        1  Right
1   4   500        7596       46433      46735      291        2000       1  Right
5   1   100        7577       46735      46835      296        100        1  Right
7   8   100        7640       46735      46836      296        100        1  Right
0   13  500        7642       46634      47136      294        1500       1  Left 
3   7   100        7640       47136      47236      299        900        1  Right
1   5   500        7619       46835      47337      297        500        1  Right
5   3   100        7598       47337      47437      301        500        1  Left 
0   2   500        7677       47236      47737      300        2000       1  Right
10  1   100        7591       47737      47738      303        800        1  Right
0   15  100        7712       47737      47739      303        500        1  Left 
1   10  500        7634       47738      48239      304        4000       1  Right
10  0   100        7595       48239      48339      306        100        1  Right
6   1   100        7606       48239      48340      306        300        1  Right
8   10  100        7661       48339      48341      307        600        1  Right
13  0   100        7609       48339      48342      307        300        1  Left 
1   6   500        7647       48340      48744      308        1500       1  Right
10  8   500        7674       48341      48842      309        3000       1  Right
6   3   100        7606       48744      48845      311        300        1  Left 
4   1   100        7639       48842      48943      312        400        1  Right
4   1   100        7652       48943      49043      314        400        1  Right
0   3   500        7723       48845      49346      313        500        1  Right
1   4   500        7670       49043      49544      315        2000       1  Right
0   2   500        7740       49346      49847      316        2000       1  Right
1   4   500        7683       49544      50045      317        2000       1  Right
7   0   100        7644       50045      50145      319        800        1  Right
2   0   100        7650       50145      50245      320        400        1  Right
4   0   100        7654       50245      50345      321        500        1  Right
1   5   500        7694       50045      50546      319        500        1  Right
7   1   100        7653       50546      50646      323        100        1  Right
5   1   100        7658       50646      50746      324        100        1  Right
2   11  500        7673       50345      50846      322        1000       1  Right
5   1   100        7671       50746      50847      325        100        1  Right
15  4   100        7705       50846      50947      326        1000       1  Left 
5   0   100        7673       50947      50948      328        600        1  Left 
11  8   100        7718       50947      50949      328        500        1  Right
15  6   100        7706       50948      51049      329        100        1  Right
2   0   100        7714       50949      51050      330        400        1  Right
15  6   100        7720       51049      51150      331        100        1  Right
1   7   500        7699       50847      51249      327        500        1  Right
15  2   100        7790       51150      51251      333        900        1  Left 
13  1   100        7676       51251      51351      335        400        1  Right
6   1   100        7702       51351      51451      336        300        1  Right
8   7   500        7708       51249      51750      334        500        1  Right
7   8   100        7727       51750      51850      338        100        1  Right
8   10  100        7748       51850      51950      339        600        1  Right
1   13  500        7703       51451      51952      337        2000       1  Right
10  8   100        7761       51950      52051      340        600        1  Right
0   8   100        7763       52051      52151      342        700        1  Right
8   7   100        7787       52151      52251      343        100        1  Right
8   7   100        7789       52251      52351      344        100        1  Right
1   5   500        7714       51952      52453      341        500        1  Right
6   1   100        7715       52453      52553      346        300        1  Right
0   13  500        7789       52151      52653      343        1500       1  Left 
8   11  500        7827       52351      52852      344        2500       1  Right
1   6   500        7743       52553      53054      347        1500       1  Right
4   1   100        7729       53054      53055      350        400        1  Right
12  5   100        7792       53054      53056      350        400        1  Right
0   2   500        7806       52852      53254      349        2000       1  Right
6   0   100        7717       53254      53354      353        400        1  Left 
13  0   100        7758       53354      53454      354        300        1  Left 
0   10  100        7816       53454      53554      355        100        1  Right
4   15  500        7746       53056      53557      352        3000       1  Right
0   9   100        7881       53554      53655      355        300        1  Right
8   3   100        7828       53655      53755      357        800        1  Right
0   9   100        7905       53755      53855      358        300        1  Right
1   6   500        7756       53557      54058      357        1500       1  Right
1   4   500        7762       54058      54558      361        2000       1  Right
6   15  500        7771       54058      54559      361        500        1  Right
8   4   500        7860       54558      55058      361        1000       1  Right
1   7   500        7823       54558      55059      361        500        1  Right
6   12  500        7804       54559      55061      363        1000       1  Right
7   6   100        7764       55061      55062      366        1200       1  Left 
15  6   100        7851       55062      55162      366        100        1  Right
1   5   500        7826       55059      55461      364        500        1  Right
7   1   100        7765       55461      55561      369        100        1  Right
7   0   100        7769       55561      55661      370        800        1  Right
5   1   100        7789       55561      55662      370        100        1  Right
2   0   100        7780       55661      55762      371        400        1  Right
3   0   100        7807       55762      55862      373        100        1  Right
7   8   500        7798       55661      56162      371        500        1  Right
5   12  500        7823       55662      56163      371        2000       1  Right
4   8   100        7824       56162      56263      374        200        1  Right
5   8   100        7872       56263      56363      376        300        1  Right
2   15  500        7821       56163      56664      376        4500       1  Left 
6   1   100        7824       56664      56764      378        300        1  Right
13  0   100        7836       56664      56765      378        300        1  Left 
2   1   100        7828       56764      56865      379        500        1  Right
6   10  500        7867       56765      57266      380        2500       1  Left 
1   2   500        7853       56865      57366      381        2500       1  Right
13  1   100        7838       57366      57466      383        400        1  Right
4   3   100        7892       57366      57467      383        600        1  Right
1   13  500        7865       57466      57967      384        2000       1  Right
8   0   500        7899       57467      57968      385        3500       1  Right
13  4   100        7893       57968      58068      387        800        1  Left 
1   6   500        7870       57967      58468      386        1500       1  Right
4   13  500        7924       58068      58569      387        4000       1  Left 
8   5   500        7903       58468      58969      389        1500       1  Right
12  1   100        7873       58969      59069      391        500        1  Right
12  1   100        7873       59069      59169      392        500        1  Right
2   1   100        7875       59169      59269      393        500        1  Right
5   3   100        7937       59169      59270      392        500        1  Left 
10  1   100        7895       59269      59370      394        800        1  Right
1   12  500        7904       59370      59870      396        2500       1  Right
1   12  500        7907       59870      60370      397        2500       1  Right
6   8   100        7917       60370      60470      398        500        1  Right
12  2   100        7932       60370      60471      397        600        1  Left 
9   2   100        7948       60471      60571      399        100        1  Right
12  0   100        7951       60471      60572      399        200        1  Left 
8   6   500        7943       60470      60971      398        2500       1  Right
8   4   100        8041       60971      61071      399        200        1  Right
2   12  500        7960       60572      61073      401        3000       1  Left 
8   5   100        8041       61071      61172      400        300        1  Right
6   3   100        7965       61073      61174      404        300        1  Left 
11  1   100        7926       61172      61273      405        700        1  Right
6   15  500        8010       61174      61675      406        500        1  Right
1   10  500        7936       61273      61774      407        4000       1  Right
0   10  100        7943       61774      61874      409        100        1  Right
11  0   100        8007       61874      61974      410        200        1  Right
1   2   500        7951       61774      62275      409        2500       1  Right
0   8   100        7956       62275      62375      412        700        1  Right
11  8   100        8009       62375      62475      413        500        1  Right
9   8   100        8040       62475      62575      411        400        1  Right
6   7   500        8026       62275      62776      409        2000       1  Right
0   12  500        7987       62375      62876      413        1000       1  Left 
1   11  500        7962       62776      63277      416        3500       1  Right
0   3   500        8099       62876      63377      414        500        1  Right
2   1   100        7968       63277      63378      418        500        1  Right
10  1   100        7975       63378      63478      420        800        1  Right
11  1   100        8016       63478      63578      421        900        1  Left 
2   9   500        7989       63478      63978      421        500        1  Right
1   10  500        8016       63578      64079      422        4000       1  Left 
8   6   100        8041       64079      64179      421        500        1  Right
10  0   100        8059       64079      64180      421        100        1  Right
15  1   100        8043       64179      64279      422        200        1  Right
8   7   100        8041       64179      64280      422        100        1  Right
11  6   100        8087       64180      64282      423        600        1  Left 
7   1   100        8049       64280      64381      425        100        1  Right
0   10  500        8105       64282      64783      426        500        1  Right
1   11  500        8052       64381      64882      427        3500       1  Right
7   8   100        8058       64882      64982      429        100        1  Right
13  4   100        8145       64882      64982      428        800        1  Left 
6   8   100        8060       64982      64983      430        1100       1  Left 
8   11  100        8100       64983      65083      431        500        1  Right
13  6   100        8146       64983      65084      430        100        1  Right
8   11  100        8101       65083      65184      432        500        1  Right
13  6   100        8180       65084      65185      432        100        1  Right
1   15  500        8069       64882      65284      429        1000       1  Right
11  1   100        8088       65284      65285      436        900        1  Left 
11  0   100        8092       65285      65385      437        200        1  Right
3   0   100        8128       65385      65485      437        100        1  Right
10  0   100        8158       65485      65585      438        100        1  Right
8   9   500        8160       65184      65587      433        2000       1  Right
5   8   100        8062       65587      65588      441        1300       1  Left 
1   7   500        8095       65285      65589      437        500        1  Right
15  2   100        8107       65588      65589      442        900        1  Left 
4   8   100        8064       65588      65590      442        200        1  Right
0   7   100        8118       65589      65591      443        800        1  Left 
7   1   100        8139       65591      65691      444        100        1  Right
0   13  100        8159       65591      65692      444        300        1  Left 
11  8   500        8121       65590      65992      444        2500       1  Right
0   10  500        8204       65692      66193      446        500        1  Right
1   11  500        8126       65992      66493      447        3500       1  Right
2   15  500        8138       66493      66993      449        3500       1  Right
3   8   500        8140       66993      67493      450        4000       1  Right
1   7   500        8185       66993      67493      450        500        1  Right
6   15  500        8153       66993      67494      450        500        1  Right
3   4   500        8175       67493      67994      451        3000       1  Right
15  2   100        8170       67994      68094      453        700        1  Right
4   13  500        8176       68094      68594      454        4000       1  Right
8   0   100        8196       68594      68694      455        700        1  Right
12  0   100        8204       68694      68794      456        200        1  Left 
6   13  500        8221       68594      69095      455        500        1  Right
2   15  500        8201       68694      69096      456        3500       1  Right
9   1   100        8249       69096      69097      459        600        1  Right
6   11  500        8369       69095      69398      457        3000       1  Left 
0   14  100        8207       69398      69498      461        600        1  Right
5   15  500        8301       69096      69499      459        500        1  Right
13  2   100        8210       69498      69599      462        700        1  Left 
15  6   100        8230       69499      69600      463        100        1  Right
13  6   100        8251       69600      69700      465        100        1  Right
0   12  500        8240       69599      70099      464        1000       1  Left 
1   2   500        8213       69599      70100      464        2500       1  Right
14  2   100        8228       70100      70200      468        200        1  Right
7   0   100        8233       70200      70201      469        800        1  Right
10  1   100        8250       70201      70202      470        800        1  Right
0   7   100        8252       70202      70203      471        800        1  Right
3   5   500        8224       70099      70204      467        2500       1  Left 
0   1   100        8260       70203      70205      472        900        1  Right
15  5   100        8255       70204      70206      473        100        1  Right
0   1   100        8260       70205      70206      474        900        1  Right
15  5   100        8506       70206      70207      474        100        1  Right
3   6   500        8259       70204      70507      473        1500       1  Left 
1   3   100        8215       70507      70508      477        600        1  Left 
0   7   500        8284       70206      70509      475        4000       1  Right
1   8   100        8219       70509      70609      479        200        1  Right
2   13  500        8231       70509      71010      479        3500       1  Left 
8   1   500        8290       70609      71110      480        1000       1  Right
2   3   100        8250       71010      71111      481        500        1  Right
2   8   100        8254       71111      71211      483        300        1  Right
12  0   100        8290       71111      71212      483        200        1  Left 
6   13  500        8440       71010      71511      480        500        1  Right
0   12  500        8326       71212      71712      484        1000       1  Left 
2   14  500        8254       71211      71713      484        1000       1  Right
6   15  500        8532       71511      72013      484        500        1  Right
8   0   500        8290       71713      72214      488        3500       1  Right
5   15  500        8552       72013      72514      487        500        1  Right
1   10  500        8291       72214      72715      490        4000       1  Right
1   9   500        8295       72715      73215      492        3000       1  Right
14  8   100        8301       73215      73315      493        100        1  Right
7   0   100        8335       73215      73316      492        800        1  Left 
10  0   100        8343       73316      73416      494        100        1  Right
9   0   100        8359       73416      73516      495        300        1  Right
12  0   100        8363       73516      73616      496        200        1  Left 
8   2   500        8311       73315      73816      494        1500       1  Right
0   7   500        8386       73616      74117      497        4000       1  Left 
2   1   100        8363       74117      74217      499        1100       1  Left 
8   14  500        8347       73816      74317      498        500        1  Right
1   2   500        8384       74217      74718      500        5500       1  Left 
9   8   100        8361       74718      74818      502        400        1  Right
9   1   100        8368       74818      74918      503        600        1  Right
8   1   100        8386       74918      75018      504        200        1  Right
8   2   100        8386       75018      75118      505        300        1  Right
8   14  100        8386       75118      75218      506        100        1  Right
0   10  500        8389       74718      75219      502        500        1  Right
8   11  100        8386       75218      75319      507        500        1  Right
11  1   100        8402       75319      75419      509        700        1  Right
2   1   100        8406       75419      75519      510        500        1  Right
0   12  500        8399       75219      75720      508        1000       1  Left 
1   9   500        8414       75519      76020      511        3000       1  Right
11  8   100        8414       76020      76120      513        500        1  Right
7   1   100        8440       76020      76121      513        100        1  Right
0   3   500        8423       75720      76221      512        500        1  Right
8   9   100        8492       76120      76222      514        400        1  Right
0   11  100        8424       76221      76322      516        200        1  Right
1   8   100        8424       76222      76323      517        200        1  Right
10  0   100        8452       76322      76423      518        100        1  Right
2   8   100        8425       76323      76424      519        300        1  Right
10  1   100        8454       76423      76524      520        800        1  Left 
14  8   100        8428       76424      76525      521        100        1  Right
14  8   100        8435       76525      76625      523        100        1  Right
1   2   500        8427       76524      77025      522        5500       1  Left 
12  0   100        8461       77025      77125      525        200        1  Left 
1   11  500        8440       77025      77525      525        3500       1  Right
9   6   100        8461       77525      77625      527        900        1  Right
0   12  500        8497       77125      77626      526        1000       1  Left 
9   1   100        8462       77625      77726      528        600        1  Right
13  1   100        8463       77726      77826      530        400        1  Right
9   0   100        8466       77726      77827      530        300        1  Right
3   1   100        8466       77826      77927      531        600        1  Left 
8   9   100        8493       77827      77928      532        400        1  Right
12  0   100        8531       77927      78027      532        200        1  Left 
1   13  500        8489       77927      78428      533        2000       1  Right
9   8   500        8503       77928      78429      534        2000       1  Right
11  1   100        8495       78428      78528      536        900        1  Left 
8   14  500        8532       78429      78930      536        500        1  Right
3   2   500        8507       78528      79028      538        2500       1  Right
1   7   500        8495       78528      79029      538        500        1  Right
0   8   500        8513       79028      79529      540        3500       1  Right
0   5   100        8514       79529      79530      542        600        1  Left 
1   10  500        8498       79529      79930      542        4000       1  Right
0   12  500        8567       79530      80031      542        1000       1  Left 
1   9   500        8510       79930      80431      544        3000       1  Right
3   2   100        8517       80431      80531      546        500        1  Right
2   3   500        8526       80531      81031      547        2500       1  Right
13  2   100        8527       81031      81131      547        700        1  Left 
1   11  500        8531       81131      81631      548        3500       1  Right
10  4   100        8587       81631      81731      549        400        1  Right
1   0   500        8543       81631      82131      549        3500       1  Left 
4   10  500        8613       81731      82232      550        2000       1  Right
1   0   500        8556       82131      82632      551        3500       1  Left 
2   13  500        8548       82632      83132      553        3500       1  Left 
1   14  500        8612       82632      83133      553        1500       1  Right
0   11  100        8567       83132      83232      554        200        1  Right
3   1   100        8557       83232      83332      556        1000       1  Right
7   0   100        8561       83332      83432      557        800        1  Right
8   1   100        8583       83432      83532      558        200        1  Right
11  0   100        8607       83432      83533      558        200        1  Right
6   13  500        8554       83132      83633      554        500        1  Right
12  0   100        8612       83533      83633      560        200        1  Left 
14  1   100        8591       83532      83634      559        300        1  Right
13  2   100        8570       83633      83734      561        700        1  Left 
5   2   100        8578       83734      83834      563        600        1  Right
13  6   100        8610       83734      83835      563        100        1  Right
0   8   100        8614       83834      83935      564        700        1  Right
2   13  500        8591       83935      84435      566        3500       1  Left 
1   8   500        8634       83935      84436      564        1000       1  Right
2   5   500        8609       84435      84936      567        5000       1  Left 
13  5   100        8635       84936      85036      567        300        1  Right
0   7   500        8618       84936      85436      569        4000       1  Right
14  0   100        8635       85436      85536      569        600        1  Right
1   15  500        8648       85036      85537      568        1000       1  Right
14  8   100        8637       85536      85637      570        100        1  Right
0   1   100        8621       85537      85638      573        700        1  Left 
8   9   100        8684       85637      85738      572        400        1  Right
15  1   100        8622       85638      85739      575        200        1  Right
15  1   100        8622       85739      85839      577        200        1  Right
14  1   100        8644       85839      85939      576        300        1  Right
0   12  500        8648       85638      86139      573        1000       1  Left 
1   15  500        8651       85939      86440      577        1000       1  Right
5   8   100        8654       86440      86540      579        300        1  Right
0   11  500        8651       86139      86640      578        1000       1  Right
5   13  500        8671       86540      87040      580        1500       1  Right
1   14  500        8665       86540      87041      580        1500       1  Right
15  2   100        8671       87040      87141      582        900        1  Left 
8   14  100        8713       87041      87142      583        100        1  Right
7   0   100        8675       87141      87242      584        800        1  Left 
9   8   100        8692       87142      87243      585        400        1  Right
15  0   100        8690       87242      87342      586        500        1  Left 
7   1   100        8677       87242      87343      586        100        1  Right
8   14  100        8715       87243      87345      587        100        1  Right
2   15  500        8702       87342      87843      588        4500       1  Left 
1   14  500        8717       87345      87846      590        1500       1  Right
0   15  500        8711       87843      88344      591        2500       1  Left 
1   7   500        8735       87846      88347      592        500        1  Right
14  6   100        8693       88344      88348      593        1000       1  Left 
0   9   100        8726       88348      88448      595        300        1  Right
3   15  100        8785       88348      88449      595        400        1  Left 
8   5   500        8803       88347      88751      594        1500       1  Right
14  1   100        8694       88751      88851      598        300        1  Right
13  5   100        8886       88751      88852      598        300        1  Right
0   11  500        8741       88448      88950      596        1000       1  Right
9   1   100        8756       88851      88953      599        600        1  Right
0   12  500        8760       88950      89451      601        1000       1  Left 
6   9   500        8733       88953      89454      602        4500       1  Right
0   10  100        8798       89451      89552      603        100        1  Right
7   4   100        8783       89454      89554      604        300        1  Right
14  0   100        8698       89554      89654      606        600        1  Right
11  0   100        8700       89654      89754      607        200        1  Right
0   4   100        8816       89754      89755      608        500        1  Right
10  4   100        8839       89755      89855      609        400        1  Right
1   3   500        8751       89454      89856      604        3000       1  Left 
12  0   100        8724       89856      89956      611        200        1  Left 
11  1   100        8782       89956      90056      612        900        1  Left 
14  8   500        8749       89654      90057      607        500        1  Right
12  0   100        8795       90056      90156      613        200        1  Left 
2   4   500        8902       89855      90356      610        500        1  Right
1   9   500        8802       90156      90357      615        5000       1  Left 
4   7   500        8814       90356      90557      616        1500       1  Right
1   11  500        8818       90357      90858      617        4500       1  Left 
10  6   100        8840       90858      90859      619        1100       1  Right
10  6   100        8849       90859      90860      620        1100       1  Right
9   1   100        8854       90860      90960      621        600        1  Right
0   12  500        8831       90858      91160      619        1000       1  Left 
12  1   100        8865       91160      91260      623        500        1  Right
1   3   100        8896       91260      91360      624        600        1  Left 
5   1   100        8902       91360      91460      625        100        1  Right
4   10  500        8865       90960      91461      622        2000       1  Right
3   1   100        8909       91460      91561      626        600        1  Left 
4   2   100        8866       91461      91561      627        100        1  Right
11  0   100        8861       91461      91562      627        200        1  Right
4   8   100        8939       91561      91662      628        200        1  Right
0   9   100        8869       91562      91663      629        300        1  Right
6   10  500        8875       91663      92163      631        2500       1  Left 
1   9   500        8902       91663      92164      631        3000       1  Right
6   13  500        8904       92163      92663      632        500        1  Right
0   11  500        8904       92163      92664      632        1000       1  Right
10  2   100        8894       92664      92764      635        300        1  Right
5   13  500        8922       92663      93164      634        1500       1  Right
1   0   500        8910       92764      93265      636        4500       1  Right
2   10  500        8930       93265      93765      638        1500       1  Right
1   12  500        8935       93265      93766      638        2500       1  Right
8   0   500        8941       93765      94266      639        3500       1  Right
1   5   500        8938       93766      94267      640        500        1  Right
15  0   100        8943       94266      94367      641        500        1  Left 
9   0   100        8957       94367      94467      643        300        1  Right
11  0   100        8962       94467      94567      644        200        1  Right
8   4   500        8975       94266      94767      641        1000       1  Right
8   4   100        9025       94767      94867      646        200        1  Right
1   13  500        9006       94367      94869      643        2000       1  Right
7   4   100        9035       94867      94968      647        300        1  Right
11  1   100        8964       94869      94970      648        900        1  Left 
11  4   100        9069       94970      95070      650        300        1  Right
0   15  500        8964       94970      95470      650        2500       1  Left 
10  6   100        8971       95470      95570      652        500        1  Left 
12  15  100        8975       95570      95571      653        300        1  Right
5   0   100        8991       95570      95572      653        1000       1  Right
13  1   100        8977       95572      95672      655        400        1  Right
13  1   100        8977       95672      95772      656        400        1  Right
5   8   100        8993       95772      95872      657        300        1  Right
15  0   100        8997       95772      95873      657        500        1  Left 
0   1   100        8997       95873      95973      659        700        1  Left 
13  2   100        9029       95973      95974      660        700        1  Left 
6   14  500        8997       95973      96374      660        3000       1  Right
5   1   100        9000       96374      96474      662        100        1  Right
0   8   100        9009       96374      96475      662        700        1  Right
8   14  100        9025       96475      96575      664        100        1  Right
4   8   100        9048       96575      96675      665        200        1  Right
4   8   100        9053       96675      96775      666        200        1  Right
1   13  500        9012       96474      96975      663        2000       1  Right
4   7   500        9066       96775      97276      667        1500       1  Right
0   15  500        9018       96975      97476      668        2500       1  Left 
15  0   100        9040       97476      97576      670        500        1  Left 
13  0   100        9048       97576      97676      671        300        1  Left 
1   11  500        9018       97276      97777      669        3500       1  Right
15  3   500        9082       97676      98177      672        2000       1  Left 
1   5   500        9036       97777      98277      673        500        1  Right
0   9   500        9020       97777      98278      673        1500       1  Right
7   6   100        9036       98277      98378      675        400        1  Right
0   14  100        9028       98278      98379      676        600        1  Right
5   6   100        9097       98378      98380      677        200        1  Right
14  1   100        9048       98379      98381      678        300        1  Right
14  8   100        9061       98381      98481      680        100        1  Right
5   1   100        9098       98381      98482      680        100        1  Right
2   13  500        9050       98379      98781      678        3500       1  Left 
1   14  500        9069       98482      98983      682        1500       1  Right
8   5   100        9107       98983      99083      684        300        1  Right
8   5   100        9109       99083      99183      685        300        1  Right
4   11  500        9090       98781      99281      683        1500       1  Right
0   15  500        9061       98781      99282      683        2500       1  Left 
7   2   100        9102       99281      99381      687        400        1  Right
1   5   500        9136       99183      99685      683        500        1  Right
0   13  500        9079       99282      99784      688        1500       1  Left 
8   4   500        9168       99381      99882      686        1000       1  Right
15  0   100        9083       99784      99883      691        500        1  Left 
10  1   100        9147       99882      99884      689        800        1  Right
0   15  500        9114       99883      100287     693        2500       1  Left 
9   0   100        9088       100287     100387     695        300        1  Right
14  0   100        9096       100387     100487     696        600        1  Right
5   0   100        9102       100487     100488     697        1000       1  Right
0   7   100        9114       100488     100588     698        800        1  Right
15  12  500        9116       100287     100589     695        1500       1  Right
3   6   100        9117       100589     100590     700        300        1  Left 
3   15  100        9121       100590     100591     701        400        1  Left 
5   8   500        9128       100588     100790     698        1500       1  Right
0   14  500        9122       100588     100791     699        3000       1  Right
6   10  500        9119       100791     101291     704        2500       1  Left 
2   7   500        9145       100791     101292     701        2000       1  Right
0   6   100        9122       101291     101392     705        400        1  Left 
15  0   100        9140       101392     101393     704        500        1  Left 
12  6   100        9146       101393     101493     705        200        1  Right
1   10  500        9188       101292     101694     703        4000       1  Right
7   6   100        9163       101694     101794     707        400        1  Right
0   9   500        9139       101694     102194     707        1500       1  Right
14  0   100        9154       102194     102294     709        600        1  Right
6   7   500        9184       101794     102295     708        2000       1  Right
14  1   100        9206       102295     102395     711        300        1  Right
9   1   100        9207       102395     102495     712        600        1  Right
4   1   100        9217       102495     102595     713        400        1  Right
0   15  500        9161       102295     102795     711        2500       1  Left 
7   6   100        9192       102795     102895     715        400        1  Right
0   14  500        9180       102795     103295     715        3000       1  Right
0   14  100        9180       103295     103395     717        600        1  Right
15  0   100        9182       103395     103495     718        500        1  Left 
6   2   100        9186       103495     103595     719        800        1  Left 
10  2   100        9241       103595     103695     720        300        1  Right
1   14  500        9227       103395     103896     718        1500       1  Right
0   15  500        9203       103595     104096     720        2500       1  Left 
15  1   100        9220       104096     104196     723        200        1  Right
15  1   100        9273       104196     104296     724        200        1  Right
2   6   500        9232       104096     104597     723        4000       1  Left 
12  15  100        9228       104597     104697     726        300        1  Right
14  0   100        9250       104597     104698     726        600        1  Right
1   15  500        9246       104697     105198     727        1000       1  Right
6   10  500        9248       104698     105199     728        2500       1  Left 
1   4   500        9248       105198     105699     729        2000       1  Right
2   10  500        9277       105199     105700     730        1500       1  Right
11  4   100        9321       105700     105701     732        300        1  Right
0   14  500        9276       105699     106101     731        5000       1  Left 
1   9   500        9253       106101     106601     734        3000       1  Right
0   13  500        9332       106101     106602     734        1500       1  Left 
6   8   100        9278       106601     106702     735        500        1  Right
4   0   100        9290       106602     106703     736        500        1  Right
8   6   500        9304       106702     107203     737        2500       1  Right
4   8   100        9292       107203     107303     739        200        1  Right
1   0   500        9291       107203     107703     739        3500       1  Left 
4   1   100        9299       107703     107803     741        400        1  Right
13  0   100        9301       107703     107804     741        300        1  Left 
4   11  500        9342       107803     108303     742        1500       1  Right
1   15  500        9299       107803     108304     742        1000       1  Right
14  0   100        9308       108303     108404     744        600        1  Right
9   0   100        9316       108404     108504     746        300        1  Right
6   7   500        9310       108304     108805     745        2000       1  Right
14  1   100        9310       108805     108905     748        300        1  Right
11  6   100        9322       108805     108906     748        600        1  Left 
15  1   100        9324       108905     109006     749        200        1  Right
11  2   100        9366       108906     109006     750        200        1  Right
10  6   100        9329       108906     109007     750        500        1  Left 
0   5   100        9332       109007     109107     752        600        1  Left 
15  3   100        9389       109107     109207     753        400        1  Left 
1   4   500        9331       109006     109507     751        2000       1  Right
0   9   500        9367       109107     109608     753        1500       1  Right
1   14  500        9332       109507     110008     755        1500       1  Right
8   5   100        9333       110008     110108     757        300        1  Right
14  4   100        9365       110008     110109     757        100        1  Right
8   6   100        9333       110108     110209     758        500        1  Right
8   0   500        9343       110209     110709     760        3500       1  Right
1   15  500        9350       110209     110710     760        1000       1  Right
6   8   100        9349       110709     110810     761        1100       1  Left 
7   1   100        9355       110710     110811     762        100        1  Right
6   8   100        9350       110810     110911     763        1100       1  Left 
5   8   100        9351       110911     111011     765        300        1  Right
4   6   100        9361       110911     111012     765        900        1  Left 
15  8   100        9393       111011     111112     766        400        1  Right
10  5   100        9354       111112     111212     768        700        1  Left 
4   1   100        9362       111112     111213     768        400        1  Right
4   0   100        9366       111213     111313     770        500        1  Right
13  0   100        9380       111313     111413     771        300        1  Left 
8   4   100        9382       111313     111414     771        200        1  Right
8   4   100        9384       111414     111514     773        200        1  Right
6   5   500        9369       111212     111713     769        1000       1  Right
1   4   500        9395       111514     112015     774        2000       1  Right
5   10  500        9375       111713     112214     775        3500       1  Left 
5   1   100        9392       112214     112314     777        100        1  Right
15  3   100        9394       112214     112315     777        400        1  Left 
0   1   100        9397       112314     112415     778        900        1  Right
