
440
C:/Users/nxconrad/Desktop/REU 2.0/Benchmark Data/16-core/7/flow_freqmine100#2.txt
810
[4, 12, 5, 3, 9, 7, 15, 6, 2, 1, 14, 11, 10, 8, 13, 0]
10  1   100        6420       6422       6522       0          300        1  Right
10  0   100        6422       6522       6622       1          300        1  Right
1   11  500        6440       6522       7022       0          1000       1  Right
2   15  500        6428       6522       7023       0          1000       1  Right
11  1   100        6477       7022       7122       2          200        1  Right
0   3   500        6423       6622       7124       1          2000       1  Left 
12  0   100        6439       7124       7224       5          200        1  Left 
3   0   100        6455       7224       7324       6          400        1  Left 
6   2   500        6435       7023       7525       3          500        1  Right
2   6   100        6460       7525       7625       8          100        1  Right
1   5   500        6460       7324       7825       7          4500       1  Left 
15  8   100        6469       7825       7925       10         900        1  Left 
1   10  500        6461       7825       8325       10         1500       1  Right
1   5   100        6468       8325       8425       12         700        1  Right
0   12  500        6475       7925       8426       11         1000       1  Left 
12  0   100        6513       8426       8526       14         200        1  Left 
6   1   500        6485       8425       8926       13         1000       1  Right
10  1   100        6513       8926       9026       16         300        1  Right
8   15  500        6520       8526       9027       15         4500       1  Left 
0   9   100        6526       9027       9127       17         500        1  Left 
0   7   100        6527       9127       9227       18         600        1  Left 
1   11  500        6513       9026       9527       17         1000       1  Right
3   13  500        6537       9227       9728       19         2500       1  Left 
1   10  500        6554       9527       10028      20         1500       1  Right
7   8   100        6567       10028      10128      22         800        1  Right
3   9   500        6600       9728       10228      21         500        1  Right
0   12  500        6549       9728       10229      21         1000       1  Left 
8   7   500        6588       10128      10630      23         4000       1  Right
5   1   500        6529       10630      11130      26         3500       1  Right
0   8   500        6588       10630      11131      26         1000       1  Right
11  3   100        6551       11130      11231      27         800        1  Right
10  8   100        6595       11131      11232      28         100        1  Right
1   2   100        6612       11231      11331      29         100        1  Right
9   3   100        6564       11231      11332      29         100        1  Right
8   10  500        6621       11232      11734      29         500        1  Right
6   2   500        6677       11331      11832      30         500        1  Right
12  1   100        6596       11734      11835      33         800        1  Left 
7   1   100        6613       11835      11935      35         400        1  Right
10  3   100        6643       11835      11936      34         700        1  Left 
2   0   500        6614       11936      12436      37         3500       1  Right
1   0   100        6617       12436      12536      38         600        1  Right
8   0   100        6648       12536      12636      38         200        1  Right
1   12  500        6627       12536      13036      38         4000       1  Right
12  0   100        6660       13036      13136      40         200        1  Left 
2   1   500        6633       13036      13536      40         500        1  Right
0   1   500        6638       13536      14036      42         3000       1  Right
15  1   100        6639       14036      14136      43         300        1  Right
9   1   100        6640       14136      14236      44         500        1  Right
1   7   500        6664       14236      14736      45         2000       1  Right
1   15  500        6665       14736      15236      46         1500       1  Right
0   6   100        6672       15236      15336      47         800        1  Right
1   9   500        6687       15336      15836      48         2500       1  Right
0   12  500        6696       15336      15837      48         1000       1  Left 
2   1   100        6692       15836      15937      49         100        1  Right
0   13  100        6696       15837      15938      50         100        1  Right
6   1   100        6705       15937      16038      51         200        1  Right
15  0   100        6703       15938      16039      52         700        1  Left 
15  8   100        6705       16039      16139      54         900        1  Left 
1   2   500        6713       16038      16539      53         500        1  Right
15  1   100        6712       16539      16639      56         300        1  Right
8   0   500        6709       16139      16640      55         1000       1  Right
7   0   100        6710       16640      16740      58         600        1  Left 
1   15  500        6738       16639      17140      57         1500       1  Right
7   1   100        6721       17140      17240      60         400        1  Right
0   3   500        6752       16740      17241      59         2000       1  Left 
13  2   100        6725       17240      17341      61         600        1  Right
7   0   100        6723       17241      17342      62         600        1  Left 
9   0   100        6733       17342      17442      64         500        1  Left 
12  0   100        6738       17442      17542      65         200        1  Left 
8   7   100        6757       17542      17642      66         800        1  Left 
0   8   100        6761       17642      17742      67         200        1  Right
1   6   500        6746       17341      17842      63         1000       1  Right
7   8   100        6765       17742      17843      68         800        1  Left 
12  1   100        6740       17843      17943      70         800        1  Left 
9   1   100        6744       17943      18043      71         1100       1  Left 
9   0   100        6746       18043      18143      72         500        1  Left 
6   2   500        6747       17842      18144      69         500        1  Right
15  6   100        6763       18144      18145      74         100        1  Right
1   7   500        6767       18143      18346      73         6000       1  Left 
2   13  500        6746       18346      18846      76         3000       1  Right
8   13  100        6757       18846      18946      77         100        1  Right
15  1   100        6764       18846      18947      77         300        1  Right
8   12  100        6757       18946      19047      78         400        1  Left 
2   6   100        6790       18947      19048      79         100        1  Right
15  0   100        6768       19047      19147      80         700        1  Left 
8   11  100        6757       19047      19148      80         200        1  Right
8   10  100        6757       19148      19248      83         100        1  Right
1   12  500        6774       19147      19648      82         4000       1  Right
8   9   100        6757       19648      19748      85         700        1  Left 
7   1   100        6818       19648      19749      85         400        1  Right
9   8   100        6780       19748      19849      86         700        1  Left 
10  8   100        6782       19849      19949      88         100        1  Right
3   0   100        6786       19849      19950      88         400        1  Left 
11  8   100        6784       19949      20049      89         200        1  Right
1   9   500        6790       19849      20350      88         2500       1  Right
4   12  500        6847       19950      20452      90         500        1  Right
12  8   100        6786       20452      20552      93         400        1  Left 
13  8   100        6788       20552      20652      94         100        1  Right
12  4   100        6821       20552      20653      94         100        1  Right
13  8   100        6796       20652      20753      95         100        1  Right
1   15  500        6792       20350      20851      92         1500       1  Right
9   1   100        6846       20851      20852      98         500        1  Right
3   11  500        6838       20753      21155      97         4000       1  Left 
1   7   500        6864       20852      21353      99         2000       1  Right
3   10  500        6935       21155      21656      100        3500       1  Left 
2   5   100        6815       21656      21756      102        600        1  Right
1   0   100        6870       21656      21757      102        600        1  Right
5   2   500        6846       21756      22257      103        3000       1  Right
0   1   500        6896       21757      22258      104        3000       1  Right
8   15  100        6829       22258      22358      106        700        1  Right
8   15  100        6837       22358      22458      107        700        1  Right
15  8   500        6875       22458      22958      108        3500       1  Right
14  8   100        6908       22958      23058      109        300        1  Right
14  3   100        6912       23058      23059      110        900        1  Left 
1   9   500        6892       22958      23359      109        2500       1  Right
1   0   100        6929       23359      23459      112        1000       1  Left 
8   13  500        6934       23059      23560      111        500        1  Right
3   14  500        6943       23459      23960      113        3500       1  Right
7   8   100        6910       23960      24060      115        800        1  Right
3   4   100        6998       23960      24061      115        300        1  Right
3   5   100        6998       24061      24161      117        100        1  Right
8   7   500        6935       24060      24561      116        4000       1  Right
9   8   100        6938       24561      24661      119        700        1  Left 
10  2   100        7037       24561      24662      117        400        1  Right
7   3   100        6962       24661      24762      120        200        1  Right
9   3   100        6984       24762      24862      122        100        1  Right
3   6   100        6998       24862      24962      123        400        1  Right
3   7   100        7054       24962      25062      122        200        1  Right
2   5   100        7066       25062      25162      123        600        1  Right
0   1   500        6950       24662      25163      121        3000       1  Right
1   0   100        6972       25163      25164      127        1000       1  Left 
1   0   100        7014       25164      25165      128        1000       1  Left 
8   14  500        6954       25163      25465      127        1500       1  Right
8   9   500        6959       25465      25965      130        3500       1  Left 
1   14  500        7027       25465      25966      128        500        1  Right
0   8   500        6971       25965      26466      131        1000       1  Right
0   10  100        6974       26466      26566      133        300        1  Right
4   8   100        6975       26566      26666      134        300        1  Left 
4   3   100        7008       26666      26766      135        300        1  Right
5   3   100        7015       26766      26866      136        100        1  Right
6   3   100        7023       26866      26966      135        400        1  Right
0   1   500        6993       26666      27166      135        3000       1  Right
0   10  100        6998       27166      27266      139        300        1  Right
14  1   100        7006       27166      27267      139        100        1  Right
0   15  100        7011       27266      27367      140        700        1  Left 
13  1   100        7032       27267      27368      139        500        1  Right
0   12  100        7067       27367      27467      140        200        1  Left 
14  1   100        7048       27368      27469      141        100        1  Right
14  1   100        7061       27469      27569      143        100        1  Right
6   15  500        7065       27367      27868      140        500        1  Right
8   4   500        7011       27467      27969      144        1500       1  Left 
8   0   100        7028       27969      28069      146        200        1  Right
2   10  500        7073       27569      28070      144        2000       1  Right
12  4   100        7073       27969      28071      146        100        1  Right
6   2   500        7077       28070      28570      148        500        1  Right
1   13  500        7058       28070      28571      148        2500       1  Right
0   3   500        7078       28071      28573      149        2000       1  Left 
12  6   100        7074       28573      28673      152        600        1  Right
0   15  100        7086       28673      28773      153        700        1  Left 
12  6   100        7097       28773      28873      154        600        1  Right
1   14  500        7069       28571      29072      151        500        1  Right
14  0   100        7063       29072      29073      156        500        1  Right
13  0   100        7086       29073      29173      157        100        1  Right
13  8   100        7088       29173      29273      158        100        1  Right
4   12  500        7099       28873      29274      155        500        1  Right
5   2   500        7097       28873      29275      155        3000       1  Right
12  2   100        7128       29275      29375      159        700        1  Right
1   14  500        7082       29073      29575      157        500        1  Right
8   0   500        7098       29273      29774      159        1000       1  Right
6   12  500        7133       29375      29876      160        3000       1  Right
0   1   500        7093       29774      30275      164        3000       1  Right
13  1   100        7095       30275      30375      166        500        1  Right
3   0   100        7107       30275      30376      166        400        1  Left 
10  8   100        7119       30375      30475      167        100        1  Right
15  1   100        7100       30375      30476      167        300        1  Right
8   4   100        7130       30475      30576      167        300        1  Left 
14  1   100        7104       30476      30577      170        100        1  Right
8   7   100        7130       30576      30677      169        800        1  Left 
15  1   100        7118       30577      30678      172        300        1  Right
7   8   100        7141       30677      30778      171        800        1  Left 
1   0   100        7121       30778      30878      174        600        1  Right
1   13  500        7121       30878      31378      175        2500       1  Right
13  6   100        7149       31378      31478      175        900        1  Left 
9   8   100        7150       31478      31578      176        700        1  Left 
4   8   100        7153       31578      31678      177        300        1  Left 
12  6   100        7186       31578      31679      177        600        1  Right
1   14  500        7125       31378      31878      175        500        1  Right
14  3   100        7158       31878      31978      180        900        1  Left 
1   15  500        7127       31878      32378      180        1500       1  Right
8   15  100        7130       32378      32478      182        700        1  Right
8   14  100        7130       32478      32479      183        300        1  Right
0   1   500        7142       32478      32880      183        5000       1  Left 
8   9   100        7130       32880      32980      185        700        1  Left 
0   8   100        7155       32980      33080      186        200        1  Right
14  8   100        7172       33080      33180      187        300        1  Right
1   15  500        7144       32880      33381      185        1500       1  Right
13  1   100        7150       33381      33481      189        500        1  Right
3   9   500        7281       32980      33482      185        500        1  Right
2   1   100        7155       33481      33581      190        100        1  Right
13  0   100        7154       33481      33582      190        100        1  Right
2   1   100        7155       33581      33682      192        100        1  Right
15  8   100        7174       33582      33683      193        900        1  Left 
1   0   100        7163       33683      33684      195        600        1  Right
2   12  500        7155       33683      34084      195        3500       1  Right
15  0   100        7189       34084      34184      197        700        1  Left 
13  8   500        7256       33684      34185      195        500        1  Right
1   2   500        7176       34084      34585      197        500        1  Right
0   15  500        7210       34184      34685      198        3500       1  Left 
2   0   100        7221       34685      34686      201        900        1  Left 
15  0   100        7231       34686      34786      201        700        1  Left 
1   13  500        7178       34585      34987      200        2500       1  Right
8   13  100        7225       34987      35087      203        100        1  Right
8   13  100        7227       35087      35187      204        100        1  Right
6   12  500        7363       34786      35287      201        3000       1  Right
1   2   500        7179       34987      35488      204        500        1  Right
8   10  500        7305       35187      35688      205        500        1  Right
0   2   500        7247       35488      35989      207        4500       1  Left 
0   15  500        7252       35989      36489      209        3500       1  Left 
0   11  100        7277       36489      36589      210        400        1  Right
15  1   100        7279       36489      36590      210        300        1  Right
0   7   100        7300       36589      36690      211        600        1  Left 
1   15  500        7305       36590      37091      212        1500       1  Right
0   8   500        7350       36690      37191      212        1000       1  Right
7   2   100        7338       37091      37192      213        300        1  Right
1   12  500        7412       37191      37692      214        4000       1  Left 
2   7   500        7379       37192      37693      215        1500       1  Right
15  0   100        7333       37693      37793      217        700        1  Left 
0   15  500        7354       37793      38293      218        3500       1  Left 
0   1   500        7365       38293      38793      219        3000       1  Right
12  1   100        7381       38793      38893      220        800        1  Right
15  0   100        7388       38893      38993      221        700        1  Left 
15  1   100        7390       38993      39093      222        300        1  Right
10  1   100        7399       39093      39193      223        300        1  Right
0   3   500        7399       38993      39494      222        2000       1  Left 
0   13  100        7404       39494      39594      225        100        1  Right
1   15  500        7417       39193      39694      224        1500       1  Right
8   0   100        7408       39594      39695      226        200        1  Right
15  4   100        7453       39694      39794      227        600        1  Right
7   8   100        7430       39794      39894      229        800        1  Left 
3   0   100        7431       39894      39994      230        400        1  Left 
4   8   100        7438       39994      39995      231        300        1  Left 
12  2   100        7458       39994      39996      231        700        1  Right
1   10  500        7440       39694      40096      227        1500       1  Right
6   13  500        7441       39996      40497      233        4500       1  Left 
4   3   100        7442       40497      40498      235        300        1  Right
0   13  100        7473       40497      40498      235        100        1  Right
8   7   500        7451       40497      40899      235        4000       1  Right
3   14  500        7450       40899      41399      237        3500       1  Right
8   4   500        7474       40899      41400      237        1500       1  Left 
3   7   100        7463       41399      41500      238        200        1  Right
6   12  500        7463       41400      41901      239        5000       1  Left 
2   0   100        7474       41901      41902      241        700        1  Right
10  0   100        7483       41902      42002      242        300        1  Right
4   15  500        7494       41901      42303      241        3000       1  Right
8   0   500        7485       42002      42503      243        1000       1  Right
13  1   100        7489       42503      42603      245        500        1  Right
2   12  500        7484       42303      42804      244        3500       1  Right
5   8   100        7481       42804      42904      247        500        1  Left 
6   8   100        7483       42904      43004      248        600        1  Right
5   3   100        7485       42904      43005      248        100        1  Right
10  8   100        7485       43004      43105      249        100        1  Right
10  1   100        7492       43105      43205      251        300        1  Right
7   3   500        7486       43005      43506      250        1000       1  Right
6   3   100        7487       43506      43606      253        400        1  Right
0   2   500        7500       43205      43706      252        3500       1  Right
7   3   100        7494       43606      43707      254        200        1  Right
8   6   500        7509       43706      44207      255        3000       1  Right
7   1   100        7540       44207      44307      256        400        1  Right
8   5   500        7512       44207      44707      257        2500       1  Left 
8   4   100        7512       44707      44807      259        300        1  Left 
8   5   100        7512       44807      44907      260        500        1  Left 
8   6   100        7512       44907      45007      261        600        1  Right
8   7   100        7512       45007      45107      262        800        1  Right
8   13  100        7512       45107      45207      263        100        1  Right
3   4   500        7536       44907      45408      260        1500       1  Right
12  6   100        7516       45408      45508      265        600        1  Right
1   13  500        7515       45207      45708      264        2500       1  Right
2   0   100        7538       45708      45808      266        700        1  Right
0   8   100        7544       45808      45908      267        200        1  Right
13  0   100        7547       45908      46008      268        100        1  Right
3   5   500        7537       45508      46009      265        500        1  Right
12  5   100        7541       46009      46109      270        100        1  Right
1   10  500        7538       45808      46309      267        1500       1  Right
3   6   500        7538       46009      46510      270        2000       1  Right
3   4   100        7547       46510      46610      273        300        1  Right
3   5   100        7547       46610      46710      274        100        1  Right
0   2   500        7564       46309      46810      272        3500       1  Right
3   6   100        7547       46710      46811      275        400        1  Right
8   10  100        7612       46810      46910      276        100        1  Right
7   8   100        7548       46910      47010      278        800        1  Right
6   8   100        7550       47010      47110      279        600        1  Right
5   8   100        7552       47110      47210      280        1100       1  Right
4   8   100        7554       47210      47211      281        1300       1  Right
0   13  500        7578       46810      47212      276        500        1  Right
4   1   100        7561       47211      47312      282        900        1  Right
13  8   100        7571       47212      47313      283        100        1  Right
10  6   100        7590       47312      47412      284        500        1  Right
0   7   100        7579       47412      47512      286        1000       1  Right
0   11  100        7603       47512      47612      287        400        1  Right
5   12  500        7572       47312      47813      284        500        1  Right
4   3   100        7592       47813      47913      289        300        1  Right
1   7   500        7586       47512      48013      287        2000       1  Right
5   1   100        7577       48013      48113      291        700        1  Right
2   0   100        7591       48113      48213      292        700        1  Right
5   3   100        7598       48113      48214      292        100        1  Right
10  1   100        7591       48213      48314      293        300        1  Right
0   2   500        7617       48214      48715      294        4500       1  Left 
10  0   100        7595       48715      48815      296        300        1  Right
13  0   100        7609       48815      48915      297        100        1  Right
1   4   500        7596       48715      49216      296        4500       1  Right
6   1   100        7606       49216      49316      299        200        1  Right
3   7   100        7640       49216      49317      298        200        1  Right
0   13  500        7642       48915      49416      297        500        1  Right
6   3   100        7606       49317      49417      301        400        1  Right
11  2   100        7642       49316      49418      299        300        1  Right
7   8   100        7640       49417      49518      302        800        1  Left 
1   5   500        7619       49518      50018      305        3500       1  Right
10  8   500        7674       49518      50019      304        500        1  Right
4   1   100        7639       50018      50119      305        900        1  Right
11  8   100        7718       50019      50120      306        200        1  Right
7   0   100        7644       50119      50220      307        600        1  Left 
2   0   100        7650       50220      50320      309        900        1  Left 
1   10  500        7634       50120      50621      308        1500       1  Right
8   10  100        7661       50621      50721      311        100        1  Right
0   2   500        7677       50320      50821      310        4500       1  Left 
0   15  100        7712       50821      50921      313        700        1  Left 
1   6   500        7647       50821      51321      313        1000       1  Right
0   3   500        7723       50921      51422      314        2000       1  Left 
2   11  500        7673       51321      51822      315        1500       1  Right
4   1   100        7652       51822      51922      317        700        1  Left 
7   1   100        7653       51922      52022      318        400        1  Right
4   0   100        7654       51922      52023      318        100        1  Left 
5   1   100        7658       52022      52123      319        700        1  Right
1   4   500        7670       52123      52623      321        3500       1  Left 
5   1   100        7671       52623      52723      322        700        1  Right
5   0   100        7673       52723      52823      323        300        1  Left 
13  1   100        7676       52723      52824      323        500        1  Right
2   0   100        7714       52823      52924      324        900        1  Left 
1   4   500        7683       52924      53424      326        3500       1  Left 
1   5   500        7694       53424      53924      327        3500       1  Right
1   7   500        7699       53924      54424      328        2000       1  Right
6   1   100        7702       54424      54524      329        200        1  Right
15  4   100        7705       54424      54525      329        600        1  Right
15  6   100        7706       54525      54625      331        100        1  Right
15  6   100        7720       54625      54725      332        100        1  Right
1   13  500        7703       54524      54726      330        2500       1  Right
0   2   500        7740       54725      54927      333        4500       1  Left 
8   7   500        7708       54927      55427      335        4000       1  Right
8   10  100        7748       55427      55527      336        100        1  Right
1   5   500        7714       55427      55927      336        3500       1  Right
6   1   100        7715       55927      56027      338        200        1  Right
7   8   100        7727       55927      56028      338        800        1  Left 
10  8   100        7761       56028      56128      340        100        1  Right
12  5   100        7792       56028      56129      340        100        1  Right
0   8   100        7763       56128      56229      341        200        1  Right
8   7   100        7787       56229      56329      343        800        1  Left 
8   7   100        7789       56329      56429      344        800        1  Left 
1   6   500        7743       56027      56528      339        1000       1  Right
4   1   100        7729       56528      56529      346        900        1  Right
8   11  500        7827       56429      56530      344        1000       1  Right
0   13  500        7789       56429      56531      345        500        1  Right
1   6   500        7756       56529      56729      347        1000       1  Right
4   15  500        7746       56529      56730      347        3000       1  Right
6   0   100        7717       56729      56829      350        800        1  Right
13  0   100        7758       56829      56929      352        100        1  Right
1   4   500        7762       56829      57330      352        4500       1  Right
7   6   100        7764       57330      57430      354        200        1  Right
8   3   100        7828       57330      57431      353        600        1  Left 
7   1   100        7765       57430      57531      355        400        1  Right
8   4   500        7860       57431      57932      355        1500       1  Left 
6   15  500        7771       57531      58032      357        500        1  Right
7   0   100        7769       57932      58033      358        600        1  Left 
15  2   100        7790       58032      58133      359        200        1  Right
5   1   100        7789       58033      58134      360        900        1  Left 
15  6   100        7851       58133      58234      360        100        1  Right
2   0   100        7780       58134      58235      362        700        1  Right
6   12  500        7804       58234      58236      363        3000       1  Right
0   2   500        7806       58235      58237      364        3500       1  Right
5   12  500        7823       58236      58737      365        500        1  Right
7   8   500        7798       58237      58738      366        4000       1  Right
3   0   100        7807       58737      58838      367        400        1  Left 
0   10  100        7816       58838      58938      369        300        1  Right
2   15  500        7821       58738      58939      368        1000       1  Right
1   7   500        7823       58938      59139      370        6000       1  Left 
4   8   100        7824       59139      59239      371        300        1  Left 
6   1   100        7824       59139      59240      371        200        1  Right
4   3   100        7892       59239      59339      372        300        1  Right
13  0   100        7836       59239      59340      372        100        1  Right
2   1   100        7828       59240      59342      373        100        1  Right
6   10  500        7867       59340      59841      375        5500       1  Left 
1   5   500        7826       59841      60341      377        3500       1  Right
8   0   500        7899       59841      60342      377        1000       1  Right
5   8   100        7872       60342      60442      379        500        1  Left 
0   9   100        7881       60442      60542      380        500        1  Left 
1   2   500        7853       60341      60842      378        500        1  Right
8   5   500        7903       60542      61043      381        2500       1  Left 
13  1   100        7838       61043      61143      383        500        1  Right
0   9   100        7905       61043      61144      383        500        1  Left 
5   3   100        7937       61144      61244      384        100        1  Right
1   13  500        7865       61143      61644      384        2500       1  Right
13  4   100        7893       61644      61744      387        200        1  Left 
1   6   500        7870       61644      62144      387        1000       1  Right
12  1   100        7873       62144      62244      389        800        1  Right
4   13  500        7924       61744      62245      387        1000       1  Left 
12  1   100        7873       62244      62345      390        800        1  Right
2   1   100        7875       62345      62445      392        100        1  Right
6   8   100        7917       62345      62446      392        1000       1  Left 
10  1   100        7895       62445      62546      393        300        1  Right
12  2   100        7932       62446      62547      393        700        1  Right
11  1   100        7926       62546      62647      394        200        1  Right
8   6   500        7943       62547      63048      395        5000       1  Left 
8   4   100        8041       63048      63148      397        300        1  Left 
13  4   100        8145       63148      63248      398        200        1  Left 
1   12  500        7904       63048      63548      398        4000       1  Right
1   12  500        7907       63548      64048      401        4000       1  Right
9   2   100        7948       64048      64148      401        400        1  Right
12  0   100        7951       64048      64149      401        200        1  Left 
6   3   100        7965       64148      64150      402        400        1  Right
8   5   100        8041       64149      64151      403        500        1  Left 
1   10  500        7936       64048      64449      401        1500       1  Right
0   10  100        7943       64449      64549      406        300        1  Right
0   8   100        7956       64549      64649      407        200        1  Right
6   15  500        8010       64150      64652      404        500        1  Right
11  0   100        8007       64649      64749      408        400        1  Right
11  8   100        8009       64749      64849      410        200        1  Right
9   8   100        8040       64849      64949      411        700        1  Left 
1   2   500        7951       64449      64951      406        500        1  Right
6   7   500        8026       64652      65154      409        1000       1  Right
2   12  500        7960       64951      65452      413        4500       1  Left 
1   11  500        7962       65452      65952      415        1000       1  Right
0   12  500        7987       65452      65953      415        1000       1  Left 
2   1   100        7968       65952      66053      416        100        1  Right
8   6   100        8041       65953      66054      417        1000       1  Left 
10  1   100        7975       66053      66154      418        300        1  Right
11  1   100        8016       66154      66254      420        200        1  Right
0   3   500        8099       66054      66554      419        2000       1  Left 
2   9   500        7989       66054      66555      419        2000       1  Right
8   7   100        8041       66555      66655      423        800        1  Left 
1   10  500        8016       66254      66756      421        1500       1  Right
15  1   100        8043       66756      66856      425        300        1  Right
10  0   100        8059       66756      66857      425        300        1  Right
7   1   100        8049       66856      66957      426        400        1  Right
15  2   100        8107       66957      67057      428        200        1  Right
15  2   100        8170       67057      67157      429        200        1  Right
0   10  500        8105       66857      67358      427        1500       1  Right
1   11  500        8052       66957      67458      428        1000       1  Right
7   8   100        8058       67358      67459      431        800        1  Left 
8   11  100        8100       67459      67559      433        200        1  Right
8   11  100        8101       67559      67659      434        200        1  Right
1   15  500        8069       67458      67959      432        1500       1  Right
11  6   100        8087       67959      68059      436        400        1  Right
11  1   100        8088       68059      68159      437        200        1  Right
8   9   500        8160       67659      68160      435        3500       1  Left 
11  0   100        8092       68160      68260      439        400        1  Right
2   15  500        8138       68059      68261      437        1000       1  Right
1   7   500        8095       68260      68461      440        6000       1  Left 
6   8   100        8060       68461      68561      442        600        1  Right
0   7   100        8118       68461      68562      442        600        1  Left 
5   8   100        8062       68562      68662      444        500        1  Left 
4   8   100        8064       68662      68762      445        300        1  Left 
3   0   100        8128       68762      68862      446        400        1  Left 
10  0   100        8158       68862      68962      447        300        1  Right
6   15  500        8153       68561      69061      443        500        1  Right
1   11  500        8126       68561      69062      443        1000       1  Right
0   13  100        8159       68962      69064      448        100        1  Right
2   15  500        8201       69061      69562      449        1000       1  Right
11  8   500        8121       69062      69563      450        1000       1  Right
4   13  500        8176       69064      69565      451        1000       1  Left 
7   1   100        8139       69562      69663      452        400        1  Right
3   8   500        8140       69565      70066      454        3000       1  Left 
1   7   500        8185       69663      70164      455        2000       1  Right
8   0   100        8196       70066      70166      456        200        1  Right
9   1   100        8249       70164      70265      457        500        1  Right
3   4   500        8175       70066      70567      456        1500       1  Right
0   10  500        8204       70166      70668      458        1500       1  Right
13  6   100        8146       70668      70768      461        700        1  Right
12  0   100        8204       70668      70769      461        200        1  Left 
13  6   100        8180       70768      70869      462        700        1  Right
0   14  100        8207       70869      70969      464        500        1  Right
15  6   100        8230       70869      70970      464        100        1  Right
3   5   500        8224       70567      71068      460        500        1  Right
13  2   100        8210       70969      71069      465        600        1  Right
15  5   100        8255       71068      71166      467        400        1  Right
0   12  500        8240       70969      71468      465        1000       1  Left 
1   2   500        8213       71069      71571      468        500        1  Right
5   15  500        8301       71166      71667      469        2000       1  Right
7   0   100        8233       71667      71668      472        600        1  Left 
0   7   100        8252       71668      71669      473        600        1  Left 
12  0   100        8290       71669      71670      474        200        1  Left 
15  5   100        8506       71669      71671      471        400        1  Right
6   13  500        8221       71571      71775      471        3500       1  Right
1   3   100        8215       71775      71875      477        600        1  Right
1   8   100        8219       71875      71876      478        400        1  Right
10  1   100        8250       71876      71877      479        300        1  Right
2   13  500        8231       71875      71878      478        5000       1  Left 
2   3   100        8250       71878      71978      481        500        1  Right
1   10  500        8291       71877      72078      480        1500       1  Right
13  6   100        8251       71978      72079      482        900        1  Left 
14  2   100        8228       72078      72179      483        200        1  Right
2   8   100        8254       72179      72279      485        500        1  Right
3   6   500        8259       72079      72580      484        2000       1  Right
2   14  500        8254       72279      72581      486        1000       1  Right
6   11  500        8369       72580      72882      486        6000       1  Left 
0   1   100        8260       72882      72982      489        600        1  Right
0   1   100        8260       72982      73082      490        600        1  Right
0   7   500        8284       73082      73582      491        3000       1  Left 
8   1   500        8290       73082      73583      491        2000       1  Right
14  8   100        8301       73583      73683      493        300        1  Right
0   12  500        8326       73582      74083      491        1000       1  Left 
1   9   500        8295       73583      74084      493        2500       1  Right
2   1   100        8363       74084      74184      495        100        1  Right
8   0   500        8290       74083      74584      495        1000       1  Right
7   0   100        8335       74584      74684      497        600        1  Left 
8   2   500        8311       74584      75084      498        2500       1  Right
0   7   500        8386       74684      75185      498        3000       1  Left 
1   2   500        8384       75084      75186      499        500        1  Right
8   14  500        8347       75084      75187      499        1500       1  Right
6   13  500        8440       75185      75289      498        4500       1  Left 
10  0   100        8343       75289      75389      503        300        1  Right
1   9   500        8414       75289      75790      503        2500       1  Right
0   10  500        8389       75389      75890      504        1500       1  Right
9   0   100        8359       75890      75990      506        500        1  Left 
9   8   100        8361       75990      76090      507        700        1  Left 
12  0   100        8363       76090      76190      508        200        1  Left 
9   1   100        8368       76190      76290      509        1100       1  Left 
6   15  500        8532       75790      76291      502        500        1  Right
8   1   100        8386       76290      76391      510        400        1  Right
9   6   100        8461       76291      76391      509        300        1  Right
8   2   100        8386       76391      76491      512        500        1  Right
8   14  100        8386       76491      76591      513        300        1  Right
8   11  100        8386       76591      76691      514        200        1  Right
0   12  500        8399       76290      76791      510        1000       1  Left 
11  1   100        8402       76691      76791      515        200        1  Right
2   1   100        8406       76791      76891      516        100        1  Right
11  8   100        8414       76791      76892      516        200        1  Right
5   15  500        8552       76391      76893      509        2000       1  Right
1   8   100        8424       76892      76993      517        400        1  Right
2   8   100        8425       76993      77093      518        500        1  Right
14  8   100        8428       77093      77193      519        300        1  Right
14  8   100        8435       77193      77293      520        300        1  Right
0   3   500        8423       76893      77394      519        2000       1  Left 
0   11  100        8424       77394      77494      523        400        1  Right
1   2   500        8427       77093      77594      519        500        1  Right
10  0   100        8452       77494      77595      523        300        1  Right
7   1   100        8440       77594      77695      524        400        1  Right
12  0   100        8461       77595      77696      525        200        1  Left 
2   3   500        8526       77695      78195      525        2500       1  Right
1   11  500        8440       77695      78196      526        1000       1  Right
0   12  500        8497       77696      78198      527        1000       1  Left 
10  1   100        8454       78196      78297      529        300        1  Right
8   9   100        8492       78198      78299      530        700        1  Left 
9   1   100        8462       78299      78399      532        500        1  Right
10  4   100        8587       78299      78400      531        400        1  Left 
13  1   100        8463       78400      78500      534        500        1  Right
9   0   100        8466       78400      78501      534        500        1  Left 
12  0   100        8531       78501      78601      535        200        1  Left 
1   13  500        8489       78500      79001      535        2500       1  Right
3   1   100        8466       79001      79101      538        600        1  Right
8   9   100        8493       79101      79201      539        700        1  Left 
11  1   100        8495       79101      79202      539        200        1  Right
9   8   500        8503       79201      79702      540        3500       1  Left 
1   7   500        8495       79202      79703      541        2000       1  Right
0   8   500        8513       79702      80203      542        1000       1  Right
3   2   500        8507       79703      80203      543        2500       1  Right
1   10  500        8498       79703      80204      543        1500       1  Right
3   2   100        8517       80203      80303      544        500        1  Right
0   5   100        8514       80203      80304      544        300        1  Left 
8   14  500        8532       80204      80706      544        1500       1  Right
1   9   500        8510       80303      80804      546        2500       1  Right
0   12  500        8567       80304      80805      546        1000       1  Left 
13  2   100        8527       80804      80905      548        600        1  Right
1   11  500        8531       80905      81405      550        1000       1  Right
2   13  500        8548       80905      81406      550        5000       1  Left 
1   0   500        8543       81406      81906      552        3000       1  Right
6   13  500        8554       81906      82406      553        3500       1  Right
1   0   500        8556       82406      82906      554        3000       1  Right
3   1   100        8557       82906      83006      555        600        1  Right
0   11  100        8567       82906      83007      555        400        1  Right
7   0   100        8561       83007      83107      557        600        1  Left 
13  2   100        8570       83107      83207      558        1000       1  Left 
5   2   100        8578       83207      83307      559        600        1  Right
11  0   100        8607       83207      83308      559        400        1  Right
1   14  500        8612       83006      83507      556        500        1  Right
8   1   100        8583       83507      83508      562        400        1  Right
14  1   100        8591       83508      83608      563        100        1  Right
2   13  500        8591       83308      83710      561        5000       1  Left 
12  0   100        8612       83710      83810      565        200        1  Left 
2   5   500        8609       83710      84210      565        3000       1  Right
4   10  500        8613       83810      84311      566        2000       1  Left 
13  6   100        8610       84311      84411      568        700        1  Right
0   8   100        8614       84411      84511      569        200        1  Right
0   7   500        8618       84511      85011      570        3000       1  Left 
1   8   500        8634       84511      85012      570        2000       1  Right
13  5   100        8635       85011      85112      571        400        1  Left 
14  0   100        8635       85112      85212      573        500        1  Right
14  8   100        8637       85212      85213      574        300        1  Right
7   0   100        8675       85212      85214      574        600        1  Left 
5   8   100        8654       85214      85314      576        500        1  Left 
1   15  500        8648       85012      85414      572        1500       1  Right
5   13  500        8671       85314      85815      577        2000       1  Left 
1   15  500        8651       85414      85915      578        1500       1  Right
8   9   100        8684       85815      85916      579        700        1  Left 
9   8   100        8692       85916      86016      581        700        1  Left 
2   15  500        8702       85915      86415      580        1000       1  Right
1   14  500        8665       85915      86416      580        500        1  Right
0   1   100        8621       86416      86516      584        600        1  Right
15  1   100        8622       86516      86616      585        300        1  Right
8   14  100        8713       86516      86616      585        300        1  Right
15  1   100        8622       86616      86716      586        300        1  Right
8   14  100        8715       86616      86717      586        300        1  Right
15  2   100        8671       86716      86817      587        200        1  Right
14  1   100        8644       86717      86818      588        100        1  Right
7   1   100        8677       86818      86918      590        400        1  Right
0   12  500        8648       86516      87017      585        1000       1  Left 
14  6   100        8693       86918      87018      591        300        1  Right
7   4   100        8783       87017      87116      592        500        1  Right
14  1   100        8694       87018      87119      593        100        1  Right
0   11  500        8651       87017      87517      592        2000       1  Right
15  0   100        8690       87517      87617      596        700        1  Left 
1   14  500        8717       87119      87620      595        500        1  Right
0   15  500        8711       87617      88118      597        3500       1  Left 
14  0   100        8698       88118      88218      599        500        1  Right
11  0   100        8700       88218      88318      600        400        1  Right
12  0   100        8724       88318      88418      601        200        1  Left 
0   9   100        8726       88418      88419      602        500        1  Left 
12  0   100        8795       88419      88519      603        200        1  Left 
1   7   500        8735       88118      88520      599        2000       1  Right
14  8   500        8749       88318      88721      601        1500       1  Right
6   9   500        8733       88520      89021      605        1500       1  Right
0   11  500        8741       88721      89222      606        2000       1  Right
1   3   500        8751       89021      89522      607        3000       1  Right
9   1   100        8756       89522      89622      609        500        1  Right
11  1   100        8782       89622      89722      610        200        1  Right
0   12  500        8760       89222      89723      608        1000       1  Left 
3   15  100        8785       89622      89724      610        300        1  Right
0   10  100        8798       89723      89824      612        300        1  Right
1   9   500        8802       89724      90225      613        2500       1  Right
8   5   500        8803       89824      90325      614        2500       1  Left 
1   11  500        8818       90225      90726      615        1000       1  Right
4   7   500        8814       90325      90826      616        2500       1  Right
11  0   100        8861       90726      90827      617        400        1  Right
9   1   100        8854       90826      90927      618        500        1  Right
0   4   100        8816       90827      90928      619        100        1  Left 
12  1   100        8865       90927      91028      620        800        1  Right
10  4   100        8839       90928      91029      621        400        1  Left 
1   3   100        8896       91028      91129      622        600        1  Right
10  6   100        8840       91129      91229      624        500        1  Right
10  6   100        8849       91229      91329      625        500        1  Right
13  5   100        8886       91329      91330      626        1200       1  Right
5   1   100        8902       91330      91430      627        700        1  Right
0   12  500        8831       91029      91431      623        1000       1  Left 
3   1   100        8909       91430      91531      628        600        1  Right
4   10  500        8865       91431      91932      629        2000       1  Left 
4   2   100        8866       91932      92032      631        800        1  Right
0   9   100        8869       92032      92132      632        500        1  Left 
4   8   100        8939       92132      92232      632        300        1  Left 
6   10  500        8875       92032      92533      632        2500       1  Right
10  2   100        8894       92533      92534      635        400        1  Right
6   13  500        8904       92533      92935      635        4500       1  Left 
1   9   500        8902       92935      93435      637        2500       1  Right
0   11  500        8904       92935      93436      637        2000       1  Right
2   4   500        8902       93435      93437      638        4000       1  Right
1   0   500        8910       93436      93438      639        3000       1  Right
5   13  500        8922       93438      93938      641        2000       1  Left 
2   10  500        8930       93438      93939      640        2000       1  Right
8   0   500        8941       93938      94439      641        1000       1  Right
1   12  500        8935       93939      94440      642        4000       1  Right
8   4   500        8975       94439      94940      643        1500       1  Left 
1   5   500        8938       94440      94941      644        3500       1  Right
8   4   100        9025       94940      95041      644        300        1  Left 
10  6   100        8971       94941      95042      646        500        1  Right
15  0   100        8943       95041      95142      647        700        1  Left 
9   0   100        8957       95142      95242      649        500        1  Left 
11  0   100        8962       95242      95243      650        400        1  Right
7   4   100        9035       95242      95244      648        500        1  Right
6   14  500        8997       95042      95444      648        1500       1  Right
11  1   100        8964       95444      95544      653        200        1  Right
13  1   100        8977       95544      95644      654        500        1  Right
13  1   100        8977       95644      95744      655        500        1  Right
0   15  500        8964       95244      95745      652        3500       1  Left 
12  15  100        8975       95745      95845      657        500        1  Right
5   0   100        8991       95845      95945      658        300        1  Left 
7   6   100        9036       95845      95946      656        200        1  Right
15  0   100        8997       95946      96046      660        700        1  Left 
15  0   100        9040       96046      96146      659        700        1  Left 
1   13  500        9006       95744      96245      656        2500       1  Right
5   8   100        8993       96245      96246      663        500        1  Left 
15  3   500        9082       96146      96548      660        1500       1  Right
6   10  500        9119       96245      96648      661        2500       1  Right
0   1   100        8997       96648      96748      666        600        1  Right
5   1   100        9000       96748      96848      667        700        1  Right
0   8   100        9009       96748      96849      667        200        1  Right
5   6   100        9097       96848      96948      666        500        1  Right
14  1   100        9048       96848      96949      666        100        1  Right
4   8   100        9048       96849      96951      667        300        1  Left 
3   6   100        9117       96948      97049      668        400        1  Right
1   13  500        9012       96951      97452      672        2500       1  Right
0   15  500        9018       97049      97550      673        3500       1  Left 
1   11  500        9018       97452      97953      674        1000       1  Right
0   9   500        9020       97550      98051      675        2500       1  Left 
8   14  100        9025       97953      98052      675        300        1  Right
13  2   100        9029       98051      98150      675        1000       1  Left 
0   14  100        9028       98150      98250      677        500        1  Right
13  0   100        9048       98250      98350      678        100        1  Right
4   8   100        9053       98350      98450      679        300        1  Left 
14  8   100        9061       98450      98550      680        300        1  Right
11  4   100        9069       98550      98650      681        500        1  Left 
1   5   500        9036       98150      98651      677        3500       1  Right
2   13  500        9050       98651      98652      683        3000       1  Right
0   15  500        9061       98651      98653      683        3500       1  Left 
1   14  500        9069       98652      99153      684        500        1  Right
0   13  500        9079       98653      99153      685        500        1  Right
4   7   500        9066       98653      99154      685        2500       1  Right
15  0   100        9083       99153      99254      686        900        1  Right
9   0   100        9088       99254      99354      688        500        1  Left 
7   2   100        9102       99254      99355      688        300        1  Right
5   1   100        9098       99355      99455      690        700        1  Right
4   11  500        9090       99354      99855      689        2500       1  Left 
14  0   100        9096       99855      99955      692        500        1  Right
15  12  500        9116       99455      99956      691        2500       1  Right
10  1   100        9147       99955      100056     692        300        1  Right
5   0   100        9102       99956      100057     694        300        1  Left 
8   5   100        9107       100057     100157     696        500        1  Left 
8   5   100        9109       100157     100257     697        500        1  Left 
0   15  500        9114       100257     100757     698        3500       1  Left 
0   7   100        9114       100757     100857     699        600        1  Left 
3   15  100        9121       100857     100957     700        300        1  Right
0   14  500        9122       100857     101358     700        2500       1  Right
1   5   500        9136       100957     101458     700        3500       1  Right
8   4   500        9168       101358     101859     701        1500       1  Left 
1   10  500        9188       101458     101958     702        1500       1  Right
2   7   500        9145       101458     101959     702        1500       1  Right
5   8   500        9128       101859     102361     703        2500       1  Left 
6   7   500        9184       101959     102460     705        1000       1  Right
0   6   100        9122       102460     102560     708        800        1  Right
6   2   100        9186       102560     102660     708        100        1  Right
10  2   100        9241       102660     102760     708        400        1  Right
0   9   500        9139       102560     103060     708        2500       1  Left 
15  0   100        9140       103060     103160     711        700        1  Left 
6   10  500        9248       102760     103261     709        2500       1  Right
6   8   100        9278       103261     103262     712        600        1  Right
0   15  500        9161       103160     103562     712        3500       1  Left 
12  6   100        9146       103562     103662     715        600        1  Right
14  0   100        9154       103562     103663     715        500        1  Right
7   6   100        9163       103662     103763     716        200        1  Right
7   6   100        9192       103763     103863     718        200        1  Right
0   14  500        9180       103663     104164     717        2500       1  Right
0   14  100        9180       104164     104264     720        500        1  Right
2   6   500        9232       103863     104364     718        500        1  Right
14  1   100        9206       104264     104364     721        100        1  Right
15  0   100        9182       104264     104365     721        700        1  Left 
1   14  500        9227       104364     104865     721        500        1  Right
0   15  500        9203       104365     104866     723        3500       1  Left 
12  15  100        9228       104866     104966     724        500        1  Right
2   10  500        9277       104865     104967     723        2000       1  Right
8   6   500        9304       104966     105068     725        5000       1  Left 
9   1   100        9207       105068     105168     728        500        1  Right
14  0   100        9250       105068     105169     727        500        1  Right
4   1   100        9217       105168     105170     729        900        1  Right
15  1   100        9220       105170     105270     731        300        1  Right
0   14  500        9276       105169     105571     729        2500       1  Right
4   0   100        9290       105571     105671     732        100        1  Left 
1   15  500        9246       105270     105771     731        1500       1  Right
4   8   100        9292       105671     105772     733        300        1  Left 
15  1   100        9273       105771     105872     734        300        1  Right
0   13  500        9332       105772     106273     735        500        1  Right
1   4   500        9248       105872     106373     736        4500       1  Right
11  4   100        9321       106373     106473     738        500        1  Left 
0   5   100        9332       106473     106573     739        300        1  Left 
8   5   100        9333       106573     106673     740        500        1  Left 
1   9   500        9253       106373     106873     738        2500       1  Right
1   0   500        9291       106873     107373     742        3000       1  Right
6   7   500        9310       106873     107374     742        1000       1  Right
4   1   100        9299       107373     107474     743        700        1  Left 
13  0   100        9301       107474     107574     745        100        1  Right
14  0   100        9308       107574     107674     746        500        1  Right
9   0   100        9316       107674     107774     747        500        1  Left 
1   15  500        9299       107474     107974     745        1500       1  Right
14  1   100        9310       107974     108074     749        100        1  Right
15  1   100        9324       108074     108174     750        300        1  Right
7   1   100        9355       108174     108274     751        400        1  Right
4   11  500        9342       107774     108275     748        2500       1  Left 
15  3   100        9389       108274     108375     752        300        1  Right
11  6   100        9322       108275     108376     753        400        1  Right
10  6   100        9329       108376     108476     755        500        1  Right
8   6   100        9333       108476     108576     756        600        1  Right
6   8   100        9349       108576     108676     757        600        1  Right
6   8   100        9350       108676     108776     758        600        1  Right
0   9   500        9367       108375     108876     754        2500       1  Left 
11  2   100        9366       108776     108877     759        300        1  Right
4   6   100        9361       108876     108976     760        700        1  Right
8   0   500        9343       108876     109377     760        1000       1  Right
1   4   500        9331       108976     109477     762        4500       1  Right
5   8   100        9351       109477     109577     764        500        1  Left 
10  5   100        9354       109577     109677     765        600        1  Left 
1   14  500        9332       109477     109977     764        500        1  Right
4   1   100        9362       109977     110077     767        700        1  Left 
14  4   100        9365       110077     110177     768        600        1  Left 
6   5   500        9369       109677     110178     766        2500       1  Right
4   0   100        9366       110177     110278     769        100        1  Left 
1   15  500        9350       110178     110679     770        1500       1  Right
5   10  500        9375       110278     110779     771        3000       1  Left 
13  0   100        9380       110779     110780     773        100        1  Right
8   4   100        9382       110779     110781     773        1300       1  Right
8   4   100        9384       110781     110881     775        300        1  Left 
5   1   100        9392       110781     110882     775        700        1  Right
15  8   100        9393       110882     110982     777        700        1  Right
15  3   100        9394       110982     111082     778        300        1  Right
1   4   500        9395       110982     111483     778        3500       1  Left 
0   1   100        9397       111483     111583     780        600        1  Right
