
47
C:/Users/nxconrad/Desktop/REU 2.0/Benchmark Data/16-core/7/flow_freqmine100#2.txt
810
[10, 3, 0, 8, 6, 11, 5, 1, 7, 14, 15, 2, 13, 9, 4, 12]
10  1   100        6420       6422       6522       0          700        1  Right
10  0   100        6422       6522       6622       1          200        1  Right
1   11  500        6440       6522       7022       0          1000       1  Right
2   15  500        6428       6522       7023       0          500        1  Right
0   3   500        6423       6622       7124       1          500        1  Right
1   5   500        6460       7022       7523       2          500        1  Right
11  1   100        6477       7523       7623       5          200        1  Right
6   2   500        6435       7124       7625       4          4500       1  Left 
12  0   100        6439       7625       7725       7          300        1  Left 
2   6   100        6460       7625       7726       7          700        1  Right
3   0   100        6455       7725       7826       8          100        1  Right
11  3   100        6551       7826       7827       9          400        1  Right
1   10  500        6461       7726       8128       9          4500       1  Left 
1   5   100        6468       8128       8228       12         100        1  Right
15  8   100        6469       8128       8229       12         900        1  Left 
6   1   500        6485       8228       8729       13         1500       1  Right
0   12  500        6475       8229       8730       14         1500       1  Left 
12  0   100        6513       8730       8830       16         300        1  Left 
1   11  500        6513       8729       9230       15         1000       1  Right
8   15  500        6520       8830       9331       17         4500       1  Left 
10  1   100        6513       9331       9431       19         700        1  Right
0   9   100        6526       9431       9531       19         500        1  Left 
0   7   100        6527       9531       9631       20         1000       1  Left 
5   1   500        6529       9431       9932       19         500        1  Right
7   8   100        6567       9932       10032      22         500        1  Right
3   13  500        6537       9631       10132      21         2500       1  Left 
8   7   500        6588       10032      10533      23         2500       1  Right
0   12  500        6549       10132      10633      24         1500       1  Left 
1   10  500        6554       10633      11133      26         3500       1  Right
9   3   100        6564       11133      11233      27         400        1  Left 
1   2   100        6612       11133      11233      27         400        1  Right
12  1   100        6596       11233      11333      28         800        1  Right
7   1   100        6613       11333      11433      29         100        1  Right
0   8   500        6588       11133      11434      27         500        1  Right
3   9   500        6600       11333      11634      29         2000       1  Left 
6   2   500        6677       11433      11734      29         3500       1  Right
10  8   100        6595       11634      11735      32         300        1  Right
2   0   500        6614       11735      12235      34         3500       1  Left 
1   0   100        6617       12235      12335      35         500        1  Right
10  3   100        6643       12235      12336      34         100        1  Right
1   12  500        6627       12335      12836      35         4000       1  Right
8   10  500        6621       12336      12837      36         1500       1  Right
8   0   100        6648       12837      12937      38         100        1  Right
12  0   100        6660       12937      13037      39         300        1  Left 
2   1   500        6633       12836      13337      37         2000       1  Right
0   1   500        6638       13337      13837      41         2500       1  Right
15  1   100        6639       13837      13937      42         300        1  Right
0   6   100        6672       13837      13938      42         200        1  Right
9   1   100        6640       13937      14038      43         600        1  Right
0   12  500        6696       13938      14439      44         1500       1  Left 
1   7   500        6664       14038      14539      45         500        1  Right
0   13  100        6696       14439      14540      46         600        1  Left 
1   15  500        6665       14539      15040      47         1500       1  Right
0   3   500        6752       14540      15041      48         500        1  Right
1   9   500        6687       15040      15541      49         3000       1  Right
2   1   100        6692       15541      15641      51         400        1  Right
15  0   100        6703       15641      15741      52         800        1  Right
6   1   100        6705       15741      15841      53         300        1  Right
2   13  500        6746       15641      16142      52         500        1  Right
8   0   500        6709       15741      16243      53         500        1  Right
1   2   500        6713       16142      16643      55         2000       1  Right
15  8   100        6705       16643      16743      57         700        1  Right
13  2   100        6725       16643      16744      57         100        1  Right
7   0   100        6710       16743      16844      58         600        1  Right
15  1   100        6712       16844      16944      60         300        1  Right
7   1   100        6721       16944      17044      61         100        1  Right
6   2   500        6747       16844      17345      60         4500       1  Left 
0   8   100        6761       17345      17445      63         100        1  Right
1   15  500        6738       17044      17446      62         1500       1  Right
5   2   500        6846       17445      17847      64         5500       1  Left 
7   0   100        6723       17847      17947      66         600        1  Right
9   0   100        6733       17947      18047      67         500        1  Left 
12  0   100        6738       18047      18147      68         300        1  Left 
8   7   100        6757       18147      18148      69         1100       1  Left 
8   13  100        6757       18148      18248      70         700        1  Left 
8   12  100        6757       18248      18348      71         400        1  Left 
1   6   500        6746       17947      18349      67         1500       1  Right
7   8   100        6765       18348      18449      72         1100       1  Left 
12  1   100        6740       18449      18549      74         800        1  Right
8   11  100        6757       18449      18550      74         200        1  Right
9   1   100        6744       18549      18650      75         600        1  Right
8   10  100        6757       18550      18651      76         300        1  Right
15  6   100        6763       18650      18751      77         600        1  Right
9   0   100        6746       18651      18752      78         500        1  Left 
15  1   100        6764       18751      18852      79         300        1  Right
8   9   100        6757       18752      18853      80         600        1  Left 
15  0   100        6768       18853      18953      82         800        1  Left 
9   8   100        6780       18953      19053      83         600        1  Left 
10  8   100        6782       19053      19153      84         300        1  Right
11  8   100        6784       19153      19253      85         200        1  Right
10  2   100        7037       19153      19253      83         500        1  Left 
3   0   100        6786       19153      19254      85         100        1  Right
1   7   500        6767       18852      19353      81         500        1  Right
12  8   100        6786       19254      19355      87         400        1  Left 
2   6   100        6790       19353      19356      88         700        1  Right
13  8   100        6788       19355      19358      89         700        1  Left 
2   5   100        6815       19356      19457      90         500        1  Right
13  8   100        6796       19358      19459      91         700        1  Left 
7   1   100        6818       19457      19558      92         100        1  Right
12  4   100        6821       19459      19560      93         100        1  Right
9   1   100        6846       19558      19658      94         600        1  Right
3   11  500        6838       19459      19960      93         2000       1  Right
1   12  500        6774       19658      20159      96         4000       1  Right
3   10  500        6935       19960      20461      97         500        1  Right
4   12  500        6847       20159      20659      98         500        1  Right
1   9   500        6790       20159      20660      98         3000       1  Right
1   15  500        6792       20660      21160      101        1500       1  Right
8   15  100        6829       21160      21260      102        700        1  Right
8   15  100        6837       21260      21360      103        700        1  Right
1   7   500        6864       21360      21860      104        500        1  Right
15  8   500        6875       21360      21861      104        4500       1  Left 
1   0   100        6870       21861      21862      106        500        1  Right
3   14  500        6943       21861      21863      106        4000       1  Left 
0   1   500        6896       21862      21963      107        2500       1  Right
3   4   100        6998       21863      21964      108        300        1  Left 
3   5   100        6998       21964      22064      110        500        1  Right
3   6   100        6998       22064      22164      111        300        1  Right
1   9   500        6892       21963      22464      109        3000       1  Right
14  8   100        6908       22464      22564      113        600        1  Right
7   8   100        6910       22564      22565      114        500        1  Right
14  3   100        6912       22564      22566      114        800        1  Left 
1   0   100        6929       22565      22567      115        500        1  Right
7   3   100        6962       22566      22568      116        900        1  Left 
0   1   500        6950       22567      23068      117        2500       1  Right
2   5   100        7066       23068      23168      117        500        1  Right
8   13  500        6934       23068      23568      119        3500       1  Left 
8   7   500        6935       23568      24068      121        2500       1  Right
9   8   100        6938       24068      24168      122        600        1  Left 
9   3   100        6984       24168      24268      123        400        1  Left 
8   14  500        6954       24168      24668      123        3000       1  Right
8   9   500        6959       24668      25168      125        3000       1  Left 
3   7   100        7054       25168      25268      124        900        1  Left 
0   8   500        6971       25168      25668      126        500        1  Right
1   0   100        6972       25668      25768      128        500        1  Right
0   10  100        6974       25768      25769      129        200        1  Right
4   8   100        6975       25768      25770      129        1100       1  Right
4   3   100        7008       25770      25870      131        300        1  Left 
0   1   500        6993       25770      26270      131        2500       1  Right
0   10  100        6998       26270      26370      133        200        1  Right
14  1   100        7006       26270      26371      133        200        1  Right
0   15  100        7011       26370      26471      134        800        1  Left 
13  1   100        7032       26471      26571      134        500        1  Right
14  1   100        7048       26571      26671      135        200        1  Right
14  1   100        7061       26671      26771      136        200        1  Right
8   4   500        7011       26471      26971      136        2500       1  Left 
1   0   100        7014       26971      27071      140        500        1  Right
12  4   100        7073       26971      27072      138        100        1  Right
5   3   100        7015       27071      27073      141        500        1  Right
6   3   100        7023       27073      27173      141        300        1  Right
8   0   100        7028       27173      27273      142        100        1  Right
1   14  500        7027       27071      27473      139        1000       1  Right
2   10  500        7073       27072      27474      140        2500       1  Left 
14  0   100        7063       27473      27574      144        700        1  Right
0   12  100        7067       27574      27674      146        300        1  Left 
12  6   100        7074       27674      27774      147        500        1  Left 
1   13  500        7058       27574      28074      146        2500       1  Right
4   12  500        7099       27774      28274      148        500        1  Right
0   3   500        7078       27774      28275      148        500        1  Right
13  0   100        7086       28275      28375      151        600        1  Left 
13  8   100        7088       28375      28376      152        700        1  Left 
6   15  500        7065       28074      28477      149        3000       1  Right
8   0   500        7098       28376      28877      153        500        1  Right
1   14  500        7069       28477      28978      154        1000       1  Right
6   2   500        7077       28877      29378      155        4500       1  Left 
0   15  100        7086       29378      29478      157        800        1  Left 
1   14  500        7082       28978      29479      156        1000       1  Right
12  6   100        7097       29478      29579      158        500        1  Left 
3   0   100        7107       29579      29679      160        100        1  Right
10  8   100        7119       29679      29779      161        300        1  Right
8   4   100        7130       29779      29879      161        500        1  Left 
5   2   500        7097       29479      29980      159        2500       1  Right
6   12  500        7133       29879      30380      162        2500       1  Left 
12  2   100        7128       30380      30480      164        400        1  Right
0   1   500        7093       30380      30880      165        2500       1  Right
13  1   100        7095       30880      30980      167        500        1  Right
15  1   100        7100       30980      31080      168        300        1  Right
13  6   100        7149       30980      31081      167        800        1  Left 
14  1   100        7104       31080      31181      169        200        1  Right
12  6   100        7186       31081      31182      169        500        1  Left 
15  1   100        7118       31181      31282      171        300        1  Right
1   0   100        7121       31282      31283      173        500        1  Right
14  3   100        7158       31282      31284      172        800        1  Left 
8   7   100        7130       31283      31384      173        500        1  Right
1   13  500        7121       31384      31884      176        2500       1  Right
1   14  500        7125       31884      32384      176        1000       1  Right
1   15  500        7127       32384      32884      177        1500       1  Right
8   15  100        7130       32884      32984      178        700        1  Right
8   14  100        7130       32984      33084      179        600        1  Right
8   9   100        7130       33084      33184      180        600        1  Left 
1   15  500        7144       33084      33585      180        1500       1  Right
3   9   500        7281       33184      33685      181        2000       1  Left 
7   8   100        7141       33585      33686      182        500        1  Right
0   1   500        7142       33686      34186      184        2500       1  Right
13  1   100        7150       34186      34286      185        500        1  Right
9   8   100        7150       34186      34287      185        600        1  Left 
2   1   100        7155       34286      34387      186        400        1  Right
4   8   100        7153       34287      34388      187        500        1  Left 
2   1   100        7155       34387      34488      188        400        1  Right
13  0   100        7154       34388      34489      189        600        1  Left 
0   8   100        7155       34489      34589      191        100        1  Right
1   0   100        7163       34589      34689      192        500        1  Right
14  8   100        7172       34689      34789      193        600        1  Right
15  8   100        7174       34789      34889      194        700        1  Right
15  0   100        7189       34889      34989      195        800        1  Right
2   12  500        7155       34489      34990      191        2000       1  Right
0   15  500        7210       34989      35490      196        4000       1  Right
1   2   500        7176       35490      35990      198        2000       1  Right
13  8   500        7256       35490      35991      198        3500       1  Left 
1   13  500        7178       35991      36491      200        2500       1  Right
6   12  500        7363       35991      36492      200        2500       1  Left 
8   13  100        7225       36492      36592      202        700        1  Left 
8   13  100        7227       36592      36692      203        700        1  Left 
1   2   500        7179       36491      36992      201        2000       1  Right
8   10  500        7305       36692      37193      204        1500       1  Right
2   0   100        7221       37193      37293      206        700        1  Left 
15  0   100        7231       37293      37393      207        800        1  Right
15  1   100        7279       37393      37493      208        300        1  Right
0   2   500        7247       37393      37893      208        3500       1  Left 
0   15  500        7252       37893      38393      210        4000       1  Right
0   11  100        7277       38393      38493      211        300        1  Right
1   15  500        7305       38393      38894      211        1500       1  Right
0   7   100        7300       38894      38994      213        600        1  Right
15  0   100        7333       38994      39094      214        800        1  Right
7   2   100        7338       39094      39194      215        300        1  Right
0   8   500        7350       39094      39595      215        500        1  Right
2   7   500        7379       39194      39695      216        1500       1  Right
1   12  500        7412       39595      40096      217        4000       1  Left 
0   15  500        7354       40096      40596      219        4000       1  Right
0   1   500        7365       40596      41096      220        2500       1  Right
12  1   100        7381       41096      41196      221        800        1  Right
12  2   100        7458       41196      41296      222        400        1  Right
0   3   500        7399       41096      41597      221        500        1  Right
1   15  500        7417       41196      41697      222        1500       1  Right
0   13  100        7404       41597      41698      224        600        1  Left 
7   8   100        7430       41697      41699      225        500        1  Right
15  0   100        7388       41698      41700      226        800        1  Left 
15  1   100        7390       41700      41800      228        300        1  Right
8   0   100        7408       41700      41801      228        100        1  Right
10  1   100        7399       41800      41901      229        900        1  Left 
3   0   100        7431       41801      41902      230        100        1  Right
4   8   100        7438       41901      42002      231        1100       1  Right
15  4   100        7453       42002      42102      233        400        1  Right
1   10  500        7440       42002      42502      233        3500       1  Right
4   3   100        7442       42502      42602      235        300        1  Left 
6   13  500        7441       42502      43002      235        4000       1  Right
3   14  500        7450       43002      43502      237        4000       1  Right
4   15  500        7494       43002      43503      237        2000       1  Right
0   13  100        7473       43503      43603      239        600        1  Left 
2   0   100        7474       43603      43703      240        700        1  Left 
10  0   100        7483       43703      43803      241        200        1  Right
8   7   500        7451       43502      44003      238        2500       1  Right
5   8   100        7481       44003      44103      243        300        1  Right
0   2   500        7500       43803      44304      242        3500       1  Left 
3   7   100        7463       44304      44404      245        700        1  Right
13  1   100        7489       44404      44504      246        500        1  Right
6   12  500        7463       44404      44904      246        2500       1  Left 
8   4   500        7474       44904      45404      248        2500       1  Left 
6   8   100        7483       45404      45504      249        100        1  Right
5   3   100        7485       45504      45604      250        500        1  Right
10  8   100        7485       45604      45704      251        300        1  Right
2   12  500        7484       45404      45905      249        2000       1  Right
8   0   500        7485       45704      46205      252        500        1  Right
7   3   500        7486       45905      46406      253        4500       1  Left 
10  1   100        7492       46406      46506      255        900        1  Left 
2   0   100        7538       46506      46606      255        700        1  Left 
8   6   500        7509       46205      46706      254        500        1  Right
13  0   100        7547       46606      46707      256        600        1  Left 
2   0   100        7591       46707      46807      258        700        1  Left 
8   5   500        7512       46706      47207      258        1500       1  Right
6   3   100        7487       47207      47307      261        300        1  Right
7   3   100        7494       47307      47407      262        700        1  Right
8   4   100        7512       47407      47507      263        500        1  Left 
7   1   100        7540       47407      47508      262        100        1  Right
8   5   100        7512       47507      47608      264        300        1  Right
8   6   100        7512       47608      47708      266        100        1  Right
8   7   100        7512       47708      47808      267        500        1  Right
8   13  100        7512       47808      47908      268        900        1  Right
3   4   500        7536       47507      48008      263        1500       1  Left 
0   8   100        7544       47908      48008      268        100        1  Right
12  6   100        7516       48008      48108      270        500        1  Left 
1   13  500        7515       47908      48409      269        2500       1  Right
3   5   500        7537       48108      48410      270        2500       1  Right
1   10  500        7538       48409      48711      271        4500       1  Left 
12  5   100        7541       48711      48811      273        900        1  Right
3   6   500        7538       48410      48911      272        1500       1  Right
3   4   100        7547       48911      49011      275        300        1  Left 
7   8   100        7548       48911      49012      275        500        1  Right
6   8   100        7550       49012      49112      277        100        1  Right
5   8   100        7552       49112      49212      278        300        1  Right
0   2   500        7564       49011      49512      276        3500       1  Left 
3   5   100        7547       49512      49612      280        500        1  Right
3   6   100        7547       49612      49712      281        300        1  Right
10  6   100        7590       49712      49713      282        400        1  Right
8   10  100        7612       49713      49813      283        300        1  Right
5   12  500        7572       49612      50014      281        4500       1  Right
4   8   100        7554       50014      50114      285        500        1  Left 
4   1   100        7561       50114      50214      286        700        1  Right
13  8   100        7571       50214      50314      287        700        1  Left 
5   1   100        7577       50214      50315      287        100        1  Right
7   8   100        7640       50315      50415      287        500        1  Right
0   13  500        7578       50314      50815      288        3000       1  Left 
0   7   100        7579       50815      50915      291        600        1  Right
4   3   100        7592       50815      50916      291        300        1  Left 
0   11  100        7603       50915      51015      292        300        1  Right
5   3   100        7598       51015      51115      294        500        1  Right
1   7   500        7586       50915      51416      292        500        1  Right
0   2   500        7617       51115      51616      295        3500       1  Left 
10  1   100        7591       51616      51716      297        700        1  Right
10  0   100        7595       51716      51816      298        200        1  Right
1   4   500        7596       51716      52217      298        3500       1  Right
10  8   500        7674       51816      52317      297        1500       1  Right
6   1   100        7606       52217      52318      300        300        1  Right
13  0   100        7609       52317      52418      301        600        1  Left 
6   3   100        7606       52418      52518      303        300        1  Right
3   7   100        7640       52518      52618      302        900        1  Left 
11  2   100        7642       52618      52718      303        1000       1  Left 
11  8   100        7718       52718      52818      304        200        1  Right
1   5   500        7619       52318      52819      302        500        1  Right
0   13  500        7642       52718      53219      304        3000       1  Left 
1   10  500        7634       53219      53719      307        3500       1  Right
4   1   100        7639       53719      53819      308        700        1  Right
8   10  100        7661       53719      53820      308        300        1  Right
7   0   100        7644       53820      53821      310        1000       1  Left 
2   0   100        7650       53821      53921      311        700        1  Left 
1   6   500        7647       53819      54221      309        1500       1  Right
0   2   500        7677       53921      54422      312        3500       1  Left 
4   1   100        7652       54422      54522      314        700        1  Right
7   1   100        7653       54522      54622      315        100        1  Right
4   0   100        7654       54522      54623      315        400        1  Left 
5   1   100        7658       54622      54723      316        100        1  Right
5   1   100        7671       54723      54823      318        100        1  Right
2   11  500        7673       54623      55124      317        5000       1  Left 
5   0   100        7673       55124      55224      320        400        1  Right
1   4   500        7670       55124      55624      320        3500       1  Right
13  1   100        7676       55624      55724      322        500        1  Right
1   4   500        7683       55724      56224      323        3500       1  Right
15  4   100        7705       56224      56324      324        400        1  Right
15  6   100        7706       56324      56424      325        1000       1  Left 
0   15  100        7712       56424      56524      326        800        1  Left 
2   0   100        7714       56524      56624      327        700        1  Left 
1   5   500        7694       56224      56724      324        500        1  Right
15  6   100        7720       56624      56725      328        1000       1  Left 
1   7   500        7699       56724      57225      329        500        1  Right
0   3   500        7723       56725      57226      330        500        1  Right
6   1   100        7702       57225      57227      331        300        1  Right
6   1   100        7715       57227      57228      333        300        1  Right
8   7   500        7708       57226      57529      332        5500       1  Left 
6   0   100        7717       57529      57629      335        200        1  Right
8   10  100        7748       57629      57729      334        300        1  Right
1   13  500        7703       57529      58029      335        2500       1  Right
7   8   100        7727       58029      58129      336        1100       1  Left 
1   5   500        7714       58029      58529      338        500        1  Right
0   2   500        7740       58129      58630      337        3500       1  Left 
13  0   100        7758       58630      58730      339        600        1  Left 
15  2   100        7790       58630      58731      339        100        1  Right
10  8   100        7761       58730      58831      340        300        1  Right
0   8   100        7763       58831      58931      342        100        1  Right
1   6   500        7743       58529      58932      338        1500       1  Right
8   7   100        7787       58931      58933      343        1100       1  Left 
8   7   100        7789       58933      58934      345        1100       1  Left 
1   6   500        7756       58932      59333      344        1500       1  Right
7   6   100        7764       59333      59433      347        400        1  Right
0   13  500        7789       58934      59435      346        3000       1  Left 
4   1   100        7729       59435      59535      349        700        1  Right
7   1   100        7765       59535      59635      350        100        1  Right
5   1   100        7789       59635      59735      351        100        1  Right
8   11  500        7827       59433      59934      346        1000       1  Right
7   0   100        7769       59934      60034      353        600        1  Right
4   15  500        7746       59535      60036      350        2000       1  Right
12  5   100        7792       60034      60037      354        700        1  Left 
8   3   100        7828       60037      60137      354        200        1  Right
1   4   500        7762       60036      60439      355        3500       1  Right
2   0   100        7780       60439      60440      358        700        1  Left 
6   15  500        7771       60439      60441      358        3000       1  Right
0   2   500        7806       60440      60542      359        3500       1  Left 
3   0   100        7807       60542      60642      361        100        1  Right
0   10  100        7816       60642      60742      362        200        1  Right
13  0   100        7836       60742      60743      361        600        1  Left 
7   8   500        7798       60441      60843      360        2500       1  Right
0   9   100        7881       60743      60843      362        500        1  Left 
2   15  500        7821       60542      60945      361        500        1  Right
1   7   500        7823       60843      61343      365        500        1  Right
6   12  500        7804       60843      61344      365        2500       1  Left 
4   8   100        7824       61344      61444      368        500        1  Left 
15  6   100        7851       61444      61544      367        1000       1  Left 
1   5   500        7826       61343      61844      365        500        1  Right
6   1   100        7824       61844      61944      371        300        1  Right
2   1   100        7828       61944      62044      370        400        1  Right
8   4   500        7860       61544      62045      368        2500       1  Left 
13  1   100        7838       62044      62145      371        500        1  Right
13  4   100        7893       62145      62146      373        200        1  Right
5   12  500        7823       62045      62447      374        3500       1  Left 
1   2   500        7853       62145      62547      373        2000       1  Right
6   10  500        7867       62447      62948      375        2000       1  Right
1   13  500        7865       62547      63048      376        2500       1  Right
4   3   100        7892       62948      63048      377        300        1  Left 
5   8   100        7872       62948      63049      377        300        1  Right
12  1   100        7873       63048      63149      378        800        1  Right
8   0   500        7899       63049      63550      379        500        1  Right
4   13  500        7924       63149      63649      380        1000       1  Right
1   6   500        7870       63149      63650      380        1500       1  Right
0   9   100        7905       63649      63750      382        500        1  Left 
12  1   100        7873       63750      63850      384        800        1  Right
2   1   100        7875       63850      63950      385        400        1  Right
10  1   100        7895       63950      64050      386        900        1  Left 
8   5   500        7903       63650      64151      383        1500       1  Right
6   8   100        7917       64151      64251      388        100        1  Right
5   3   100        7937       64251      64252      389        500        1  Right
1   12  500        7904       64050      64452      387        4000       1  Right
8   6   500        7943       64252      64753      390        500        1  Right
6   3   100        7965       64753      64853      392        300        1  Right
1   12  500        7907       64452      64953      391        4000       1  Right
11  1   100        7926       64953      65053      394        200        1  Right
12  2   100        7932       64953      65054      394        400        1  Right
9   2   100        7948       65054      65154      396        200        1  Right
1   10  500        7936       65053      65554      395        3500       1  Right
0   10  100        7943       65554      65555      398        200        1  Right
2   12  500        7960       65154      65556      397        2000       1  Right
0   8   100        7956       65555      65655      399        100        1  Right
12  0   100        7951       65655      65755      401        300        1  Left 
6   15  500        8010       65554      65957      398        3000       1  Right
0   12  500        7987       65755      66256      402        1500       1  Left 
11  0   100        8007       66256      66356      404        300        1  Right
11  8   100        8009       66356      66456      405        200        1  Right
1   2   500        7951       65957      66458      403        2000       1  Right
0   3   500        8099       66356      66858      405        500        1  Right
1   11  500        7962       66458      66859      407        1000       1  Right
6   7   500        8026       66858      67259      408        6000       1  Left 
2   1   100        7968       67259      67359      410        400        1  Right
9   8   100        8040       67259      67360      410        600        1  Left 
10  1   100        7975       67360      67460      412        700        1  Right
11  1   100        8016       67460      67560      413        200        1  Right
8   4   100        8041       67460      67561      413        500        1  Left 
15  1   100        8043       67560      67661      414        300        1  Right
10  0   100        8059       67561      67661      415        200        1  Right
8   5   100        8041       67561      67662      415        300        1  Right
7   1   100        8049       67661      67762      416        100        1  Right
8   6   100        8041       67662      67763      417        100        1  Right
2   9   500        7989       67360      67861      412        1000       1  Right
15  2   100        8107       67861      67961      420        100        1  Right
13  4   100        8145       67861      67962      419        200        1  Right
15  2   100        8170       67961      68062      420        100        1  Right
1   10  500        8016       67763      68264      419        3500       1  Right
8   7   100        8041       68264      68364      424        500        1  Right
0   10  500        8105       68264      68765      424        1000       1  Right
1   11  500        8052       68364      68766      425        1000       1  Right
7   8   100        8058       68765      68767      426        1100       1  Left 
11  6   100        8087       68766      68867      427        100        1  Right
6   8   100        8060       68867      68967      429        100        1  Right
5   8   100        8062       68967      69067      430        300        1  Right
4   8   100        8064       69067      69167      431        500        1  Left 
8   11  100        8100       69167      69267      432        200        1  Right
1   15  500        8069       68767      69268      428        1500       1  Right
8   11  100        8101       69267      69368      433        200        1  Right
13  6   100        8146       69368      69468      434        800        1  Left 
2   15  500        8138       69268      69768      433        500        1  Right
1   7   500        8095       69268      69769      434        500        1  Right
11  1   100        8088       69769      69869      438        200        1  Right
8   9   500        8160       69468      69970      435        3000       1  Left 
0   7   100        8118       69970      70070      440        1000       1  Left 
1   11  500        8126       69869      70370      439        1000       1  Right
7   1   100        8139       70370      70470      441        100        1  Right
6   15  500        8153       70070      70571      440        5000       1  Left 
11  0   100        8092       70571      70671      444        300        1  Right
3   0   100        8128       70671      70771      444        100        1  Right
10  0   100        8158       70771      70871      445        200        1  Right
1   7   500        8185       70470      70971      442        500        1  Right
0   13  100        8159       70871      70971      446        600        1  Left 
2   15  500        8201       70571      71073      443        500        1  Right
11  8   500        8121       70671      71172      445        1000       1  Right
0   10  500        8204       70971      71471      447        1000       1  Right
4   13  500        8176       70971      71472      447        1000       1  Right
5   15  500        8301       71073      71575      446        2000       1  Right
13  6   100        8180       71575      71675      452        800        1  Right
13  2   100        8210       71675      71775      453        100        1  Right
15  6   100        8230       71675      71776      451        600        1  Right
3   8   500        8140       71471      71972      450        1000       1  Right
8   0   100        8196       71972      72072      456        100        1  Right
1   2   500        8213       71776      72277      455        2000       1  Right
0   14  100        8207       72277      72377      458        700        1  Right
3   4   500        8175       71972      72473      456        1500       1  Left 
12  0   100        8204       72473      72573      460        300        1  Left 
6   13  500        8221       72377      72878      459        4000       1  Right
14  2   100        8228       72878      72978      460        200        1  Right
0   12  500        8240       72573      73074      459        1500       1  Left 
6   11  500        8369       72878      73380      460        500        1  Right
2   13  500        8231       72978      73479      461        500        1  Right
1   3   100        8215       73380      73481      465        600        1  Right
1   8   100        8219       73481      73482      467        400        1  Right
7   0   100        8233       73481      73483      465        1000       1  Left 
9   1   100        8249       73483      73583      467        600        1  Right
10  1   100        8250       73583      73584      468        900        1  Left 
3   5   500        8224       73483      73585      469        2500       1  Right
1   10  500        8291       73584      73786      469        4500       1  Left 
2   3   100        8250       73786      73886      471        600        1  Left 
0   7   100        8252       73786      73887      471        600        1  Right
13  6   100        8251       73887      73987      473        800        1  Right
12  0   100        8290       73887      73988      473        300        1  Left 
2   8   100        8254       73987      74088      474        800        1  Right
2   14  500        8254       74088      74588      476        1000       1  Right
3   6   500        8259       74088      74589      476        1500       1  Right
15  5   100        8255       74588      74689      477        400        1  Right
15  5   100        8506       74689      74789      479        400        1  Right
6   13  500        8440       74589      75090      478        4000       1  Left 
0   1   100        8260       75090      75190      481        500        1  Right
0   1   100        8260       75190      75290      482        500        1  Right
0   7   500        8284       75290      75790      483        3000       1  Right
8   1   500        8290       75790      76290      484        2000       1  Right
0   12  500        8326       75790      76291      484        1500       1  Left 
1   9   500        8295       76290      76791      485        3000       1  Right
8   0   500        8290       76291      76792      486        500        1  Right
2   1   100        8363       76791      76892      487        400        1  Right
14  8   100        8301       76892      76992      489        600        1  Right
8   2   500        8311       76992      77492      490        4000       1  Right
7   0   100        8335       77492      77592      491        600        1  Right
10  0   100        8343       77592      77692      492        200        1  Right
9   0   100        8359       77692      77792      493        500        1  Left 
12  0   100        8363       77792      77892      494        300        1  Left 
10  0   100        8452       77892      77992      495        200        1  Right
12  0   100        8461       77992      78092      496        300        1  Left 
8   14  500        8347       77592      78093      492        3000       1  Right
9   8   100        8361       78093      78193      498        600        1  Left 
1   2   500        8384       78093      78594      498        2000       1  Right
9   1   100        8368       78594      78694      500        600        1  Right
0   7   500        8386       78694      79194      501        3000       1  Right
8   1   100        8386       79194      79294      502        400        1  Right
8   2   100        8386       79294      79394      503        800        1  Right
8   14  100        8386       79394      79494      504        600        1  Right
8   11  100        8386       79494      79594      505        200        1  Right
0   10  500        8389       79194      79695      502        1000       1  Right
1   9   500        8414       79494      79996      505        3000       1  Right
11  1   100        8402       79996      80096      508        200        1  Right
0   12  500        8399       79695      80196      507        1500       1  Left 
11  8   100        8414       80096      80196      509        200        1  Right
2   1   100        8406       80096      80197      509        400        1  Right
1   8   100        8424       80197      80297      511        400        1  Right
2   8   100        8425       80297      80397      512        800        1  Right
0   3   500        8423       80196      80697      510        500        1  Right
0   11  100        8424       80697      80797      514        300        1  Right
9   6   100        8461       80797      80897      515        700        1  Left 
1   2   500        8427       80397      80898      513        2000       1  Right
8   9   100        8492       80897      80998      516        600        1  Left 
7   1   100        8440       80898      80999      517        100        1  Right
14  8   100        8428       80998      81099      518        1000       1  Left 
14  8   100        8435       81099      81199      520        1000       1  Left 
8   9   100        8493       81199      81299      521        600        1  Left 
1   11  500        8440       80999      81500      519        1000       1  Right
0   12  500        8497       81299      81800      522        1500       1  Left 
1   13  500        8489       81500      82001      523        2500       1  Right
10  1   100        8454       82001      82101      525        700        1  Right
9   1   100        8462       82101      82201      526        600        1  Right
10  4   100        8587       82101      82202      526        200        1  Left 
13  1   100        8463       82201      82302      527        500        1  Right
9   0   100        8466       82202      82303      528        500        1  Left 
1   7   500        8495       82302      82803      529        500        1  Right
9   8   500        8503       82303      82804      530        3000       1  Left 
6   15  500        8532       82803      82805      531        3000       1  Right
2   3   500        8526       82804      82805      532        3000       1  Left 
0   8   500        8513       82804      82806      532        500        1  Right
3   1   100        8466       82805      82807      533        1000       1  Left 
0   5   100        8514       82806      82808      534        400        1  Right
1   10  500        8498       82807      83308      535        4500       1  Left 
11  1   100        8495       83308      83408      537        200        1  Right
3   2   500        8507       83308      83809      537        3000       1  Left 
8   14  500        8532       83408      83909      538        3000       1  Right
3   2   100        8517       83809      83910      539        600        1  Left 
13  2   100        8527       83910      84010      541        100        1  Right
12  0   100        8531       83910      84011      541        300        1  Left 
5   15  500        8552       83909      84410      540        2000       1  Right
0   12  500        8567       84011      84511      543        1500       1  Left 
2   13  500        8548       84010      84512      542        500        1  Right
13  2   100        8570       84512      84612      546        100        1  Right
1   9   500        8510       84511      85012      545        5000       1  Left 
1   11  500        8531       85012      85512      548        1000       1  Right
6   13  500        8554       85012      85513      548        4000       1  Left 
5   2   100        8578       85512      85613      549        500        1  Right
0   11  100        8567       85513      85614      550        300        1  Right
4   10  500        8613       85513      86014      550        1000       1  Left 
2   13  500        8591       85613      86114      551        500        1  Right
1   0   500        8543       85614      86115      552        2500       1  Right
1   0   500        8556       86115      86615      555        2500       1  Right
3   1   100        8557       86615      86715      556        600        1  Right
7   0   100        8561       86715      86815      557        600        1  Right
8   1   100        8583       86815      86915      558        400        1  Right
14  1   100        8591       86915      87015      559        200        1  Right
11  0   100        8607       86915      87016      559        300        1  Right
13  6   100        8610       87016      87017      561        800        1  Left 
12  0   100        8612       87017      87117      562        300        1  Left 
0   8   100        8614       87117      87217      563        100        1  Right
8   9   100        8684       87217      87317      564        600        1  Left 
2   5   500        8609       87015      87417      560        2500       1  Right
13  5   100        8635       87417      87517      566        1000       1  Left 
1   14  500        8612       87417      87917      566        1000       1  Right
0   7   500        8618       87917      88417      568        3000       1  Right
0   1   100        8621       88417      88517      569        500        1  Right
15  1   100        8622       88517      88617      570        300        1  Right
15  1   100        8622       88617      88717      571        300        1  Right
15  2   100        8671       88717      88817      572        100        1  Right
0   12  500        8648       88517      89018      570        1500       1  Left 
14  0   100        8635       89018      89019      574        900        1  Left 
1   8   500        8634       88717      89020      572        2000       1  Right
7   0   100        8675       89019      89021      575        1000       1  Left 
14  8   100        8637       89021      89022      577        600        1  Right
15  0   100        8690       89021      89023      577        800        1  Left 
5   8   100        8654       89022      89122      578        300        1  Right
14  1   100        8644       89022      89123      578        200        1  Right
0   11  500        8651       89122      89623      580        1500       1  Right
1   15  500        8648       89123      89624      581        1500       1  Right
5   13  500        8671       89623      89625      582        5000       1  Left 
1   15  500        8651       89624      89626      583        1500       1  Right
9   8   100        8692       89625      89726      584        600        1  Left 
2   15  500        8702       89626      90126      585        500        1  Right
1   14  500        8665       89626      90127      585        1000       1  Right
7   1   100        8677       90127      90227      588        100        1  Right
14  6   100        8693       90227      90228      589        500        1  Right
14  1   100        8694       90228      90328      590        200        1  Right
8   14  100        8713       90328      90329      591        600        1  Right
0   15  500        8711       90126      90330      587        4000       1  Left 
8   14  100        8715       90329      90331      592        600        1  Right
0   9   100        8726       90330      90431      593        500        1  Left 
3   15  100        8785       90431      90432      593        700        1  Left 
8   5   500        8803       90331      90732      592        1500       1  Right
1   14  500        8717       90331      90733      594        1000       1  Right
6   9   500        8733       90732      91233      595        3500       1  Left 
1   7   500        8735       90733      91234      596        500        1  Right
14  0   100        8698       91233      91334      599        900        1  Left 
11  0   100        8700       91334      91335      601        300        1  Right
1   3   500        8751       91334      91336      599        5000       1  Left 
0   11  500        8741       91335      91436      600        1500       1  Right
9   1   100        8756       91336      91437      601        600        1  Right
12  0   100        8724       91436      91537      604        300        1  Left 
14  8   500        8749       91437      91938      603        3000       1  Right
0   12  500        8760       91537      92038      604        1500       1  Left 
7   4   100        8783       91938      92038      605        600        1  Right
11  1   100        8782       91938      92039      605        200        1  Right
12  0   100        8795       92038      92139      606        300        1  Left 
0   10  100        8798       92139      92239      608        200        1  Right
11  0   100        8861       92239      92339      608        300        1  Right
4   7   500        8814       92038      92539      606        3000       1  Right
0   4   100        8816       92539      92639      611        400        1  Left 
1   9   500        8802       92539      93039      611        3000       1  Right
0   12  500        8831       92639      93140      611        1500       1  Left 
10  4   100        8839       93140      93240      613        200        1  Left 
10  6   100        8840       93240      93340      614        400        1  Right
10  6   100        8849       93340      93440      615        400        1  Right
1   11  500        8818       93039      93540      613        1000       1  Right
1   3   100        8896       93540      93640      617        600        1  Right
2   4   500        8902       93240      93742      614        1500       1  Right
9   1   100        8854       93742      93842      619        600        1  Right
0   9   100        8869       93842      93843      620        1100       1  Right
13  5   100        8886       93843      93943      621        600        1  Right
4   10  500        8865       93742      94144      619        1000       1  Left 
0   11  500        8904       93843      94345      621        1500       1  Right
1   9   500        8902       93943      94444      622        3000       1  Right
12  1   100        8865       94444      94544      625        800        1  Right
4   2   100        8866       94544      94644      626        300        1  Right
5   1   100        8902       94544      94645      626        100        1  Right
6   10  500        8875       94345      94846      624        2000       1  Right
10  2   100        8894       94846      94946      629        500        1  Left 
3   1   100        8909       94846      94947      629        600        1  Right
2   10  500        8930       94946      95447      630        2500       1  Left 
1   0   500        8910       94947      95448      631        2500       1  Right
4   8   100        8939       95448      95449      633        500        1  Left 
6   13  500        8904       95448      95849      633        4000       1  Right
8   0   500        8941       95449      95950      634        500        1  Right
10  6   100        8971       95950      96050      636        400        1  Right
5   13  500        8922       95849      96350      635        3000       1  Right
8   4   500        8975       96050      96551      637        2500       1  Left 
15  0   100        8943       96551      96552      639        800        1  Left 
9   0   100        8957       96552      96652      640        500        1  Left 
6   14  500        8997       96350      96653      638        2500       1  Right
0   15  500        8964       96652      97054      641        4000       1  Left 
11  0   100        8962       97054      97154      643        300        1  Right
5   0   100        8991       97154      97254      644        400        1  Right
5   8   100        8993       97254      97354      645        300        1  Right
1   12  500        8935       97054      97554      643        4000       1  Right
12  15  100        8975       97554      97654      647        500        1  Right
6   10  500        9119       97354      97855      646        2000       1  Right
15  0   100        8997       97855      97955      649        800        1  Left 
1   5   500        8938       97554      98055      647        500        1  Right
8   4   100        9025       97955      98056      650        500        1  Left 
11  1   100        8964       98055      98156      651        200        1  Right
8   14  100        9025       98056      98157      652        1000       1  Left 
13  1   100        8977       98157      98257      654        500        1  Right
13  1   100        8977       98257      98357      655        500        1  Right
0   1   100        8997       98357      98457      656        500        1  Right
13  2   100        9029       98357      98458      656        100        1  Right
0   8   100        9009       98457      98557      657        100        1  Right
5   1   100        9000       98457      98558      657        100        1  Right
7   4   100        9035       98458      98560      658        600        1  Right
4   8   100        9048       98560      98660      661        500        1  Left 
4   8   100        9053       98660      98760      662        500        1  Left 
11  4   100        9069       98760      98860      663        700        1  Left 
1   13  500        9006       98560      99060      661        2500       1  Right
1   13  500        9012       99060      99560      665        2500       1  Right
0   15  500        9018       99560      100060     666        4000       1  Right
2   13  500        9050       99560      100061     666        500        1  Right
0   9   500        9020       100060     100560     667        2500       1  Left 
1   11  500        9018       100060     100561     667        1000       1  Right
0   14  100        9028       100560     100562     669        900        1  Left 
7   6   100        9036       100561     100563     670        400        1  Right
15  0   100        9040       100562     100663     671        800        1  Left 
13  0   100        9048       100663     100763     673        600        1  Left 
7   2   100        9102       100663     100764     673        300        1  Right
1   5   500        9036       100563     101064     672        500        1  Right
14  1   100        9048       101064     101065     676        200        1  Right
5   6   100        9097       101064     101066     676        200        1  Right
0   15  500        9061       100764     101067     675        4000       1  Left 
8   5   100        9107       101066     101067     678        300        1  Right
8   5   100        9109       101067     101167     679        300        1  Right
1   14  500        9069       101065     101468     677        1000       1  Right
0   13  500        9079       101067     101568     679        3000       1  Left 
14  8   100        9061       101468     101569     681        600        1  Right
5   1   100        9098       101569     101669     683        100        1  Right
15  3   500        9082       101568     102069     682        3500       1  Left 
3   6   100        9117       102069     102169     685        300        1  Right
1   5   500        9136       101669     102170     684        500        1  Right
10  1   100        9147       102170     102171     687        700        1  Right
4   7   500        9066       102069     102172     685        3000       1  Right
1   10  500        9188       102171     102373     688        3500       1  Right
15  0   100        9083       102373     102473     690        800        1  Right
9   0   100        9088       102473     102573     691        500        1  Left 
4   11  500        9090       102573     103073     692        3500       1  Left 
14  0   100        9096       103073     103173     693        700        1  Right
5   0   100        9102       103173     103273     694        400        1  Right
15  12  500        9116       103073     103574     693        2500       1  Right
5   8   500        9128       103273     103774     695        1500       1  Right
0   15  500        9114       103574     104075     696        4000       1  Left 
0   7   100        9114       104075     104076     698        600        1  Right
3   15  100        9121       104075     104077     698        700        1  Left 
0   14  500        9122       104076     104577     699        3500       1  Right
0   6   100        9122       104577     104677     701        200        1  Right
2   7   500        9145       104577     105078     701        1500       1  Right
0   9   500        9139       104677     105178     702        2500       1  Left 
15  0   100        9140       105178     105278     704        800        1  Left 
14  0   100        9154       105278     105279     705        900        1  Left 
6   7   500        9184       105078     105480     703        2000       1  Right
14  1   100        9206       105480     105580     707        200        1  Right
0   15  500        9161       105279     105780     706        4000       1  Left 
12  6   100        9146       105780     105880     709        500        1  Left 
9   1   100        9207       105780     105881     709        600        1  Right
7   6   100        9163       105881     105981     711        400        1  Right
6   2   100        9186       105981     106081     712        700        1  Right
7   6   100        9192       106081     106181     713        400        1  Right
8   4   500        9168       105880     106381     710        2500       1  Left 
2   6   500        9232       106181     106682     713        3500       1  Right
10  2   100        9241       106682     106782     715        500        1  Left 
0   14  500        9180       106682     107182     716        3500       1  Right
0   14  100        9180       107182     107282     718        700        1  Right
15  0   100        9182       107282     107382     719        800        1  Right
0   15  500        9203       107382     107882     720        4000       1  Right
4   1   100        9217       107882     107982     721        700        1  Right
15  1   100        9220       107982     108082     722        300        1  Right
12  15  100        9228       108082     108182     723        500        1  Right
6   10  500        9248       107882     108383     720        2000       1  Right
6   8   100        9278       108383     108483     724        100        1  Right
1   14  500        9227       108082     108583     723        1000       1  Right
2   10  500        9277       108383     108884     724        2500       1  Left 
8   6   500        9304       108483     108984     725        500        1  Right
1   15  500        9246       108583     109084     726        1500       1  Right
1   4   500        9248       109084     109584     729        3500       1  Right
14  0   100        9250       109584     109684     730        700        1  Right
4   0   100        9290       109684     109784     731        400        1  Left 
4   8   100        9292       109784     109884     732        500        1  Left 
11  4   100        9321       109884     109885     733        700        1  Left 
11  6   100        9322       109885     109985     734        100        1  Right
1   9   500        9253       109684     110085     731        3000       1  Right
10  6   100        9329       109985     110086     735        400        1  Right
15  1   100        9273       110085     110087     736        300        1  Right
11  2   100        9366       110086     110088     736        1000       1  Left 
0   14  500        9276       110088     110588     739        3500       1  Right
1   0   500        9291       110588     111088     740        2500       1  Right
4   1   100        9299       111088     111188     741        700        1  Right
13  0   100        9301       111188     111288     742        600        1  Left 
1   15  500        9299       111188     111688     742        1500       1  Right
0   13  500        9332       111288     111789     742        3000       1  Left 
14  0   100        9308       111789     111790     745        900        1  Left 
9   0   100        9316       111790     111890     746        500        1  Left 
6   7   500        9310       111688     112090     744        2000       1  Right
14  1   100        9310       112090     112190     748        200        1  Right
0   5   100        9332       112090     112191     747        400        1  Right
15  1   100        9324       112190     112291     749        300        1  Right
8   5   100        9333       112191     112292     749        300        1  Right
7   1   100        9355       112291     112391     750        100        1  Right
8   6   100        9333       112292     112393     751        100        1  Right
6   8   100        9349       112393     112493     753        100        1  Right
6   8   100        9350       112493     112593     754        100        1  Right
0   9   500        9367       112191     112692     749        2500       1  Left 
5   8   100        9351       112593     112694     755        300        1  Right
1   4   500        9331       112692     113193     756        3500       1  Right
8   0   500        9343       112694     113195     757        500        1  Right
15  3   100        9389       113193     113293     758        700        1  Left 
1   14  500        9332       113193     113694     758        1000       1  Right
4   11  500        9342       113293     113794     760        3500       1  Left 
10  5   100        9354       113794     113894     762        600        1  Right
4   6   100        9361       113894     113994     763        600        1  Left 
1   15  500        9350       113694     114195     761        1500       1  Right
4   1   100        9362       114195     114295     765        700        1  Right
14  4   100        9365       114295     114395     766        500        1  Right
6   5   500        9369       113994     114495     764        1000       1  Right
4   0   100        9366       114395     114496     767        400        1  Left 
15  8   100        9393       114495     114497     768        700        1  Right
13  0   100        9380       114496     114498     769        600        1  Left 
5   10  500        9375       114498     114998     771        3000       1  Right
8   4   100        9382       114998     115098     772        500        1  Left 
5   1   100        9392       114998     115099     772        100        1  Right
8   4   100        9384       115098     115199     773        500        1  Left 
15  3   100        9394       115199     115299     775        700        1  Left 
0   1   100        9397       115199     115300     775        500        1  Right
1   4   500        9395       115300     115800     778        3500       1  Right
