
472
C:/Users/nxconrad/Desktop/REU 2.0/Benchmark Data/16-core/7/flow_freqmine100#2.txt
810
[3, 12, 10, 11, 9, 5, 1, 0, 14, 2, 7, 13, 8, 4, 6, 15]
10  1   100        6420       6422       6522       0          400        1  Right
10  0   100        6422       6522       6622       1          500        1  Right
2   15  500        6428       6522       6623       0          3000       1  Right
0   3   500        6423       6622       6723       1          3500       1  Right
12  0   100        6439       6723       6823       3          600        1  Right
6   2   500        6435       6623       7124       2          2500       1  Right
3   0   100        6455       7124       7224       5          900        1  Left 
1   11  500        6440       6823       7324       4          1500       1  Right
2   6   100        6460       7224       7325       6          500        1  Right
15  8   100        6469       7325       7425       8          300        1  Right
1   5   500        6460       7324       7825       7          500        1  Right
0   12  500        6475       7425       7826       9          5000       1  Left 
12  0   100        6513       7826       7827       11         1000       1  Left 
1   10  500        6461       7825       8127       10         2000       1  Right
1   5   100        6468       8127       8227       13         100        1  Right
2   0   500        6614       7827       8327       11         1000       1  Right
8   15  500        6520       7827       8328       12         1500       1  Right
11  1   100        6477       8227       8329       14         300        1  Right
3   13  500        6537       8328       8829       15         2500       1  Left 
1   11  500        6513       8329       8830       17         1500       1  Right
7   8   100        6567       8829       8930       17         200        1  Right
6   1   500        6485       8830       9331       19         4000       1  Left 
10  1   100        6513       9331       9431       21         400        1  Right
0   9   100        6526       9431       9531       21         300        1  Right
11  3   100        6551       9431       9532       21         300        1  Right
0   7   100        6527       9531       9632       22         300        1  Right
9   3   100        6564       9532       9632       23         400        1  Right
5   1   500        6529       9531       10032      22         500        1  Right
0   12  500        6549       9632       10033      24         5000       1  Left 
1   10  500        6554       10032      10433      25         2000       1  Right
12  1   100        6596       10433      10533      27         500        1  Right
0   8   500        6588       10033      10534      26         2500       1  Right
1   2   100        6612       10534      10634      29         300        1  Right
1   0   100        6617       10634      10734      30         100        1  Right
3   9   500        6600       10533      11034      28         2000       1  Right
8   7   500        6588       10534      11035      29         1000       1  Right
1   12  500        6627       11034      11535      30         2500       1  Right
6   2   500        6677       11035      11536      31         2500       1  Right
10  8   100        6595       11536      11636      35         600        1  Left 
7   1   100        6613       11536      11637      35         400        1  Right
8   10  500        6621       11636      12137      35         3000       1  Left 
2   1   500        6633       11637      12138      35         1500       1  Right
10  3   100        6643       12137      12238      36         200        1  Right
0   1   500        6638       12138      12639      37         500        1  Right
15  1   100        6639       12639      12739      39         700        1  Left 
8   0   100        6648       12639      12740      39         500        1  Right
9   1   100        6640       12739      12840      40         200        1  Right
12  0   100        6660       12740      12841      41         1000       1  Left 
1   7   500        6664       12841      13341      43         2000       1  Right
0   6   100        6672       13341      13342      44         700        1  Right
1   15  500        6665       13341      13742      44         3500       1  Left 
1   9   500        6687       13742      14242      46         1000       1  Right
0   12  500        6696       13742      14243      46         5000       1  Left 
2   1   100        6692       14243      14343      48         300        1  Right
0   13  100        6696       14343      14443      49         400        1  Right
6   1   100        6705       14343      14444      49         800        1  Left 
15  0   100        6703       14444      14544      51         800        1  Left 
15  8   100        6705       14544      14545      52         300        1  Right
2   13  500        6746       14443      14845      49         1000       1  Right
0   3   500        6752       14544      14947      51         3500       1  Right
15  1   100        6712       14947      15047      55         700        1  Left 
8   0   500        6709       14947      15447      55         2500       1  Right
7   0   100        6710       15447      15547      57         300        1  Right
8   7   100        6757       15547      15647      57         200        1  Right
8   13  100        6757       15647      15747      58         100        1  Right
8   12  100        6757       15747      15847      59         500        1  Left 
8   11  100        6757       15847      15947      60         700        1  Left 
1   2   500        6713       15547      16047      58         1500       1  Right
8   10  100        6757       15947      16048      61         600        1  Left 
7   1   100        6721       16047      16148      63         400        1  Right
8   9   100        6757       16048      16149      63         800        1  Left 
7   0   100        6723       16148      16249      64         300        1  Right
13  2   100        6725       16249      16349      66         200        1  Right
1   15  500        6738       16149      16650      65         3500       1  Left 
9   0   100        6733       16650      16750      68         300        1  Right
6   2   500        6747       16349      16850      67         2500       1  Right
12  0   100        6738       16750      16851      69         600        1  Right
12  1   100        6740       16851      16951      71         500        1  Right
0   8   100        6761       16851      16952      71         500        1  Right
9   1   100        6744       16951      17052      72         200        1  Right
7   8   100        6765       16952      17053      73         200        1  Right
9   0   100        6746       17052      17153      74         300        1  Right
1   6   500        6746       17153      17653      76         4000       1  Right
15  6   100        6763       17653      17753      77         100        1  Right
9   8   100        6780       17753      17853      78         800        1  Left 
10  8   100        6782       17853      17953      79         600        1  Left 
11  8   100        6784       17953      18053      80         700        1  Left 
12  8   100        6786       18053      18153      81         500        1  Left 
1   7   500        6767       17653      18154      77         2000       1  Right
12  4   100        6821       18153      18253      82         400        1  Left 
13  8   100        6788       18153      18254      82         100        1  Right
13  8   100        6796       18254      18354      85         100        1  Right
5   2   500        6846       18154      18656      82         2000       1  Right
15  1   100        6764       18656      18756      87         700        1  Left 
2   6   100        6790       18656      18757      87         500        1  Right
15  0   100        6768       18756      18857      88         800        1  Left 
3   0   100        6786       18857      18858      90         900        1  Left 
1   12  500        6774       18857      19258      90         2500       1  Right
15  8   500        6875       18858      19359      90         1500       1  Right
14  8   100        6908       19359      19459      92         400        1  Right
3   11  500        6838       19258      19758      91         1500       1  Right
1   9   500        6790       19258      19759      92         1000       1  Right
2   5   100        6815       19759      19859      96         400        1  Right
7   1   100        6818       19859      19959      97         400        1  Right
9   1   100        6846       19959      20059      97         200        1  Right
7   8   100        6910       19959      20060      97         200        1  Right
4   12  500        6847       19758      20259      94         2000       1  Left 
14  3   100        6912       20259      20359      100        800        1  Left 
0   1   500        6896       20059      20561      98         500        1  Right
3   10  500        6935       20359      20860      101        1000       1  Right
1   15  500        6792       20561      21062      103        4500       1  Right
8   15  100        6829       21062      21162      104        300        1  Right
8   15  100        6837       21162      21262      105        300        1  Right
1   7   500        6864       21062      21563      104        2000       1  Right
1   0   100        6870       21563      21663      107        100        1  Right
8   13  500        6934       21262      21763      106        500        1  Right
1   9   500        6892       21663      22164      108        1000       1  Right
8   7   500        6935       21763      22264      109        1000       1  Right
1   0   100        6929       22164      22265      110        100        1  Right
9   8   100        6938       22264      22365      111        800        1  Left 
0   1   500        6950       22265      22766      112        500        1  Right
3   14  500        6943       22365      22866      113        4000       1  Left 
1   0   100        6972       22766      22867      114        100        1  Right
3   4   100        6998       22866      22966      115        300        1  Left 
1   0   100        7014       22867      22968      116        100        1  Right
3   5   100        6998       22966      23067      117        500        1  Right
3   6   100        6998       23067      23167      119        200        1  Left 
8   14  500        6954       22866      23367      115        2000       1  Right
8   9   500        6959       23367      23867      121        4000       1  Right
7   3   100        6962       23867      23967      122        600        1  Left 
9   3   100        6984       23967      24067      123        400        1  Right
1   14  500        7027       23867      24368      122        1000       1  Right
10  2   100        7037       24368      24468      125        700        1  Right
8   4   500        7011       23967      24469      123        500        1  Right
3   7   100        7054       24468      24569      126        1000       1  Right
12  4   100        7073       24569      24669      128        400        1  Left 
12  6   100        7074       24669      24769      129        300        1  Left 
12  6   100        7097       24769      24869      130        300        1  Left 
0   8   500        6971       24569      25069      128        2500       1  Right
0   10  100        6974       25069      25169      132        500        1  Right
4   8   100        6975       25069      25170      132        100        1  Right
4   3   100        7008       25170      25270      134        300        1  Left 
5   3   100        7015       25270      25370      135        500        1  Right
6   3   100        7023       25370      25470      136        200        1  Left 
2   5   100        7066       25470      25471      137        1200       1  Left 
0   1   500        6993       25169      25571      133        500        1  Right
0   10  100        6998       25571      25671      139        500        1  Right
14  1   100        7006       25671      25771      140        200        1  Right
2   10  500        7073       25671      26172      140        4500       1  Left 
0   15  100        7011       26172      26272      142        800        1  Right
8   0   100        7028       26272      26372      143        500        1  Right
13  1   100        7032       26372      26472      144        500        1  Right
14  1   100        7048       26472      26572      145        200        1  Right
6   15  500        7065       26272      26773      143        500        1  Right
1   13  500        7058       26572      27073      146        2500       1  Right
14  1   100        7061       27073      27173      148        200        1  Right
14  0   100        7063       27173      27273      149        100        1  Right
0   12  100        7067       27273      27373      150        600        1  Right
6   2   500        7077       27073      27574      148        2500       1  Right
1   14  500        7069       27373      27575      151        1000       1  Right
5   2   500        7097       27574      27576      152        6000       1  Left 
1   14  500        7082       27575      27876      153        1000       1  Right
13  0   100        7086       27876      27976      155        400        1  Right
13  8   100        7088       27976      28076      156        100        1  Right
4   12  500        7099       27576      28077      154        2000       1  Left 
8   0   500        7098       28076      28577      157        2500       1  Right
6   12  500        7133       28077      28578      157        1500       1  Left 
10  8   100        7119       28577      28678      159        1000       1  Right
8   4   100        7130       28678      28778      160        100        1  Right
8   7   100        7130       28778      28878      161        200        1  Right
7   8   100        7141       28878      28978      162        200        1  Right
0   3   500        7078       28678      29178      161        3500       1  Right
0   15  100        7086       29178      29278      165        800        1  Right
12  2   100        7128       29278      29378      165        800        1  Left 
9   8   100        7150       29378      29478      166        800        1  Left 
4   8   100        7153       29478      29578      167        100        1  Right
0   1   500        7093       29278      29778      166        500        1  Right
13  1   100        7095       29778      29878      170        500        1  Right
15  1   100        7100       29878      29978      171        700        1  Left 
13  6   100        7149       29878      29979      170        300        1  Right
14  1   100        7104       29978      30079      172        200        1  Right
12  6   100        7186       29979      30080      172        300        1  Left 
3   0   100        7107       30080      30180      175        700        1  Right
15  1   100        7118       30180      30280      176        700        1  Left 
1   0   100        7121       30280      30380      177        100        1  Right
14  3   100        7158       30280      30381      176        800        1  Left 
0   1   500        7142       30380      30881      177        500        1  Right
1   13  500        7121       30881      31381      180        2500       1  Right
1   14  500        7125       31381      31881      180        1000       1  Right
0   8   100        7155       31881      31981      181        500        1  Right
14  8   100        7172       31981      32081      182        400        1  Right
1   15  500        7127       31881      32381      181        3500       1  Left 
8   15  100        7130       32381      32481      184        300        1  Right
13  1   100        7150       32381      32482      184        500        1  Right
15  8   100        7174       32481      32582      185        300        1  Right
13  0   100        7154       32482      32583      186        400        1  Right
8   14  100        7130       32583      32683      188        400        1  Right
1   15  500        7144       32582      33083      187        3500       1  Left 
2   1   100        7155       33083      33183      190        300        1  Right
13  8   500        7256       32683      33184      188        500        1  Right
2   1   100        7155       33183      33284      191        300        1  Right
8   9   100        7130       33184      33285      192        800        1  Left 
1   0   100        7163       33284      33385      193        100        1  Right
2   12  500        7155       33285      33786      194        4000       1  Left 
1   2   500        7176       33786      34286      196        1500       1  Right
3   9   500        7281       33786      34287      195        2000       1  Right
1   13  500        7178       34286      34787      197        2500       1  Right
6   12  500        7363       34287      34788      195        1500       1  Left 
8   13  100        7225       34787      34887      198        100        1  Right
8   13  100        7227       34887      34987      200        100        1  Right
1   2   500        7179       34787      35288      199        1500       1  Right
8   10  500        7305       34987      35488      201        3000       1  Left 
15  0   100        7189       35488      35588      204        800        1  Right
0   15  500        7210       35588      36088      205        4000       1  Right
2   0   100        7221       36088      36188      206        200        1  Right
15  0   100        7231       36188      36288      206        800        1  Right
15  1   100        7279       36288      36388      207        700        1  Left 
0   2   500        7247       36288      36788      207        1000       1  Right
0   15  500        7252       36788      37288      209        4000       1  Right
0   11  100        7277       37288      37388      210        400        1  Right
7   2   100        7338       37288      37389      208        100        1  Right
0   7   100        7300       37389      37489      212        300        1  Right
1   15  500        7305       37388      37889      211        3500       1  Left 
0   8   500        7350       37489      37990      211        2500       1  Right
15  0   100        7333       37990      37991      213        800        1  Right
1   12  500        7412       37889      37992      212        2500       1  Right
0   15  500        7354       37991      38193      214        4000       1  Right
0   1   500        7365       38193      38693      216        500        1  Right
2   7   500        7379       38193      38694      216        500        1  Right
12  1   100        7381       38693      38695      217        500        1  Right
15  0   100        7388       38694      38696      218        800        1  Right
15  1   100        7390       38696      38796      220        700        1  Left 
8   0   100        7408       38696      38797      220        500        1  Right
15  4   100        7453       38796      38896      220        200        1  Right
10  1   100        7399       38796      38897      221        400        1  Right
7   8   100        7430       38797      38899      221        200        1  Right
4   8   100        7438       38899      38999      224        100        1  Right
0   3   500        7399       38897      39398      224        3500       1  Right
8   7   500        7451       38999      39500      225        1000       1  Right
0   13  100        7404       39500      39501      228        400        1  Right
1   15  500        7417       39398      39800      227        3500       1  Left 
3   0   100        7431       39800      39900      229        700        1  Right
8   4   500        7474       39500      39903      227        500        1  Right
2   0   100        7474       39900      40000      230        200        1  Right
1   10  500        7440       39900      40401      230        2000       1  Right
6   13  500        7441       39903      40405      231        1500       1  Right
3   14  500        7450       40401      40902      233        4000       1  Right
4   3   100        7442       40902      41002      235        300        1  Left 
12  2   100        7458       40902      41003      235        800        1  Right
3   7   100        7463       41002      41103      236        600        1  Left 
10  0   100        7483       41003      41104      237        500        1  Right
0   13  100        7473       41104      41204      239        400        1  Right
5   8   100        7481       41204      41304      240        700        1  Right
6   12  500        7463       41103      41604      238        1500       1  Left 
5   3   100        7485       41604      41605      242        500        1  Right
8   0   500        7485       41304      41706      241        2500       1  Right
4   15  500        7494       41604      42007      242        1000       1  Right
6   8   100        7483       42007      42107      245        200        1  Right
2   12  500        7484       41706      42108      244        4000       1  Right
7   3   500        7486       42107      42509      246        3000       1  Left 
0   2   500        7500       42108      42609      247        1000       1  Right
10  8   100        7485       42509      42610      248        600        1  Left 
13  1   100        7489       42609      42710      249        500        1  Right
6   3   100        7487       42610      42711      250        200        1  Left 
2   0   100        7538       42710      42712      251        200        1  Right
10  1   100        7492       42710      42713      251        400        1  Right
7   3   100        7494       42711      42715      252        600        1  Left 
7   1   100        7540       42715      42815      255        400        1  Right
13  0   100        7547       42815      42915      256        400        1  Right
2   0   100        7591       42915      43015      257        200        1  Right
8   6   500        7509       42715      43215      255        1000       1  Right
8   5   500        7512       43215      43715      259        3500       1  Right
8   4   100        7512       43715      43815      260        100        1  Right
8   5   100        7512       43815      43915      261        700        1  Right
0   8   100        7544       43915      44015      262        500        1  Right
7   8   100        7548       44015      44115      263        200        1  Right
3   4   500        7536       43815      44316      261        1500       1  Left 
8   6   100        7512       44316      44416      265        200        1  Right
8   7   100        7512       44416      44516      266        200        1  Right
0   2   500        7564       44015      44517      263        1000       1  Right
8   13  100        7512       44516      44616      267        100        1  Right
6   8   100        7550       44616      44617      269        200        1  Right
3   5   500        7537       44316      44719      265        2500       1  Right
12  6   100        7516       44719      44819      271        300        1  Left 
12  5   100        7541       44819      44919      272        400        1  Right
1   13  500        7515       44616      45018      269        2500       1  Right
3   6   500        7538       44819      45320      272        1000       1  Left 
3   4   100        7547       45320      45420      275        300        1  Left 
0   13  500        7578       45018      45518      274        2000       1  Right
1   10  500        7538       45018      45519      274        2000       1  Right
0   7   100        7579       45518      45619      277        300        1  Right
3   5   100        7547       45519      45620      278        500        1  Right
3   6   100        7547       45620      45720      280        200        1  Left 
5   8   100        7552       45720      45721      281        900        1  Left 
4   8   100        7554       45721      45821      282        100        1  Right
13  8   100        7571       45821      45921      283        100        1  Right
1   7   500        7586       45619      46021      279        2000       1  Right
4   1   100        7561       46021      46121      285        700        1  Right
4   3   100        7592       46121      46221      286        300        1  Left 
7   8   100        7640       46121      46222      286        200        1  Right
5   12  500        7572       45721      46223      282        2000       1  Right
10  6   100        7590       46223      46323      289        400        1  Left 
1   4   500        7596       46222      46723      288        3500       1  Right
5   1   100        7577       46723      46724      291        100        1  Right
0   11  100        7603       46723      46725      291        1200       1  Left 
8   10  100        7612       46725      46825      293        600        1  Left 
3   7   100        7640       46825      46925      294        600        1  Left 
1   5   500        7619       46724      47225      292        500        1  Right
0   2   500        7617       46725      47227      293        1000       1  Right
10  1   100        7591       47225      47326      296        400        1  Right
5   3   100        7598       47326      47426      298        500        1  Right
6   1   100        7606       47426      47526      299        800        1  Left 
6   3   100        7606       47526      47626      300        200        1  Left 
0   13  500        7642       47227      47728      297        2000       1  Right
1   10  500        7634       47526      48028      300        2000       1  Right
10  0   100        7595       48028      48128      303        500        1  Right
13  0   100        7609       48128      48129      304        400        1  Right
4   1   100        7639       48128      48130      304        900        1  Left 
7   0   100        7644       48129      48230      305        300        1  Right
2   0   100        7650       48230      48330      307        200        1  Right
1   6   500        7647       48130      48631      306        4000       1  Left 
11  2   100        7642       48631      48731      309        600        1  Right
8   10  100        7661       48631      48732      309        600        1  Left 
2   11  500        7673       48731      49232      310        3000       1  Right
10  8   500        7674       48732      49233      311        3000       1  Left 
4   1   100        7652       49233      49333      313        900        1  Left 
7   1   100        7653       49333      49334      314        1200       1  Left 
5   1   100        7658       49334      49434      315        100        1  Right
11  8   100        7718       49334      49435      315        700        1  Left 
5   1   100        7671       49434      49535      316        100        1  Right
7   8   100        7727       49435      49536      317        200        1  Right
0   2   500        7677       49232      49634      312        1000       1  Right
1   4   500        7670       49535      50037      318        4500       1  Left 
4   0   100        7654       50037      50137      321        600        1  Right
5   0   100        7673       50137      50237      322        200        1  Right
10  8   100        7761       50137      50238      322        600        1  Left 
13  1   100        7676       50237      50338      323        500        1  Right
1   4   500        7683       50338      50838      325        3500       1  Right
15  4   100        7705       50838      50938      326        200        1  Right
2   0   100        7714       50838      50939      326        200        1  Right
15  6   100        7706       50938      51039      327        100        1  Right
0   15  100        7712       51039      51139      329        800        1  Right
15  6   100        7720       51139      51239      330        100        1  Right
1   5   500        7694       50838      51338      326        500        1  Right
0   3   500        7723       51239      51740      331        4500       1  Left 
1   7   500        7699       51740      52240      333        2000       1  Right
6   1   100        7702       52240      52340      334        800        1  Right
1   13  500        7703       52340      52840      335        2500       1  Right
8   7   500        7708       52840      53340      336        1000       1  Right
0   2   500        7740       52840      53340      336        1000       1  Right
1   5   500        7714       52840      53341      336        500        1  Right
8   10  100        7748       53340      53441      337        600        1  Left 
6   1   100        7715       53441      53541      339        800        1  Right
12  5   100        7792       53441      53542      339        400        1  Right
6   0   100        7717       53541      53642      340        700        1  Right
4   1   100        7729       53642      53742      342        700        1  Right
1   6   500        7743       53742      54242      343        4000       1  Right
13  0   100        7758       54242      54342      344        400        1  Right
0   8   100        7763       54342      54442      345        500        1  Right
8   7   100        7787       54442      54542      346        200        1  Right
8   7   100        7789       54542      54642      347        200        1  Right
4   15  500        7746       54242      54742      344        1000       1  Right
0   13  500        7789       54642      55143      348        2000       1  Right
1   6   500        7756       54742      55243      349        4000       1  Left 
1   4   500        7762       55243      55743      351        3500       1  Right
6   15  500        7771       55243      55744      351        500        1  Right
1   7   500        7823       55743      56244      352        2000       1  Right
6   12  500        7804       55744      56245      353        1500       1  Left 
7   6   100        7764       56245      56345      355        400        1  Right
15  2   100        7790       56345      56445      356        600        1  Right
1   5   500        7826       56244      56745      351        500        1  Right
8   11  500        7827       56445      56945      354        3500       1  Left 
0   2   500        7806       56445      56946      357        1000       1  Right
7   1   100        7765       56945      57046      359        1200       1  Left 
7   0   100        7769       57046      57146      361        300        1  Right
8   3   100        7828       57046      57146      358        400        1  Left 
5   1   100        7789       57046      57147      361        100        1  Right
15  6   100        7851       57146      57246      359        100        1  Right
2   0   100        7780       57146      57247      362        200        1  Right
7   8   500        7798       57146      57647      362        1000       1  Right
5   12  500        7823       57147      57649      363        2000       1  Right
4   8   100        7824       57647      57747      365        100        1  Right
1   2   500        7853       57247      57748      362        1500       1  Right
3   0   100        7807       57748      57848      369        700        1  Right
0   10  100        7816       57848      57948      370        500        1  Right
8   4   500        7860       57747      58248      365        500        1  Right
2   15  500        7821       57948      58449      371        5000       1  Left 
6   1   100        7824       58449      58549      372        800        1  Right
2   1   100        7828       58549      58649      371        300        1  Right
13  0   100        7836       58649      58749      372        400        1  Right
13  1   100        7838       58749      58849      373        500        1  Right
6   10  500        7867       58549      59050      371        2000       1  Left 
5   8   100        7872       59050      59051      375        900        1  Left 
4   3   100        7892       59051      59151      376        300        1  Left 
1   13  500        7865       58849      59152      374        2500       1  Right
5   3   100        7937       59151      59152      377        500        1  Right
6   8   100        7917       59151      59153      377        200        1  Right
12  1   100        7873       59152      59253      378        500        1  Right
6   3   100        7965       59153      59253      379        200        1  Left 
13  4   100        7893       59153      59254      379        200        1  Right
1   6   500        7870       59253      59255      380        4000       1  Left 
8   0   500        7899       59254      59256      381        2500       1  Right
12  1   100        7873       59255      59356      382        500        1  Right
2   1   100        7875       59356      59456      384        300        1  Right
0   9   100        7881       59456      59556      385        300        1  Right
10  1   100        7895       59556      59656      386        400        1  Right
6   15  500        8010       59255      59756      382        500        1  Right
4   13  500        7924       59256      59757      383        1000       1  Right
1   12  500        7904       59656      60157      387        2500       1  Right
0   9   100        7905       60157      60257      390        300        1  Right
6   7   500        8026       59757      60258      389        2000       1  Right
1   12  500        7907       60257      60758      391        2500       1  Right
8   5   500        7903       60758      61258      393        3500       1  Right
11  1   100        7926       61258      61358      394        300        1  Right
12  2   100        7932       61258      61359      394        800        1  Left 
1   10  500        7936       61358      61859      395        2000       1  Right
8   6   500        7943       61359      61860      396        1000       1  Right
0   10  100        7943       61859      61861      397        500        1  Right
2   12  500        7960       61860      62262      398        4000       1  Left 
9   2   100        7948       62262      62362      400        500        1  Right
8   4   100        8041       62262      62363      400        100        1  Right
12  0   100        7951       62362      62463      401        600        1  Right
13  4   100        8145       62363      62464      401        200        1  Right
8   5   100        8041       62464      62564      404        900        1  Left 
8   6   100        8041       62564      62664      405        200        1  Right
8   7   100        8041       62664      62764      406        200        1  Right
1   2   500        7951       62463      62964      403        1500       1  Right
0   8   100        7956       62964      63064      408        500        1  Right
1   11  500        7962       62964      63065      408        1500       1  Right
0   12  500        7987       63064      63066      409        5000       1  Left 
1   10  500        8016       63065      63067      410        2000       1  Right
0   3   500        8099       63066      63167      411        4500       1  Left 
1   11  500        8052       63067      63168      412        1500       1  Right
0   10  500        8105       63167      63268      413        5500       1  Left 
2   1   100        7968       63268      63368      415        300        1  Right
8   11  100        8100       63268      63369      415        700        1  Left 
8   11  100        8101       63369      63469      417        700        1  Left 
2   9   500        7989       63368      63869      416        2500       1  Right
10  1   100        7975       63869      63969      419        400        1  Right
11  0   100        8007       63969      64069      420        400        1  Right
11  8   100        8009       64069      64169      421        700        1  Left 
11  1   100        8016       64169      64170      422        300        1  Right
10  0   100        8059       64169      64171      422        1100       1  Left 
9   8   100        8040       64171      64172      424        800        1  Right
11  6   100        8087       64171      64173      424        500        1  Left 
8   9   500        8160       64172      64673      424        4000       1  Right
15  1   100        8043       64673      64773      427        700        1  Left 
13  6   100        8146       64673      64774      426        300        1  Right
7   1   100        8049       64773      64874      428        400        1  Right
13  6   100        8180       64774      64875      428        300        1  Right
7   8   100        8058       64875      64975      431        200        1  Right
6   8   100        8060       64975      65075      432        200        1  Right
1   15  500        8069       64874      65375      430        3500       1  Left 
5   8   100        8062       65375      65475      434        700        1  Right
4   8   100        8064       65475      65575      435        100        1  Right
11  1   100        8088       65475      65576      435        300        1  Right
15  2   100        8107       65575      65676      436        600        1  Right
11  0   100        8092       65576      65677      437        400        1  Right
3   0   100        8128       65677      65678      438        700        1  Right
10  0   100        8158       65678      65778      439        500        1  Right
2   15  500        8138       65676      66078      437        3000       1  Right
1   7   500        8095       66078      66578      442        2000       1  Right
11  8   500        8121       66078      66579      442        3500       1  Left 
0   7   100        8118       66578      66679      443        300        1  Right
0   13  100        8159       66679      66779      444        400        1  Right
3   8   500        8140       66579      67079      443        2000       1  Left 
1   11  500        8126       66579      67080      443        1500       1  Right
7   1   100        8139       67080      67180      447        400        1  Right
4   13  500        8176       67079      67579      446        1000       1  Right
6   15  500        8153       67079      67580      446        500        1  Right
1   7   500        8185       67180      67682      448        2000       1  Right
8   0   100        8196       67682      67782      451        500        1  Right
9   1   100        8249       67682      67783      450        200        1  Right
12  0   100        8204       67783      67883      453        600        1  Right
3   4   500        8175       67580      68081      450        1500       1  Left 
15  2   100        8170       68081      68181      455        600        1  Right
0   10  500        8204       67883      68384      454        2500       1  Right
0   14  100        8207       68384      68385      457        100        1  Right
2   15  500        8201       68181      68583      456        3000       1  Right
13  2   100        8210       68583      68683      459        200        1  Right
15  6   100        8230       68583      68684      458        100        1  Right
3   5   500        8224       68384      68787      457        2500       1  Right
15  5   100        8255       68787      68788      461        600        1  Left 
6   13  500        8221       68684      68789      461        1500       1  Right
1   2   500        8213       68683      68790      460        1500       1  Right
13  6   100        8251       68789      68889      463        300        1  Right
14  2   100        8228       68790      68891      464        100        1  Right
5   15  500        8301       68788      68994      462        3000       1  Left 
1   3   100        8215       68994      69094      468        600        1  Right
1   8   100        8219       69094      69194      469        1000       1  Left 
2   13  500        8231       68891      69392      466        1000       1  Right
3   6   500        8259       69194      69694      469        1000       1  Left 
0   12  500        8240       69194      69695      469        3000       1  Right
2   3   100        8250       69694      69795      471        700        1  Left 
10  1   100        8250       69695      69796      472        400        1  Right
7   0   100        8233       69795      69896      473        300        1  Right
0   7   100        8252       69896      69996      475        300        1  Right
2   8   100        8254       69996      70096      476        300        1  Right
1   10  500        8291       69796      70297      474        2000       1  Right
0   1   100        8260       70297      70397      478        100        1  Right
0   1   100        8260       70397      70497      479        100        1  Right
2   14  500        8254       70096      70597      477        500        1  Right
6   11  500        8369       70297      70799      475        2500       1  Left 
1   9   500        8295       70497      70998      480        1000       1  Right
0   7   500        8284       70597      70999      481        1500       1  Right
15  5   100        8506       70998      70999      480        600        1  Left 
12  0   100        8290       70999      71099      484        600        1  Right
6   13  500        8440       70799      71201      479        1500       1  Right
14  8   100        8301       71201      71301      486        400        1  Right
0   12  500        8326       71099      71600      484        3000       1  Right
6   15  500        8532       71201      71703      483        500        1  Right
8   1   500        8290       71600      72101      488        3000       1  Right
5   15  500        8552       71703      72204      486        3000       1  Left 
8   0   500        8290       72101      72602      490        2500       1  Right
8   2   500        8311       72602      73102      492        1500       1  Right
7   0   100        8335       73102      73202      490        300        1  Right
10  0   100        8343       73202      73302      491        500        1  Right
9   0   100        8359       73302      73402      492        300        1  Right
12  0   100        8363       73402      73502      493        600        1  Right
10  0   100        8452       73502      73602      494        500        1  Right
12  0   100        8461       73602      73702      495        600        1  Right
8   14  500        8347       73202      73703      491        2000       1  Right
9   8   100        8361       73703      73803      497        800        1  Right
2   1   100        8363       73803      73903      498        300        1  Right
9   1   100        8368       73903      74003      499        200        1  Right
8   1   100        8386       74003      74004      500        1000       1  Left 
11  1   100        8402       74004      74104      501        300        1  Right
11  8   100        8414       74104      74204      502        700        1  Left 
9   6   100        8461       74204      74304      503        600        1  Left 
0   7   500        8386       73903      74305      499        1500       1  Right
1   2   500        8384       74305      74805      505        1500       1  Right
8   2   100        8386       74805      74905      506        300        1  Right
8   14  100        8386       74905      75005      507        400        1  Right
0   10  500        8389       74805      75306      506        2500       1  Right
8   11  100        8386       75306      75406      509        700        1  Left 
2   1   100        8406       75306      75407      509        300        1  Right
0   12  500        8399       75407      75907      511        3000       1  Right
1   9   500        8414       75907      76407      512        1000       1  Right
0   3   500        8423       75907      76408      512        4500       1  Left 
0   11  100        8424       76408      76508      514        400        1  Right
1   8   100        8424       76508      76608      515        600        1  Right
2   8   100        8425       76608      76708      516        300        1  Right
14  8   100        8428       76708      76808      517        400        1  Right
14  8   100        8435       76808      76908      518        400        1  Right
0   12  500        8497       76608      76909      516        3000       1  Right
2   3   500        8526       76908      77209      519        3500       1  Left 
8   9   100        8492       77209      77309      521        800        1  Left 
8   9   100        8493       77309      77409      522        800        1  Left 
1   2   500        8427       77209      77709      521        1500       1  Right
7   1   100        8440       77709      77809      524        400        1  Right
1   11  500        8440       77809      78309      525        1500       1  Right
8   14  500        8532       77809      78310      525        2000       1  Right
10  1   100        8454       78309      78410      526        400        1  Right
9   1   100        8462       78410      78510      528        200        1  Right
10  4   100        8587       78410      78511      528        500        1  Left 
13  1   100        8463       78510      78611      529        500        1  Right
9   0   100        8466       78611      78711      531        300        1  Right
3   1   100        8466       78711      78811      532        600        1  Right
1   13  500        8489       78811      78812      533        2500       1  Right
9   8   500        8503       78811      78813      533        4000       1  Left 
1   7   500        8495       78812      79313      534        2000       1  Right
11  1   100        8495       79313      79413      536        300        1  Right
3   2   500        8507       79313      79814      536        3500       1  Left 
1   10  500        8498       79413      79914      537        2000       1  Right
0   8   500        8513       79814      79915      538        2500       1  Right
4   10  500        8613       79914      80014      539        2500       1  Left 
1   9   500        8510       79914      80015      539        1000       1  Right
0   5   100        8514       80015      80115      542        200        1  Right
12  0   100        8531       80115      80215      543        600        1  Right
2   13  500        8548       79915      80417      540        1000       1  Right
3   2   100        8517       80417      80517      545        700        1  Left 
13  2   100        8527       80517      80617      546        200        1  Right
1   11  500        8531       80215      80716      544        1500       1  Right
6   13  500        8554       80617      81118      547        1500       1  Right
1   0   500        8543       80716      81217      548        500        1  Right
13  2   100        8570       81118      81219      549        200        1  Right
5   2   100        8578       81219      81220      551        1200       1  Left 
1   0   500        8556       81217      81619      550        500        1  Right
3   1   100        8557       81619      81719      553        600        1  Right
2   13  500        8591       81220      81721      552        1000       1  Right
13  6   100        8610       81721      81821      555        300        1  Right
0   12  500        8567       81719      82220      554        3000       1  Right
7   0   100        8561       82220      82221      557        300        1  Right
8   1   100        8583       82220      82222      557        1000       1  Left 
0   11  100        8567       82222      82322      559        400        1  Right
14  1   100        8591       82322      82323      560        200        1  Right
2   5   500        8609       82322      82324      560        6000       1  Left 
1   14  500        8612       82323      82424      561        1000       1  Right
13  5   100        8635       82324      82425      562        1000       1  Left 
11  0   100        8607       82425      82525      564        400        1  Right
12  0   100        8612       82525      82625      565        600        1  Right
0   8   100        8614       82625      82725      566        500        1  Right
0   7   500        8618       82725      82726      567        1500       1  Right
1   8   500        8634       82725      82727      567        5000       1  Left 
14  0   100        8635       82726      82827      568        100        1  Right
14  8   100        8637       82827      82927      570        400        1  Right
7   0   100        8675       82927      83027      571        300        1  Right
1   15  500        8648       82727      83228      569        3500       1  Left 
0   1   100        8621       83228      83328      573        100        1  Right
5   8   100        8654       83228      83329      573        900        1  Left 
15  1   100        8622       83329      83429      575        700        1  Left 
15  1   100        8622       83429      83529      576        700        1  Left 
14  1   100        8644       83529      83629      577        200        1  Right
15  2   100        8671       83529      83630      577        600        1  Right
14  6   100        8693       83630      83730      579        600        1  Right
0   12  500        8648       83629      84130      578        3000       1  Right
0   11  500        8651       84130      84630      581        2000       1  Right
1   15  500        8651       84630      85130      582        3500       1  Left 
1   14  500        8665       85130      85630      583        1000       1  Right
5   13  500        8671       85130      85631      583        5000       1  Left 
7   1   100        8677       85630      85731      584        400        1  Right
8   9   100        8684       85631      85732      585        800        1  Left 
14  1   100        8694       85731      85832      586        200        1  Right
9   8   100        8692       85732      85833      587        800        1  Left 
15  0   100        8690       85833      85933      589        800        1  Right
9   1   100        8756       85833      85934      589        200        1  Right
14  0   100        8698       85933      86034      590        100        1  Right
11  0   100        8700       86034      86134      592        400        1  Right
12  0   100        8724       86134      86234      593        600        1  Right
11  1   100        8782       86234      86334      594        300        1  Right
2   15  500        8702       85933      86434      590        3000       1  Right
12  0   100        8795       86334      86435      595        600        1  Right
8   14  100        8713       86434      86535      596        400        1  Right
8   14  100        8715       86535      86635      598        400        1  Right
0   15  500        8711       86435      86936      597        4000       1  Left 
0   9   100        8726       86936      87036      600        300        1  Right
3   15  100        8785       86936      87037      600        100        1  Left 
14  8   500        8749       86635      87136      599        2000       1  Right
7   4   100        8783       87136      87236      603        300        1  Right
0   11  500        8741       87036      87538      601        2000       1  Right
1   14  500        8717       87538      88038      605        1000       1  Right
6   9   500        8733       87538      88039      605        3000       1  Left 
1   7   500        8735       88038      88040      606        2000       1  Right
8   5   500        8803       88039      88041      607        4500       1  Left 
1   3   500        8751       88041      88541      609        3000       1  Right
4   7   500        8814       88041      88542      609        1500       1  Right
0   12  500        8760       88541      89042      610        3000       1  Right
0   10  100        8798       89042      89142      612        500        1  Right
0   4   100        8816       89142      89242      613        600        1  Right
1   9   500        8802       89142      89642      613        1000       1  Right
0   12  500        8831       89242      89643      612        5000       1  Left 
10  4   100        8839       89643      89743      614        500        1  Left 
10  6   100        8840       89743      89843      615        400        1  Left 
10  6   100        8849       89843      89943      616        400        1  Left 
1   11  500        8818       89642      90043      615        1500       1  Right
9   1   100        8854       90043      90143      618        200        1  Right
11  0   100        8861       90143      90243      619        400        1  Right
2   4   500        8902       89743      90245      615        2000       1  Right
12  1   100        8865       90243      90344      620        500        1  Right
0   9   100        8869       90344      90444      622        300        1  Right
13  5   100        8886       90444      90544      623        600        1  Right
5   1   100        8902       90544      90644      624        100        1  Right
4   10  500        8865       90344      90844      622        2500       1  Left 
4   2   100        8866       90844      90845      626        400        1  Right
4   8   100        8939       90845      90945      626        100        1  Right
0   11  500        8904       90644      91046      625        2000       1  Right
6   10  500        8875       90844      91247      626        2000       1  Left 
10  2   100        8894       91247      91347      630        700        1  Right
1   3   100        8896       91347      91447      631        600        1  Right
6   13  500        8904       91247      91748      630        1500       1  Right
1   9   500        8902       91447      91948      632        1000       1  Right
2   10  500        8930       91748      92249      632        4500       1  Left 
1   0   500        8910       91948      92449      634        500        1  Right
5   13  500        8922       92249      92750      635        5000       1  Left 
3   1   100        8909       92750      92850      637        600        1  Right
8   0   500        8941       92750      93251      636        2500       1  Right
1   12  500        8935       92850      93252      637        2500       1  Right
15  0   100        8943       93251      93253      638        800        1  Right
9   0   100        8957       93253      93254      640        1300       1  Left 
11  0   100        8962       93254      93255      641        1200       1  Left 
1   5   500        8938       93252      93555      639        500        1  Right
11  1   100        8964       93555      93655      643        300        1  Right
0   15  500        8964       93255      93756      642        4000       1  Right
10  6   100        8971       93756      93856      645        400        1  Left 
13  1   100        8977       93756      93856      645        500        1  Right
12  15  100        8975       93856      93956      646        200        1  Left 
13  1   100        8977       93856      93957      646        500        1  Right
5   0   100        8991       93957      94057      648        200        1  Right
13  2   100        9029       93957      94058      648        200        1  Right
0   1   100        8997       94057      94158      649        100        1  Right
8   4   500        8975       93756      94257      645        500        1  Right
15  0   100        8997       94158      94258      651        800        1  Left 
15  0   100        9040       94258      94259      653        800        1  Left 
6   14  500        8997       94257      94658      652        3000       1  Right
5   8   100        8993       94658      94758      655        700        1  Right
15  3   500        9082       94259      94760      654        500        1  Left 
0   8   100        9009       94758      94858      656        500        1  Right
5   1   100        9000       94758      94859      656        100        1  Right
8   4   100        9025       94858      94958      658        100        1  Right
13  0   100        9048       94858      94959      658        400        1  Right
4   8   100        9048       94958      95059      660        100        1  Right
4   8   100        9053       95059      95159      662        100        1  Right
6   10  500        9119       94760      95262      657        2000       1  Left 
1   13  500        9006       94959      95461      661        2500       1  Right
1   13  500        9012       95461      95961      665        2500       1  Right
0   15  500        9018       95961      96461      666        4000       1  Right
1   11  500        9018       95961      96462      666        1500       1  Right
8   14  100        9025       96461      96562      667        400        1  Right
7   4   100        9035       96562      96662      669        300        1  Right
7   6   100        9036       96662      96762      670        400        1  Right
11  4   100        9069       96762      96862      671        600        1  Left 
0   9   500        9020       96462      96963      668        1500       1  Right
0   14  100        9028       96963      97063      673        100        1  Right
2   13  500        9050       96762      97263      671        1000       1  Right
1   5   500        9036       96963      97465      673        500        1  Right
0   15  500        9061       97263      97764      675        4000       1  Right
14  1   100        9048       97764      97765      677        200        1  Right
5   6   100        9097       97764      97765      677        700        1  Left 
3   6   100        9117       97765      97865      678        200        1  Left 
4   7   500        9066       97764      98166      677        1500       1  Right
1   14  500        9069       97765      98266      678        1000       1  Right
7   2   100        9102       98166      98266      680        100        1  Right
14  8   100        9061       98266      98366      681        400        1  Right
5   1   100        9098       98266      98367      681        100        1  Right
4   11  500        9090       98166      98667      680        3000       1  Left 
8   5   100        9107       98667      98668      684        900        1  Left 
8   5   100        9109       98668      98669      685        900        1  Left 
0   13  500        9079       98366      98670      682        2000       1  Right
8   4   500        9168       98669      99169      686        500        1  Right
1   5   500        9136       98669      99170      686        500        1  Right
15  0   100        9083       99169      99270      688        800        1  Right
10  1   100        9147       99170      99271      689        400        1  Right
0   15  500        9114       99270      99771      690        4000       1  Right
1   10  500        9188       99271      99772      691        2000       1  Right
0   7   100        9114       99771      99872      692        300        1  Right
9   0   100        9088       99872      99972      694        300        1  Right
14  0   100        9096       99972      100072     695        100        1  Right
5   0   100        9102       100072     100172     696        200        1  Right
15  12  500        9116       99771      100272     692        1000       1  Left 
3   15  100        9121       100272     100372     698        100        1  Left 
2   7   500        9145       99872      100374     694        500        1  Right
0   14  500        9122       100172     100673     697        500        1  Right
5   8   500        9128       100372     100873     699        4500       1  Left 
0   6   100        9122       100873     100973     702        700        1  Right
12  6   100        9146       100973     101073     703        300        1  Left 
7   6   100        9163       101073     101173     704        400        1  Right
0   9   500        9139       100973     101473     703        1500       1  Right
15  0   100        9140       101473     101573     706        800        1  Left 
14  0   100        9154       101573     101673     707        100        1  Right
6   7   500        9184       101173     101674     705        2000       1  Right
6   2   100        9186       101674     101675     709        500        1  Right
7   6   100        9192       101675     101775     710        400        1  Right
0   15  500        9161       101673     101776     708        4000       1  Left 
2   6   500        9232       101775     101977     711        2500       1  Right
10  2   100        9241       101977     102077     713        900        1  Left 
0   14  500        9180       101776     102277     712        500        1  Right
0   14  100        9180       102277     102377     715        100        1  Right
14  1   100        9206       102377     102477     716        200        1  Right
9   1   100        9207       102477     102577     717        200        1  Right
6   10  500        9248       102077     102578     714        2000       1  Left 
4   1   100        9217       102577     102678     718        700        1  Right
15  0   100        9182       102678     102778     720        800        1  Right
0   15  500        9203       102778     103278     721        4000       1  Right
15  1   100        9220       103278     103378     722        700        1  Left 
6   8   100        9278       103278     103378     722        200        1  Right
14  0   100        9250       103278     103379     722        100        1  Right
12  15  100        9228       103378     103479     723        200        1  Left 
8   6   500        9304       103378     103879     723        1000       1  Right
1   14  500        9227       103379     103880     724        1000       1  Right
2   10  500        9277       103879     104380     726        4500       1  Left 
0   14  500        9276       103880     104381     727        500        1  Right
6   7   500        9310       104380     104880     728        2000       1  Right
1   15  500        9246       104380     104881     728        3500       1  Left 
4   0   100        9290       104880     104882     730        600        1  Right
15  1   100        9273       104881     104883     731        700        1  Left 
4   8   100        9292       104882     104983     732        100        1  Right
0   13  500        9332       104882     104984     731        2000       1  Right
1   4   500        9248       104983     105085     734        4500       1  Left 
11  4   100        9321       105085     105185     736        600        1  Left 
11  6   100        9322       105185     105285     737        500        1  Left 
10  6   100        9329       105285     105385     738        400        1  Left 
6   8   100        9349       105385     105485     738        200        1  Right
1   9   500        9253       105085     105585     736        1000       1  Right
6   8   100        9350       105485     105586     739        200        1  Right
5   8   100        9351       105586     105686     741        900        1  Left 
11  2   100        9366       105686     105786     742        1000       1  Left 
1   0   500        9291       105585     106086     741        500        1  Right
4   1   100        9299       106086     106186     745        700        1  Right
5   10  500        9375       105786     106287     743        1500       1  Right
1   15  500        9299       106186     106687     746        4500       1  Right
13  0   100        9301       106687     106688     748        400        1  Right
14  0   100        9308       106688     106788     749        100        1  Right
1   4   500        9331       106687     107089     747        4500       1  Left 
14  1   100        9310       107089     107189     751        200        1  Right
9   0   100        9316       107189     107289     752        300        1  Right
0   5   100        9332       107289     107389     752        200        1  Right
4   11  500        9342       107089     107590     750        3000       1  Left 
8   5   100        9333       107590     107690     754        900        1  Left 
8   6   100        9333       107690     107790     755        200        1  Right
10  5   100        9354       107690     107791     755        300        1  Right
1   14  500        9332       107389     107890     753        1000       1  Right
4   6   100        9361       107790     107891     756        100        1  Right
15  1   100        9324       107890     107990     759        700        1  Left 
8   0   500        9343       107890     108390     758        2500       1  Right
14  4   100        9365       108390     108490     761        500        1  Right
1   15  500        9350       107990     108491     760        3500       1  Left 
8   4   100        9382       108490     108492     762        100        1  Right
7   1   100        9355       108491     108493     763        400        1  Right
8   4   100        9384       108492     108592     764        100        1  Right
4   1   100        9362       108592     108593     766        700        1  Right
4   0   100        9366       108593     108594     767        600        1  Right
13  0   100        9380       108594     108694     768        400        1  Right
6   5   500        9369       108491     108695     763        3500       1  Left 
15  3   100        9389       108695     108795     770        100        1  Left 
1   4   500        9395       108694     109195     769        3500       1  Right
15  8   100        9393       109195     109295     772        300        1  Right
15  3   100        9394       109295     109395     773        100        1  Left 
0   9   500        9367       109195     109695     772        1500       1  Right
5   1   100        9392       109695     109795     775        100        1  Right
0   1   100        9397       109795     109895     776        100        1  Right
