
495
C:/Users/nxconrad/Desktop/REU 2.0/Benchmark Data/16-core/7/flow_freqmine100#2.txt
810
[9, 2, 3, 7, 15, 5, 0, 1, 12, 10, 8, 4, 11, 14, 6, 13]
10  1   100        6420       6422       6522       0          200        1  Right
10  0   100        6422       6522       6622       1          300        1  Right
12  0   100        6439       6622       6722       1          200        1  Right
2   15  500        6428       6522       7023       0          1500       1  Right
1   11  500        6440       6722       7024       2          2500       1  Right
11  1   100        6477       7024       7025       4          500        1  Right
6   2   500        6435       7023       7225       3          1500       1  Left 
0   3   500        6423       7023       7226       3          2000       1  Right
2   6   100        6460       7225       7326       6          300        1  Left 
3   0   100        6455       7226       7327       7          400        1  Right
6   1   500        6485       7326       7827       8          3500       1  Right
3   13  500        6537       7327       7828       8          1500       1  Left 
15  8   100        6469       7828       7928       11         1000       1  Left 
1   5   500        6460       7827       8328       10         1000       1  Right
8   15  500        6520       7928       8429       12         5000       1  Left 
11  3   100        6551       8429       8529       13         600        1  Left 
9   3   100        6564       8529       8629       14         200        1  Right
7   8   100        6567       8629       8729       15         900        1  Left 
1   10  500        6461       8328       8829       13         1000       1  Right
1   5   100        6468       8829       8929       18         200        1  Right
0   12  500        6475       8929       9429       19         1000       1  Right
12  0   100        6513       9429       9529       20         200        1  Right
10  1   100        6513       9529       9629       21         200        1  Right
0   9   100        6526       9529       9630       20         600        1  Right
0   7   100        6527       9630       9730       22         300        1  Right
1   11  500        6513       9629       10130      22         2500       1  Right
3   9   500        6600       9630       10132      22         1000       1  Right
5   1   500        6529       10130      10631      24         1000       1  Right
8   7   500        6588       10132      10633      25         4500       1  Left 
0   12  500        6549       10631      11132      26         1000       1  Right
1   10  500        6554       11132      11133      28         1000       1  Right
0   8   500        6588       11132      11134      28         6000       1  Left 
12  1   100        6596       11133      11234      29         100        1  Right
10  8   100        6595       11134      11235      30         100        1  Right
2   0   500        6614       11134      11635      30         2500       1  Right
1   2   100        6612       11635      11735      33         600        1  Right
8   10  500        6621       11235      11736      31         500        1  Right
7   1   100        6613       11735      11836      34         400        1  Right
1   0   100        6617       11836      11936      36         100        1  Right
6   2   500        6677       11735      12236      33         1500       1  Left 
10  3   100        6643       12236      12336      37         900        1  Left 
8   0   100        6648       12336      12337      38         1200       1  Left 
1   12  500        6627       11936      12338      36         500        1  Right
2   1   500        6633       12338      12838      40         3000       1  Right
0   1   500        6638       12838      13338      41         500        1  Right
15  1   100        6639       13338      13438      42         300        1  Right
9   1   100        6640       13438      13538      43         700        1  Right
12  0   100        6660       13538      13638      44         200        1  Right
1   7   500        6664       13638      14138      45         2000       1  Right
1   15  500        6665       14138      14638      46         1500       1  Right
0   6   100        6672       14638      14738      47         800        1  Right
1   9   500        6687       14738      15238      48         3500       1  Right
2   1   100        6692       15238      15338      49         600        1  Right
0   12  500        6696       15338      15838      50         1000       1  Right
0   13  100        6696       15838      15839      51         700        1  Left 
6   1   100        6705       15838      15840      51         700        1  Right
15  0   100        6703       15839      15940      52         200        1  Right
15  8   100        6705       15940      16040      54         600        1  Right
2   13  500        6746       15839      16340      51         1000       1  Left 
8   0   500        6709       16040      16541      55         2000       1  Right
7   0   100        6710       16541      16542      57         300        1  Right
1   2   500        6713       16541      16543      57         5000       1  Left 
0   3   500        6752       16542      16643      57         2000       1  Right
13  2   100        6725       16543      16644      58         200        1  Left 
15  1   100        6712       16643      16744      60         300        1  Right
7   1   100        6721       16744      16844      61         400        1  Right
7   0   100        6723       16844      16944      62         300        1  Right
6   2   500        6747       16644      17145      60         1500       1  Left 
8   7   100        6757       17145      17245      64         900        1  Left 
8   13  100        6757       17245      17345      65         500        1  Right
1   15  500        6738       16944      17445      63         1500       1  Right
8   12  100        6757       17345      17446      66         200        1  Right
9   0   100        6733       17445      17447      67         600        1  Right
1   6   500        6746       17446      17848      68         3500       1  Right
5   2   500        6846       17447      17948      69         2000       1  Right
8   11  100        6757       17848      17948      70         200        1  Right
12  0   100        6738       17848      17949      70         200        1  Right
15  6   100        6763       17948      18048      71         600        1  Left 
8   10  100        6757       17948      18049      71         100        1  Right
12  1   100        6740       17949      18051      72         100        1  Right
2   6   100        6790       18048      18149      73         300        1  Left 
0   8   100        6761       18051      18152      75         400        1  Right
2   5   100        6815       18149      18153      76         400        1  Right
9   1   100        6744       18152      18156      77         900        1  Left 
9   0   100        6746       18156      18256      79         600        1  Right
8   9   100        6757       18256      18356      80         600        1  Left 
15  1   100        6764       18256      18357      80         300        1  Right
7   8   100        6765       18356      18457      81         900        1  Left 
15  0   100        6768       18357      18458      82         200        1  Right
1   7   500        6767       18457      18958      83         6000       1  Left 
9   8   100        6780       18958      19058      85         600        1  Left 
3   0   100        6786       18958      19059      85         400        1  Right
10  8   100        6782       19058      19159      86         100        1  Right
1   12  500        6774       18958      19458      85         500        1  Right
7   1   100        6818       19458      19459      89         400        1  Right
3   11  500        6838       19059      19462      87         3000       1  Left 
4   12  500        6847       19458      19861      89         1500       1  Right
11  8   100        6784       19861      19961      92         200        1  Right
1   9   500        6790       19462      19963      91         3500       1  Right
12  8   100        6786       19961      20062      93         200        1  Right
13  8   100        6788       20062      20162      95         500        1  Right
13  8   100        6796       20162      20262      96         500        1  Right
12  4   100        6821       20262      20362      97         300        1  Right
1   15  500        6792       19963      20464      94         1500       1  Right
3   10  500        6935       20362      20465      98         4500       1  Left 
1   7   500        6864       20464      20567      99         2000       1  Right
8   15  100        6829       20567      20667      101        600        1  Right
8   15  100        6837       20667      20767      102        600        1  Right
1   0   100        6870       20767      20867      103        100        1  Right
3   14  500        6943       20465      20966      100        2500       1  Left 
3   4   100        6998       20966      20967      105        700        1  Left 
15  8   500        6875       20867      21269      104        3000       1  Right
9   1   100        6846       21269      21369      107        700        1  Right
14  8   100        6908       21269      21370      107        300        1  Right
1   9   500        6892       21369      21870      108        3500       1  Right
8   13  500        6934       21370      21871      109        2500       1  Right
3   5   100        6998       21870      21872      110        300        1  Right
10  2   100        7037       21871      21874      108        800        1  Left 
7   8   100        6910       21874      21974      113        900        1  Left 
14  3   100        6912       21974      22074      114        500        1  Left 
0   1   500        6896       21870      22273      110        500        1  Right
1   0   100        6929       22273      22373      116        100        1  Right
8   7   500        6935       22074      22575      115        4500       1  Left 
9   8   100        6938       22575      22675      118        600        1  Left 
7   3   100        6962       22575      22676      118        100        1  Right
9   3   100        6984       22676      22776      120        200        1  Right
0   1   500        6950       22373      22874      117        500        1  Right
3   6   100        6998       22776      22876      121        400        1  Left 
1   0   100        6972       22874      22975      122        100        1  Right
3   7   100        7054       22876      22977      120        100        1  Right
1   0   100        7014       22975      23076      124        100        1  Right
2   5   100        7066       22977      23078      122        400        1  Right
8   14  500        6954       22675      23177      119        1500       1  Right
8   9   500        6959       23177      23677      128        3000       1  Left 
0   8   500        6971       23677      24177      129        2000       1  Right
0   10  100        6974       24177      24277      130        300        1  Right
4   8   100        6975       24177      24278      130        100        1  Right
4   3   100        7008       24278      24378      132        700        1  Left 
5   3   100        7015       24378      24478      133        300        1  Right
6   3   100        7023       24478      24578      132        400        1  Left 
0   1   500        6993       24277      24778      131        500        1  Right
0   10  100        6998       24778      24878      136        300        1  Right
8   4   500        7011       24378      24879      133        500        1  Right
14  1   100        7006       24878      24880      137        1000       1  Left 
12  4   100        7073       24879      24881      135        300        1  Right
0   15  100        7011       24880      24981      139        200        1  Right
1   14  500        7027       24881      25382      137        3000       1  Right
6   15  500        7065       24981      25482      138        3000       1  Left 
8   0   100        7028       25382      25483      139        400        1  Right
0   12  100        7067       25483      25583      141        200        1  Right
6   2   500        7077       25482      25983      140        1500       1  Left 
4   12  500        7099       25583      26083      142        1500       1  Right
0   3   500        7078       25583      26084      142        2000       1  Right
13  1   100        7032       26083      26184      144        800        1  Right
0   15  100        7086       26084      26185      145        200        1  Right
14  1   100        7048       26184      26285      146        600        1  Right
5   2   500        7097       26185      26686      147        2000       1  Right
1   13  500        7058       26285      26786      148        4000       1  Right
14  1   100        7061       26786      26886      150        600        1  Right
14  0   100        7063       26886      26986      151        700        1  Right
13  0   100        7086       26986      26987      152        700        1  Left 
1   14  500        7069       26986      27387      152        3000       1  Right
13  8   100        7088       27387      27388      154        500        1  Right
2   10  500        7073       27387      27788      154        4000       1  Right
12  6   100        7074       27788      27888      156        600        1  Right
12  6   100        7097       27888      27988      157        600        1  Right
10  8   100        7119       27988      28088      158        100        1  Right
12  2   100        7128       28088      28188      159        900        1  Left 
0   1   500        7093       27788      28289      156        500        1  Right
13  1   100        7095       28289      28290      161        800        1  Left 
15  1   100        7100       28290      28390      162        300        1  Right
6   12  500        7133       28188      28590      160        3000       1  Right
13  6   100        7149       28590      28690      164        100        1  Right
1   14  500        7082       28590      29090      164        3000       1  Right
8   0   500        7098       29090      29590      166        2000       1  Right
14  1   100        7104       29590      29690      167        600        1  Right
3   0   100        7107       29590      29691      167        400        1  Right
8   4   100        7130       29690      29791      168        100        1  Right
14  3   100        7158       29691      29791      169        500        1  Left 
15  1   100        7118       29691      29792      169        300        1  Right
8   7   100        7130       29791      29892      170        900        1  Left 
1   0   100        7121       29792      29893      171        100        1  Right
7   8   100        7141       29892      29993      172        900        1  Left 
9   8   100        7150       29993      30093      174        600        1  Left 
4   8   100        7153       30093      30193      175        100        1  Right
12  6   100        7186       30193      30293      176        600        1  Right
0   1   500        7142       29893      30394      173        500        1  Right
1   13  500        7121       30394      30894      178        4000       1  Right
1   14  500        7125       30894      31394      179        3000       1  Right
1   15  500        7127       31394      31894      180        1500       1  Right
8   15  100        7130       31894      31994      181        600        1  Right
8   14  100        7130       31994      32094      182        300        1  Right
8   9   100        7130       32094      32194      183        600        1  Left 
1   15  500        7144       31994      32495      182        1500       1  Right
13  1   100        7150       32495      32595      185        800        1  Right
3   9   500        7281       32194      32695      182        1000       1  Right
13  0   100        7154       32595      32696      186        900        1  Right
2   1   100        7155       32696      32796      188        600        1  Right
2   1   100        7155       32796      32896      189        600        1  Right
0   8   100        7155       32896      32996      190        400        1  Right
14  8   100        7172       32996      33096      191        300        1  Right
2   12  500        7155       32996      33496      191        3500       1  Right
1   0   100        7163       33496      33596      193        100        1  Right
15  8   100        7174       33496      33597      193        1000       1  Left 
1   2   500        7176       33597      34097      195        3000       1  Right
13  8   500        7256       33597      34098      193        2500       1  Right
15  0   100        7189       34097      34198      196        200        1  Right
1   13  500        7178       34098      34599      197        4000       1  Right
0   15  500        7210       34198      34699      198        1000       1  Right
1   2   500        7179       34599      35100      199        5000       1  Left 
2   0   100        7221       35100      35200      201        500        1  Right
8   13  100        7225       35100      35201      199        500        1  Right
15  0   100        7231       35200      35301      200        200        1  Right
8   13  100        7227       35201      35302      201        500        1  Right
0   2   500        7247       35301      35802      202        2500       1  Right
8   10  500        7305       35302      35803      203        500        1  Right
7   2   100        7338       35802      35902      202        200        1  Right
0   15  500        7252       35802      36303      204        1000       1  Right
6   12  500        7363       35803      36305      203        3000       1  Right
15  1   100        7279       36303      36404      207        300        1  Right
0   11  100        7277       36404      36504      209        600        1  Right
0   7   100        7300       36504      36604      210        300        1  Right
1   15  500        7305       36604      37104      211        1500       1  Right
2   7   500        7379       36604      37105      209        1000       1  Right
15  0   100        7333       37104      37205      210        200        1  Right
1   12  500        7412       37104      37206      210        500        1  Right
0   8   500        7350       37205      37307      212        6000       1  Left 
7   8   100        7430       37307      37407      214        900        1  Left 
4   8   100        7438       37407      37507      215        100        1  Right
0   15  500        7354       37307      37807      214        1000       1  Right
5   8   100        7481       37807      37907      217        1100       1  Left 
0   1   500        7365       37807      38307      217        500        1  Right
12  1   100        7381       38307      38407      219        100        1  Right
15  0   100        7388       38307      38408      219        200        1  Right
12  2   100        7458       38407      38508      220        900        1  Left 
15  1   100        7390       38408      38509      221        300        1  Right
10  1   100        7399       38509      38609      223        200        1  Right
13  1   100        7489       38609      38709      224        800        1  Right
0   3   500        7399       38509      39010      223        2000       1  Right
0   13  100        7404       39010      39110      226        700        1  Left 
8   0   100        7408       39110      39210      227        400        1  Right
6   13  500        7441       39110      39611      227        500        1  Right
1   15  500        7417       39210      39711      228        1500       1  Right
4   3   100        7442       39611      39712      229        700        1  Left 
3   0   100        7431       39712      39812      231        400        1  Right
1   10  500        7440       39711      40212      230        1000       1  Right
3   14  500        7450       39812      40313      232        2500       1  Left 
8   7   500        7451       40212      40713      233        3500       1  Right
15  4   100        7453       40713      40813      235        700        1  Right
3   7   100        7463       40713      40814      235        100        1  Right
0   13  100        7473       40814      40815      237        700        1  Left 
2   0   100        7474       40815      40915      238        500        1  Right
5   3   100        7485       40915      41015      239        300        1  Right
6   12  500        7463       40813      41215      236        3000       1  Right
10  0   100        7483       41215      41315      241        300        1  Right
7   3   500        7486       41015      41516      240        500        1  Right
8   4   500        7474       41215      41716      241        500        1  Right
6   8   100        7483       41716      41816      244        400        1  Right
10  8   100        7485       41816      41916      245        100        1  Right
2   12  500        7484       41516      42017      243        3500       1  Right
6   3   100        7487       42017      42117      247        400        1  Left 
7   3   100        7494       42117      42217      248        100        1  Right
8   0   500        7485       42017      42218      247        2000       1  Right
10  1   100        7492       42218      42318      250        200        1  Right
4   15  500        7494       42217      42419      249        4500       1  Left 
0   2   500        7500       42419      42919      252        2500       1  Right
8   6   500        7509       42419      42920      252        2000       1  Right
2   0   100        7538       42919      43020      253        500        1  Right
8   5   500        7512       43020      43520      255        2500       1  Right
8   4   100        7512       43520      43620      256        100        1  Right
7   1   100        7540       43520      43621      256        400        1  Right
8   5   100        7512       43621      43721      258        500        1  Right
0   8   100        7544       43721      43821      259        400        1  Right
7   8   100        7548       43821      43822      260        700        1  Right
3   4   500        7536       43620      44022      257        3500       1  Left 
8   6   100        7512       44022      44122      262        400        1  Right
12  6   100        7516       44122      44222      263        600        1  Right
13  0   100        7547       44222      44322      264        900        1  Right
6   8   100        7550       44322      44422      265        400        1  Right
3   5   500        7537       44022      44423      262        1500       1  Right
0   2   500        7564       44422      44823      266        5500       1  Left 
8   7   100        7512       44823      44923      268        700        1  Right
12  5   100        7541       44923      45023      269        300        1  Right
5   8   100        7552       45023      45123      270        500        1  Right
4   8   100        7554       45123      45223      271        100        1  Right
3   6   500        7538       44823      45324      268        2000       1  Left 
8   13  100        7512       45324      45424      273        500        1  Right
3   4   100        7547       45424      45524      274        700        1  Left 
13  8   100        7571       45524      45624      275        500        1  Right
5   12  500        7572       45123      45625      271        1500       1  Right
7   8   100        7640       45624      45725      276        900        1  Left 
3   5   100        7547       45725      45825      278        300        1  Right
2   0   100        7591       45825      45826      279        500        1  Right
1   13  500        7515       45725      46126      278        4000       1  Right
3   6   100        7547       46126      46226      281        400        1  Left 
1   10  500        7538       46126      46626      281        1000       1  Right
4   1   100        7561       46626      46726      283        400        1  Right
0   13  500        7578       46226      46727      282        3500       1  Left 
10  6   100        7590       46726      46827      284        500        1  Right
5   1   100        7577       46727      46828      285        200        1  Right
8   10  100        7612       46827      46927      286        100        1  Right
4   3   100        7592       46827      46928      286        700        1  Left 
0   7   100        7579       46828      46930      287        300        1  Right
10  1   100        7591       46927      47028      288        200        1  Right
5   3   100        7598       46930      47031      290        300        1  Right
10  0   100        7595       47028      47129      291        300        1  Right
1   7   500        7586       47129      47629      293        2000       1  Right
10  8   500        7674       47129      47630      293        500        1  Right
1   4   500        7596       47629      48130      294        6000       1  Left 
0   11  100        7603       48130      48230      296        600        1  Right
3   7   100        7640       48130      48231      296        100        1  Right
6   1   100        7606       48230      48232      297        700        1  Right
13  0   100        7609       48231      48233      298        700        1  Left 
4   1   100        7639       48232      48333      299        400        1  Right
7   0   100        7644       48233      48333      300        300        1  Right
6   3   100        7606       48233      48334      300        400        1  Left 
1   5   500        7619       48333      48834      301        1000       1  Right
0   2   500        7617       48834      49334      303        2500       1  Right
1   10  500        7634       48834      49335      303        1000       1  Right
11  2   100        7642       49334      49435      304        500        1  Left 
4   1   100        7652       49335      49436      305        400        1  Right
0   13  500        7642       49435      49437      306        3500       1  Left 
1   6   500        7647       49436      49438      307        3500       1  Right
2   0   100        7650       49437      49538      308        500        1  Right
8   10  100        7661       49438      49539      309        100        1  Right
7   1   100        7653       49538      49639      310        400        1  Right
4   0   100        7654       49639      49739      312        500        1  Right
5   1   100        7658       49739      49839      313        200        1  Right
2   11  500        7673       49538      50039      310        2500       1  Left 
1   4   500        7670       49839      50340      314        2000       1  Right
0   2   500        7677       50039      50540      315        2500       1  Right
0   15  100        7712       50540      50640      317        200        1  Right
1   4   500        7683       50340      50841      316        2000       1  Right
11  8   100        7718       50841      50941      319        200        1  Right
0   3   500        7723       50640      51141      318        2000       1  Right
5   1   100        7671       51141      51241      321        200        1  Right
15  4   100        7705       51141      51242      321        900        1  Left 
5   0   100        7673       51241      51342      322        100        1  Right
13  1   100        7676       51242      51343      323        800        1  Right
2   0   100        7714       51342      51443      324        500        1  Right
6   1   100        7702       51343      51444      325        700        1  Right
6   1   100        7715       51444      51544      327        700        1  Right
4   1   100        7729       51544      51644      328        400        1  Right
0   2   500        7740       51443      51944      326        2500       1  Right
15  6   100        7706       51944      52044      330        600        1  Left 
15  6   100        7720       52044      52144      331        600        1  Left 
7   8   100        7727       52144      52244      332        900        1  Left 
10  8   100        7761       52244      52245      333        100        1  Right
1   5   500        7694       51944      52345      330        1000       1  Right
0   8   100        7763       52345      52346      335        400        1  Right
4   15  500        7746       52244      52547      333        4500       1  Left 
1   7   500        7699       52547      53047      337        2000       1  Right
15  2   100        7790       53047      53147      338        300        1  Right
1   13  500        7703       53047      53547      338        4000       1  Right
8   7   500        7708       53547      54047      340        3500       1  Right
8   10  100        7748       54047      54147      341        100        1  Right
8   7   100        7787       54147      54247      342        900        1  Left 
8   7   100        7789       54247      54347      343        900        1  Left 
1   5   500        7714       54047      54547      341        1000       1  Right
6   0   100        7717       54547      54647      345        800        1  Left 
8   11  500        7827       54347      54848      342        1000       1  Right
1   6   500        7743       54647      55148      346        4500       1  Left 
13  0   100        7758       55148      55149      348        700        1  Left 
1   6   500        7756       55148      55150      348        3500       1  Right
0   13  500        7789       55149      55251      349        3500       1  Left 
7   6   100        7764       55251      55351      351        500        1  Left 
1   4   500        7762       55150      55651      350        2000       1  Right
12  5   100        7792       55651      55751      353        300        1  Right
6   15  500        7771       55351      55852      352        3000       1  Left 
7   1   100        7765       55852      55952      355        400        1  Right
7   0   100        7769       55952      56052      356        300        1  Right
2   0   100        7780       56052      56152      357        500        1  Right
5   1   100        7789       56152      56252      358        200        1  Right
6   12  500        7804       55852      56353      355        3000       1  Right
2   15  500        7821       56152      56654      358        1500       1  Right
5   12  500        7823       56353      56854      360        1500       1  Right
7   8   500        7798       56654      57155      361        4500       1  Left 
4   8   100        7824       57155      57255      363        100        1  Right
6   1   100        7824       57255      57355      364        700        1  Right
0   2   500        7806       57155      57655      363        2500       1  Right
3   0   100        7807       57655      57656      366        400        1  Right
2   1   100        7828       57655      57657      364        1000       1  Left 
0   10  100        7816       57657      57757      368        300        1  Right
8   3   100        7828       57657      57758      366        800        1  Left 
1   7   500        7823       57757      58258      369        2000       1  Right
8   4   500        7860       57758      58259      368        500        1  Right
15  6   100        7851       58258      58358      369        600        1  Left 
1   5   500        7826       58258      58759      370        1000       1  Right
6   10  500        7867       58358      58859      371        2500       1  Right
13  0   100        7836       58759      58860      372        700        1  Left 
13  1   100        7838       58860      58861      374        800        1  Right
0   9   100        7881       58860      58862      374        600        1  Right
13  4   100        7893       58861      58961      375        400        1  Right
12  1   100        7873       58861      58962      375        100        1  Right
0   9   100        7905       58862      58964      376        600        1  Right
12  1   100        7873       58962      59063      378        100        1  Right
5   8   100        7872       58964      59065      379        1100       1  Left 
6   8   100        7917       59065      59165      381        400        1  Right
1   2   500        7853       59065      59565      381        3000       1  Right
1   13  500        7865       59565      60065      383        4000       1  Right
1   6   500        7870       60065      60565      384        3500       1  Right
2   1   100        7875       60565      60665      385        600        1  Right
4   3   100        7892       60665      60765      386        700        1  Left 
10  1   100        7895       60665      60766      386        200        1  Right
8   0   500        7899       60765      60767      387        6000       1  Left 
1   12  500        7904       60766      60768      388        500        1  Right
8   5   500        7903       60767      61268      389        5500       1  Left 
1   12  500        7907       60768      61269      390        500        1  Right
5   3   100        7937       61268      61368      390        300        1  Right
4   13  500        7924       61268      61769      391        2000       1  Right
1   10  500        7936       61269      61771      391        1000       1  Right
12  2   100        7932       61771      61871      394        700        1  Right
0   10  100        7943       61871      61971      395        300        1  Right
9   2   100        7948       61871      61972      395        100        1  Right
12  0   100        7951       61971      62072      396        200        1  Right
8   6   500        7943       61769      62270      393        2000       1  Right
8   4   100        8041       62270      62370      399        100        1  Right
13  4   100        8145       62370      62470      400        400        1  Right
1   2   500        7951       62072      62573      398        3000       1  Right
11  1   100        7926       62573      62673      403        500        1  Right
6   3   100        7965       62573      62674      402        400        1  Left 
0   8   100        7956       62673      62774      403        400        1  Right
6   15  500        8010       62674      63175      404        3000       1  Left 
1   11  500        7962       62774      63275      405        2500       1  Right
11  0   100        8007       63275      63375      407        600        1  Right
11  8   100        8009       63375      63475      408        200        1  Right
6   7   500        8026       63175      63676      406        2500       1  Left 
9   8   100        8040       63676      63776      410        600        1  Left 
8   5   100        8041       63776      63777      411        1100       1  Left 
1   10  500        8016       63375      63778      408        1000       1  Right
8   6   100        8041       63777      63878      412        400        1  Right
2   12  500        7960       63778      64279      413        3500       1  Right
2   1   100        7968       64279      64379      415        600        1  Right
10  1   100        7975       64379      64479      416        200        1  Right
2   9   500        7989       64379      64880      416        500        1  Right
0   12  500        7987       64479      64980      417        1000       1  Right
8   7   100        8041       64880      64981      418        900        1  Left 
10  0   100        8059       64980      65081      419        300        1  Right
11  1   100        8016       65081      65181      421        500        1  Right
0   3   500        8099       65081      65582      421        2000       1  Right
1   11  500        8052       65181      65682      422        2500       1  Right
15  1   100        8043       65682      65782      424        300        1  Right
11  6   100        8087       65682      65783      424        200        1  Right
7   1   100        8049       65782      65883      425        400        1  Right
13  6   100        8146       65783      65883      426        100        1  Right
8   11  100        8100       65783      65884      426        200        1  Right
13  6   100        8180       65883      65983      427        100        1  Right
8   11  100        8101       65884      65985      428        200        1  Right
7   8   100        8058       65985      66085      430        900        1  Left 
6   8   100        8060       66085      66185      431        400        1  Right
1   15  500        8069       65883      66384      427        1500       1  Right
8   9   500        8160       66185      66686      432        3000       1  Left 
1   7   500        8095       66384      66885      433        2000       1  Right
5   8   100        8062       66885      66985      435        500        1  Right
15  2   100        8107       66885      66986      435        300        1  Right
4   8   100        8064       66985      67086      436        100        1  Right
0   10  500        8105       66985      67486      436        1500       1  Right
2   15  500        8138       66986      67487      437        1500       1  Right
11  1   100        8088       67486      67587      439        500        1  Right
0   7   100        8118       67487      67588      440        300        1  Right
1   11  500        8126       67587      68088      441        2500       1  Right
6   15  500        8153       67588      68089      442        3000       1  Left 
11  0   100        8092       68088      68189      443        600        1  Right
15  2   100        8170       68089      68190      444        300        1  Right
3   0   100        8128       68190      68290      446        400        1  Right
13  2   100        8210       68190      68291      446        200        1  Left 
7   1   100        8139       68290      68391      447        400        1  Right
10  0   100        8158       68391      68491      449        300        1  Right
11  8   500        8121       68189      68690      445        1000       1  Right
0   13  100        8159       68690      68790      451        900        1  Right
8   0   100        8196       68790      68890      452        400        1  Right
2   15  500        8201       68391      68893      449        1500       1  Right
12  0   100        8204       68890      68990      453        200        1  Right
4   13  500        8176       68790      69291      452        2000       1  Right
5   15  500        8301       68893      69292      454        500        1  Right
0   10  500        8204       68990      69388      455        1500       1  Right
3   8   500        8140       69291      69689      456        4000       1  Left 
1   7   500        8185       69388      69889      458        2000       1  Right
7   0   100        8233       69889      69989      460        300        1  Right
12  0   100        8290       69989      70089      461        200        1  Right
3   4   500        8175       69689      70190      459        3500       1  Left 
0   14  100        8207       70190      70290      463        700        1  Right
3   5   500        8224       70190      70690      463        1500       1  Right
6   13  500        8221       70190      70691      463        500        1  Right
15  6   100        8230       70691      70791      466        600        1  Left 
0   12  500        8240       70290      70792      464        1000       1  Right
15  5   100        8255       70791      70891      467        100        1  Right
0   7   100        8252       70891      70991      469        300        1  Right
15  5   100        8506       70991      71091      468        100        1  Right
2   13  500        8231       70791      71292      467        1000       1  Left 
6   11  500        8369       70791      71293      466        1000       1  Right
13  6   100        8251       71293      71393      473        100        1  Right
1   2   500        8213       71292      71793      472        3000       1  Right
1   3   100        8215       71793      71893      475        500        1  Right
6   13  500        8440       71393      71894      472        500        1  Right
2   3   100        8250       71893      71993      476        100        1  Right
1   8   100        8219       71893      71994      476        300        1  Right
14  2   100        8228       71993      72094      478        400        1  Left 
2   8   100        8254       72094      72194      480        700        1  Left 
1   10  500        8291       71994      72495      479        1000       1  Right
2   14  500        8254       72194      72695      481        2000       1  Left 
9   1   100        8249       72695      72795      483        700        1  Right
14  8   100        8301       72695      72796      483        300        1  Right
10  1   100        8250       72795      72896      484        200        1  Right
0   1   100        8260       72896      72996      486        100        1  Right
0   1   100        8260       72996      73096      487        100        1  Right
3   6   500        8259       72795      73296      484        2000       1  Left 
8   1   500        8290       73096      73596      488        1500       1  Right
0   7   500        8284       73096      73597      488        1500       1  Right
1   9   500        8295       73596      74097      490        4500       1  Left 
8   0   500        8290       74097      74597      492        2000       1  Right
6   15  500        8532       74097      74598      489        3000       1  Left 
0   12  500        8326       74597      75098      493        1000       1  Right
5   15  500        8552       74598      75098      491        500        1  Right
8   2   500        8311       74598      75099      494        3500       1  Left 
7   0   100        8335       75098      75199      494        300        1  Right
10  0   100        8343       75199      75299      496        300        1  Right
9   0   100        8359       75299      75399      497        600        1  Right
2   1   100        8363       75399      75499      498        600        1  Right
12  0   100        8363       75499      75599      499        200        1  Right
8   14  500        8347       75099      75600      495        1500       1  Right
9   8   100        8361       75600      75700      501        600        1  Left 
1   2   500        8384       75599      76100      500        3000       1  Right
9   1   100        8368       76100      76200      503        700        1  Right
8   1   100        8386       76200      76300      504        300        1  Right
9   6   100        8461       76200      76301      503        200        1  Left 
11  1   100        8402       76300      76401      505        500        1  Right
8   2   100        8386       76401      76501      507        700        1  Left 
8   14  100        8386       76501      76601      508        300        1  Right
0   7   500        8386       76200      76700      504        1500       1  Right
8   11  100        8386       76601      76702      509        200        1  Right
11  8   100        8414       76702      76802      511        200        1  Right
0   10  500        8389       76700      77201      510        1500       1  Right
0   12  500        8399       77201      77701      513        1000       1  Right
2   1   100        8406       77701      77801      514        600        1  Right
1   9   500        8414       77801      78301      515        3500       1  Right
1   8   100        8424       78301      78401      516        300        1  Right
2   8   100        8425       78401      78501      517        700        1  Left 
0   3   500        8423       78301      78502      516        2000       1  Right
1   2   500        8427       78501      78703      518        5000       1  Left 
0   11  100        8424       78703      78803      520        600        1  Right
14  8   100        8428       78803      78903      520        300        1  Right
7   1   100        8440       78803      78904      520        400        1  Right
14  8   100        8435       78903      79004      521        300        1  Right
10  0   100        8452       78904      79005      522        300        1  Right
8   9   100        8492       79004      79105      523        600        1  Left 
10  1   100        8454       79005      79106      524        200        1  Right
2   3   500        8526       78703      79204      519        500        1  Right
12  0   100        8461       79106      79206      526        200        1  Right
8   9   100        8493       79105      79207      525        600        1  Left 
0   12  500        8497       79206      79707      528        1000       1  Right
8   14  500        8532       79207      79708      528        1500       1  Right
9   1   100        8462       79707      79808      530        700        1  Right
10  4   100        8587       79708      79809      530        200        1  Right
1   11  500        8440       79808      80309      532        5500       1  Left 
13  1   100        8463       80309      80310      534        800        1  Right
9   0   100        8466       80309      80311      534        600        1  Right
1   13  500        8489       80310      80811      535        4000       1  Right
3   1   100        8466       80811      80911      537        500        1  Right
9   8   500        8503       80811      81312      537        3000       1  Left 
3   2   500        8507       80911      81411      538        500        1  Right
1   7   500        8495       80911      81412      538        2000       1  Right
3   2   100        8517       81411      81512      540        100        1  Right
11  1   100        8495       81412      81513      541        500        1  Right
13  2   100        8527       81512      81613      542        200        1  Left 
1   10  500        8498       81513      81614      543        1000       1  Right
0   8   500        8513       81613      81714      544        6000       1  Left 
1   9   500        8510       81714      82214      546        3500       1  Right
4   10  500        8613       81714      82215      545        1000       1  Right
0   5   100        8514       82214      82315      547        100        1  Right
2   13  500        8548       82214      82715      546        1000       1  Left 
1   11  500        8531       82215      82716      547        2500       1  Right
12  0   100        8531       82716      82816      550        200        1  Right
6   13  500        8554       82715      83216      549        500        1  Right
13  2   100        8570       83216      83316      552        200        1  Left 
1   0   500        8543       82816      83317      551        500        1  Right
13  6   100        8610       83316      83416      553        100        1  Right
5   2   100        8578       83316      83417      553        400        1  Right
1   0   500        8556       83317      83819      554        500        1  Right
2   13  500        8591       83417      83918      556        1000       1  Left 
3   1   100        8557       83819      83920      557        500        1  Right
7   0   100        8561       83920      84020      559        300        1  Right
8   1   100        8583       83920      84021      559        300        1  Right
11  0   100        8607       84020      84121      560        1000       1  Left 
8   9   100        8684       84121      84122      561        600        1  Left 
0   12  500        8567       84121      84522      562        1000       1  Right
2   5   500        8609       84121      84523      562        2000       1  Right
0   11  100        8567       84522      84623      564        600        1  Right
13  5   100        8635       84523      84624      564        600        1  Left 
14  1   100        8591       84623      84724      566        600        1  Right
12  0   100        8612       84724      84824      568        200        1  Right
1   14  500        8612       84824      85324      569        3000       1  Right
0   8   100        8614       85324      85424      570        400        1  Right
0   7   500        8618       85424      85924      571        1500       1  Right
1   8   500        8634       85424      85925      570        1500       1  Right
14  0   100        8635       85924      86025      571        900        1  Left 
0   1   100        8621       86025      86125      574        100        1  Right
14  8   100        8637       86025      86126      573        300        1  Right
15  1   100        8622       86125      86226      575        300        1  Right
15  1   100        8622       86226      86326      577        300        1  Right
14  1   100        8644       86326      86426      577        600        1  Right
15  2   100        8671       86326      86427      577        300        1  Right
14  6   100        8693       86426      86526      578        100        1  Right
5   8   100        8654       86526      86527      580        1100       1  Left 
0   12  500        8648       86426      86828      578        1000       1  Right
5   13  500        8671       86527      87028      581        3000       1  Left 
0   11  500        8651       86828      87329      582        3000       1  Right
9   8   100        8692       87329      87429      584        600        1  Left 
1   15  500        8648       87329      87829      584        1500       1  Right
1   15  500        8651       87829      88329      586        1500       1  Right
7   0   100        8675       88329      88429      587        300        1  Right
15  0   100        8690       88429      88529      588        200        1  Right
1   14  500        8665       88329      88829      587        3000       1  Right
8   14  100        8713       88829      88929      590        300        1  Right
8   14  100        8715       88929      89029      591        300        1  Right
2   15  500        8702       88529      89030      589        1500       1  Right
1   14  500        8717       89029      89530      592        3000       1  Right
0   15  500        8711       89030      89531      593        1000       1  Right
7   1   100        8677       89530      89631      594        1200       1  Left 
14  1   100        8694       89631      89731      596        600        1  Right
0   9   100        8726       89631      89732      596        600        1  Right
14  0   100        8698       89732      89832      598        700        1  Right
3   15  100        8785       89732      89832      597        200        1  Right
11  0   100        8700       89832      89932      599        600        1  Right
12  0   100        8724       89932      90032      600        200        1  Right
6   9   500        8733       89732      90233      597        1000       1  Left 
14  8   500        8749       89932      90434      599        1500       1  Right
1   7   500        8735       90032      90533      600        2000       1  Right
0   11  500        8741       90533      91033      603        3000       1  Right
1   3   500        8751       91033      91533      604        2500       1  Right
9   1   100        8756       91533      91633      605        700        1  Right
7   4   100        8783       91633      91733      606        800        1  Left 
0   12  500        8760       91633      91734      606        1000       1  Right
12  0   100        8795       91734      91735      608        200        1  Right
8   5   500        8803       91733      91736      607        5500       1  Left 
0   10  100        8798       91735      91836      609        300        1  Right
4   7   500        8814       91736      92237      610        4000       1  Left 
11  1   100        8782       92237      92337      612        500        1  Right
13  5   100        8886       92237      92338      611        600        1  Left 
0   4   100        8816       92337      92438      613        500        1  Right
10  4   100        8839       92438      92538      614        200        1  Right
10  6   100        8840       92538      92638      615        500        1  Right
10  6   100        8849       92638      92738      616        500        1  Right
1   9   500        8802       92438      92938      615        3500       1  Right
4   10  500        8865       92738      92939      617        1000       1  Right
1   11  500        8818       92938      93139      619        5500       1  Left 
4   2   100        8866       93139      93239      620        600        1  Left 
0   12  500        8831       93139      93639      620        1000       1  Right
9   1   100        8854       93639      93739      622        700        1  Right
6   10  500        8875       93239      93740      621        2500       1  Right
0   9   100        8869       93739      93839      623        600        1  Right
12  1   100        8865       93739      93840      623        100        1  Right
4   8   100        8939       93740      93840      623        100        1  Right
11  0   100        8861       93840      93940      626        600        1  Right
10  2   100        8894       93940      94040      627        800        1  Right
1   3   100        8896       94040      94140      628        500        1  Right
5   1   100        8902       94140      94240      629        200        1  Right
6   13  500        8904       93740      94242      624        500        1  Right
10  6   100        8971       94242      94342      630        500        1  Right
1   9   500        8902       94240      94741      630        3500       1  Right
6   14  500        8997       94342      94843      631        500        1  Right
2   4   500        8902       94741      95242      633        5000       1  Right
0   11  500        8904       95242      95742      635        3000       1  Right
5   13  500        8922       95242      95743      635        3000       1  Left 
1   0   500        8910       95742      96243      636        500        1  Right
2   10  500        8930       95743      96244      636        4000       1  Left 
3   1   100        8909       96243      96344      638        500        1  Right
6   10  500        9119       96244      96745      638        2500       1  Right
0   15  500        8964       96344      96844      639        1000       1  Right
1   12  500        8935       96344      96845      639        500        1  Right
8   0   500        8941       96844      97345      641        6000       1  Left 
12  15  100        8975       97345      97346      643        1200       1  Left 
1   5   500        8938       97345      97746      643        1000       1  Right
15  0   100        8943       97746      97846      645        200        1  Right
8   4   500        8975       97346      97847      644        500        1  Right
9   0   100        8957       97846      97848      646        600        1  Right
1   13  500        9006       97847      98249      647        4000       1  Right
11  0   100        8962       98249      98349      649        600        1  Right
11  1   100        8964       98349      98449      650        500        1  Right
5   0   100        8991       98349      98450      650        100        1  Right
13  1   100        8977       98449      98550      651        800        1  Right
15  0   100        8997       98450      98551      652        200        1  Right
13  1   100        8977       98550      98651      653        800        1  Right
15  0   100        9040       98551      98652      654        200        1  Right
1   13  500        9012       98651      99152      655        4000       1  Right
15  3   500        9082       98652      99153      656        1000       1  Right
13  2   100        9029       99152      99252      657        200        1  Left 
5   8   100        8993       99152      99253      657        500        1  Right
0   1   100        8997       99253      99353      660        100        1  Right
8   4   100        9025       99253      99354      660        100        1  Right
5   1   100        9000       99353      99454      661        200        1  Right
8   14  100        9025       99354      99455      662        300        1  Right
0   8   100        9009       99455      99555      664        400        1  Right
2   13  500        9050       99252      99753      659        1000       1  Left 
1   11  500        9018       99555      100055     665        2500       1  Right
0   15  500        9018       99555      100056     665        1000       1  Right
7   4   100        9035       100055     100156     667        800        1  Left 
7   6   100        9036       100156     100256     669        500        1  Left 
4   8   100        9048       100156     100257     669        100        1  Right
7   2   100        9102       100256     100357     670        200        1  Right
4   8   100        9053       100257     100358     671        100        1  Right
1   5   500        9036       100056     100557     668        1000       1  Right
8   5   100        9107       100557     100558     674        500        1  Right
8   5   100        9109       100558     100559     675        500        1  Right
4   7   500        9066       100358     100661     673        4000       1  Left 
14  1   100        9048       100661     100761     677        600        1  Right
14  8   100        9061       100761     100861     678        300        1  Right
11  4   100        9069       100861     100961     679        100        1  Right
0   9   500        9020       100661     101161     677        3000       1  Right
0   14  100        9028       101161     101261     681        900        1  Left 
13  0   100        9048       101261     101361     682        700        1  Left 
4   11  500        9090       100961     101462     680        500        1  Right
0   15  500        9061       101361     101862     683        1000       1  Right
1   14  500        9069       101462     101863     684        3000       1  Right
0   13  500        9079       101862     102263     685        3500       1  Left 
15  0   100        9083       102263     102363     687        200        1  Right
8   4   500        9168       101863     102364     686        500        1  Right
9   0   100        9088       102363     102464     688        600        1  Right
14  0   100        9096       102464     102465     690        700        1  Right
5   6   100        9097       102464     102466     690        700        1  Left 
5   1   100        9098       102466     102467     692        200        1  Right
5   0   100        9102       102467     102468     693        100        1  Right
15  12  500        9116       102466     102469     692        6000       1  Left 
3   6   100        9117       102469     102569     695        400        1  Left 
1   5   500        9136       102468     102669     694        1000       1  Right
10  1   100        9147       102669     102769     697        200        1  Right
0   15  500        9114       102669     103169     697        1000       1  Right
0   7   100        9114       103169     103269     699        300        1  Right
1   10  500        9188       102769     103270     698        1000       1  Right
3   15  100        9121       103269     103370     700        200        1  Right
0   14  500        9122       103270     103771     701        3500       1  Right
2   7   500        9145       103370     103871     702        1000       1  Right
0   6   100        9122       103771     103872     703        800        1  Right
5   8   500        9128       103872     104372     705        2500       1  Right
6   7   500        9184       103872     104373     705        2500       1  Left 
15  0   100        9140       104372     104473     706        200        1  Right
12  6   100        9146       104373     104474     707        600        1  Right
0   9   500        9139       104473     104974     708        3000       1  Right
14  0   100        9154       104974     105074     710        700        1  Right
7   6   100        9163       104974     105075     710        500        1  Left 
14  1   100        9206       105074     105174     711        600        1  Right
6   2   100        9186       105075     105176     712        300        1  Left 
7   6   100        9192       105176     105276     714        500        1  Left 
9   1   100        9207       105276     105376     715        900        1  Left 
4   1   100        9217       105376     105476     716        400        1  Right
0   15  500        9161       105074     105575     711        1000       1  Right
2   6   500        9232       105376     105878     716        1500       1  Left 
0   14  500        9180       105575     106076     718        3500       1  Right
0   14  100        9180       106076     106176     720        700        1  Right
15  0   100        9182       106176     106276     721        200        1  Right
1   14  500        9227       106176     106677     721        3000       1  Right
0   15  500        9203       106276     106777     722        1000       1  Right
10  2   100        9241       106677     106778     723        800        1  Left 
15  1   100        9220       106777     106878     724        300        1  Right
12  15  100        9228       106878     106978     726        400        1  Right
6   10  500        9248       106778     107279     725        2500       1  Right
1   15  500        9246       106978     107479     727        1500       1  Right
15  1   100        9273       107479     107579     729        300        1  Right
2   10  500        9277       107279     107780     728        4000       1  Left 
14  0   100        9250       107780     107781     731        900        1  Left 
1   4   500        9248       107780     107782     731        2000       1  Right
11  4   100        9321       107782     107882     733        100        1  Right
0   14  500        9276       107781     107883     732        4500       1  Left 
6   8   100        9278       107883     107983     735        400        1  Right
1   9   500        9253       107883     108383     735        3500       1  Right
8   6   500        9304       107983     108484     736        2000       1  Right
11  6   100        9322       108484     108584     738        200        1  Right
10  6   100        9329       108584     108684     739        500        1  Right
0   13  500        9332       108383     108884     737        3500       1  Left 
4   0   100        9290       108884     108984     741        500        1  Right
4   8   100        9292       108984     109084     742        100        1  Right
6   7   500        9310       108884     109385     741        2500       1  Left 
1   0   500        9291       108984     109485     742        500        1  Right
6   8   100        9349       109385     109486     744        400        1  Right
6   8   100        9350       109486     109586     746        400        1  Right
11  2   100        9366       109586     109686     747        500        1  Left 
1   15  500        9299       109485     109986     745        1500       1  Right
4   1   100        9299       109986     110086     749        400        1  Right
13  0   100        9301       109986     110087     749        700        1  Left 
14  0   100        9308       110087     110088     751        900        1  Left 
9   0   100        9316       110088     110188     752        600        1  Right
0   5   100        9332       110188     110288     753        100        1  Right
1   4   500        9331       110086     110488     750        2000       1  Right
14  1   100        9310       110488     110588     755        600        1  Right
0   9   500        9367       110288     110789     754        3000       1  Right
1   14  500        9332       110588     111089     756        3000       1  Right
15  1   100        9324       111089     111189     758        300        1  Right
8   5   100        9333       111189     111289     759        500        1  Right
15  3   100        9389       111189     111290     759        200        1  Right
5   8   100        9351       111289     111390     760        500        1  Right
8   6   100        9333       111390     111391     762        1200       1  Left 
4   11  500        9342       111089     111491     758        500        1  Right
4   6   100        9361       111491     111591     764        300        1  Right
14  4   100        9365       111591     111691     765        200        1  Right
8   0   500        9343       111391     111892     763        2000       1  Right
8   4   100        9382       111892     111992     767        100        1  Right
8   4   100        9384       111992     112092     768        100        1  Right
1   15  500        9350       111892     112392     767        1500       1  Right
10  5   100        9354       112392     112393     770        400        1  Right
15  8   100        9393       112392     112394     770        1000       1  Left 
15  3   100        9394       112394     112494     772        200        1  Right
5   10  500        9375       112393     112894     771        2000       1  Right
7   1   100        9355       112894     112994     774        400        1  Right
4   1   100        9362       112994     113094     775        400        1  Right
4   0   100        9366       113094     113194     776        500        1  Right
6   5   500        9369       112994     113495     775        3500       1  Left 
13  0   100        9380       113495     113595     778        700        1  Left 
1   4   500        9395       113194     113695     777        2000       1  Right
5   1   100        9392       113695     113795     780        200        1  Right
0   1   100        9397       113795     113895     781        100        1  Right
