
497
C:/Users/nxconrad/Desktop/REU 2.0/Benchmark Data/16-core/7/flow_freqmine100#2.txt
810
[1, 9, 14, 6, 5, 10, 12, 11, 15, 8, 7, 0, 4, 3, 13, 2]
10  1   100        6420       6422       6522       0          500        1  Right
10  0   100        6422       6522       6622       1          600        1  Right
15  8   100        6469       6622       6722       1          100        1  Right
7   8   100        6567       6722       6822       1          100        1  Right
6   2   500        6435       6522       7023       0          2000       1  Left 
0   3   500        6423       6622       7123       1          1000       1  Right
2   15  500        6428       7023       7524       4          4500       1  Left 
12  0   100        6439       7524       7624       6          500        1  Right
2   6   100        6460       7524       7625       6          400        1  Left 
3   0   100        6455       7624       7725       7          200        1  Right
8   15  500        6520       7624       8125       7          500        1  Right
1   11  500        6440       7625       8126       8          3500       1  Right
3   13  500        6537       7725       8226       8          500        1  Right
0   12  500        6475       8126       8626       11         2500       1  Right
1   5   500        6460       8126       8627       11         2000       1  Right
12  0   100        6513       8626       8727       13         500        1  Right
1   10  500        6461       8627       9128       14         2500       1  Right
2   0   500        6614       8727       9228       14         2000       1  Right
1   5   100        6468       9128       9229       16         400        1  Right
11  1   100        6477       9229       9329       18         700        1  Right
11  3   100        6551       9329       9429       18         600        1  Right
6   1   500        6485       9329       9829       19         1500       1  Right
10  1   100        6513       9829       9929       21         500        1  Right
1   11  500        6513       9929       10429      22         3500       1  Right
0   9   100        6526       10429      10529      22         600        1  Left 
0   7   100        6527       10529      10629      23         100        1  Right
5   1   500        6529       10529      11030      23         2000       1  Right
0   12  500        6549       10629      11130      24         2500       1  Right
1   10  500        6554       11030      11531      25         2500       1  Right
0   8   500        6588       11130      11631      26         1000       1  Right
9   3   100        6564       11531      11632      27         400        1  Left 
12  1   100        6596       11632      11732      29         600        1  Right
8   7   500        6588       11631      12132      28         500        1  Right
10  8   100        6595       12132      12232      31         400        1  Right
3   9   500        6600       11732      12233      30         2000       1  Left 
1   2   100        6612       12233      12333      33         100        1  Left 
7   1   100        6613       12333      12433      34         600        1  Left 
1   0   100        6617       12433      12533      35         500        1  Left 
8   10  500        6621       12232      12733      31         2000       1  Right
10  3   100        6643       12733      12833      36         800        1  Right
8   0   100        6648       12833      12933      37         200        1  Right
12  0   100        6660       12933      13033      38         500        1  Right
2   1   500        6633       12533      13034      35         500        1  Left 
1   12  500        6627       13034      13534      40         3000       1  Right
0   1   500        6638       13534      14034      41         2500       1  Left 
15  1   100        6639       14034      14134      42         800        1  Right
9   1   100        6640       14134      14234      43         100        1  Right
0   6   100        6672       14134      14235      43         800        1  Right
2   1   100        6692       14234      14335      44         100        1  Left 
0   12  500        6696       14235      14736      45         2500       1  Right
6   2   500        6677       14335      14836      46         2000       1  Left 
0   13  100        6696       14736      14837      47         300        1  Right
1   7   500        6664       14836      14838      48         5000       1  Right
0   3   500        6752       14837      14838      48         1000       1  Right
2   13  500        6746       14837      14839      48         500        1  Right
1   15  500        6665       14838      15339      50         4000       1  Right
15  0   100        6703       15339      15439      52         300        1  Right
15  8   100        6705       15439      15539      53         100        1  Right
1   9   500        6687       15339      15839      52         500        1  Right
6   1   100        6705       15839      15939      55         300        1  Right
15  1   100        6712       15939      16039      56         800        1  Right
8   0   500        6709       15539      16040      54         1000       1  Right
7   0   100        6710       16040      16140      58         100        1  Right
8   7   100        6757       16140      16240      58         100        1  Right
8   13  100        6757       16240      16340      59         500        1  Right
8   12  100        6757       16340      16440      60         300        1  Right
1   2   500        6713       16039      16540      57         500        1  Left 
8   11  100        6757       16440      16541      61         200        1  Right
7   1   100        6721       16540      16641      62         600        1  Left 
8   10  100        6757       16541      16642      63         400        1  Right
13  2   100        6725       16641      16741      64         100        1  Right
7   0   100        6723       16641      16742      64         100        1  Right
0   8   100        6761       16742      16842      67         200        1  Right
7   8   100        6765       16842      16942      68         100        1  Right
1   15  500        6738       16642      17144      65         4000       1  Right
9   0   100        6733       17144      17244      70         600        1  Left 
12  0   100        6738       17244      17344      71         500        1  Right
1   6   500        6746       17244      17745      71         1500       1  Right
12  1   100        6740       17745      17845      73         600        1  Right
9   1   100        6744       17845      17846      74         100        1  Right
6   2   500        6747       17845      18247      74         6000       1  Right
9   0   100        6746       18247      18347      76         600        1  Left 
15  6   100        6763       18247      18348      76         500        1  Right
8   9   100        6757       18347      18448      77         800        1  Left 
15  1   100        6764       18448      18548      79         800        1  Right
9   8   100        6780       18548      18549      80         800        1  Right
10  8   100        6782       18549      18649      81         400        1  Right
11  8   100        6784       18649      18749      82         200        1  Right
12  8   100        6786       18749      18849      83         300        1  Right
1   7   500        6767       18548      18949      80         3000       1  Left 
15  0   100        6768       18949      19049      85         300        1  Right
3   0   100        6786       19049      19149      86         200        1  Right
13  8   100        6788       19149      19249      87         500        1  Right
13  8   100        6796       19249      19349      88         500        1  Right
1   12  500        6774       18949      19450      85         3000       1  Right
2   6   100        6790       19450      19550      90         400        1  Left 
3   11  500        6838       19349      19850      88         3000       1  Right
2   5   100        6815       19850      19950      92         1100       1  Right
12  4   100        6821       19950      20050      92         600        1  Right
1   9   500        6790       19550      20051      91         500        1  Right
5   2   500        6846       20050      20551      93         5500       1  Right
1   15  500        6792       20551      21051      96         4000       1  Right
7   1   100        6818       21051      21151      97         600        1  Left 
8   15  100        6829       21051      21152      96         100        1  Right
9   1   100        6846       21151      21252      97         100        1  Right
8   15  100        6837       21152      21253      98         100        1  Right
4   12  500        6847       21252      21753      99         5000       1  Left 
15  8   500        6875       21253      21754      100        500        1  Right
14  8   100        6908       21754      21755      102        700        1  Right
1   7   500        6864       21753      22155      101        3000       1  Left 
1   0   100        6870       22155      22255      104        500        1  Left 
7   8   100        6910       22155      22256      104        100        1  Right
14  3   100        6912       22256      22356      106        1100       1  Right
1   9   500        6892       22255      22756      105        500        1  Right
10  2   100        7037       22756      22856      107        600        1  Left 
8   13  500        6934       22356      22857      107        2500       1  Right
0   1   500        6896       22857      23357      110        2500       1  Left 
8   7   500        6935       22857      23358      110        500        1  Right
1   0   100        6929       23357      23359      111        500        1  Left 
9   8   100        6938       23358      23360      112        800        1  Right
0   1   500        6950       23359      23860      113        2500       1  Left 
3   10  500        6935       23860      24360      115        4000       1  Right
3   14  500        6943       24360      24860      116        2500       1  Left 
0   8   500        6971       24360      24861      116        1000       1  Right
3   4   100        6998       24860      24961      117        100        1  Right
7   3   100        6962       24961      25061      119        300        1  Right
1   0   100        6972       25061      25161      120        500        1  Left 
9   3   100        6984       25161      25261      121        400        1  Left 
1   0   100        7014       25261      25361      122        500        1  Left 
8   14  500        6954       24861      25362      118        3500       1  Right
8   9   500        6959       25362      25862      124        4000       1  Right
0   10  100        6974       25862      25863      125        600        1  Right
3   5   100        6998       25862      25864      125        700        1  Left 
4   8   100        6975       25863      25964      126        300        1  Right
3   6   100        6998       25864      25965      127        600        1  Left 
8   4   500        7011       25964      26465      128        1500       1  Right
1   14  500        7027       25965      26466      128        1000       1  Right
8   0   100        7028       26465      26565      129        200        1  Right
4   3   100        7008       26465      26566      130        100        1  Right
5   3   100        7015       26566      26666      133        900        1  Right
6   3   100        7023       26666      26766      133        1000       1  Right
3   7   100        7054       26766      26866      134        300        1  Right
12  4   100        7073       26866      26966      135        600        1  Right
1   13  500        7058       26466      26968      130        1000       1  Left 
12  6   100        7074       26966      27067      136        300        1  Right
12  6   100        7097       27067      27167      138        300        1  Right
0   1   500        6993       26968      27469      138        2500       1  Left 
0   10  100        6998       27469      27569      141        600        1  Right
14  1   100        7006       27469      27570      141        200        1  Right
0   15  100        7011       27569      27670      142        300        1  Right
13  1   100        7032       27570      27671      142        200        1  Left 
14  1   100        7048       27671      27771      144        200        1  Right
14  1   100        7061       27771      27871      145        200        1  Right
14  0   100        7063       27871      27971      146        700        1  Left 
13  0   100        7086       27971      28071      147        300        1  Right
6   15  500        7065       27670      28072      143        2500       1  Right
13  8   100        7088       28071      28072      148        500        1  Right
2   5   100        7066       28072      28073      149        1100       1  Right
0   12  100        7067       28073      28173      150        500        1  Right
1   14  500        7069       27971      28274      147        1000       1  Right
2   10  500        7073       28173      28674      151        5000       1  Right
1   14  500        7082       28274      28675      152        1000       1  Right
6   2   500        7077       28674      29075      153        6000       1  Right
10  8   100        7119       29075      29175      155        400        1  Right
7   8   100        7141       29175      29275      155        100        1  Right
0   3   500        7078       29075      29575      155        1000       1  Right
5   2   500        7097       29075      29576      155        2500       1  Left 
0   15  100        7086       29575      29577      158        300        1  Right
4   12  500        7099       29576      29978      159        5000       1  Left 
8   0   500        7098       29577      30078      160        1000       1  Right
12  2   100        7128       29978      30079      160        700        1  Left 
3   0   100        7107       30078      30179      162        200        1  Right
6   12  500        7133       30079      30580      162        1500       1  Right
0   1   500        7093       30179      30581      164        2500       1  Left 
9   8   100        7150       30580      30582      164        800        1  Right
13  1   100        7095       30581      30682      166        200        1  Left 
8   4   100        7130       30582      30683      166        300        1  Right
15  1   100        7100       30682      30783      168        800        1  Right
8   7   100        7130       30683      30784      168        100        1  Right
14  1   100        7104       30783      30785      170        200        1  Right
13  6   100        7149       30784      30786      170        1100       1  Right
15  1   100        7118       30786      30886      173        800        1  Right
4   8   100        7153       30786      30887      172        300        1  Right
12  6   100        7186       30886      30986      173        300        1  Right
14  3   100        7158       30886      30987      173        500        1  Left 
1   0   100        7121       30987      31087      177        500        1  Left 
1   13  500        7121       31087      31587      178        1000       1  Left 
1   14  500        7125       31587      32087      178        1000       1  Right
1   15  500        7127       32087      32587      179        4000       1  Right
8   15  100        7130       32587      32687      180        100        1  Right
8   14  100        7130       32687      32787      181        700        1  Right
8   9   100        7130       32787      32788      182        800        1  Right
0   1   500        7142       32587      32989      180        2500       1  Left 
0   8   100        7155       32989      33089      184        200        1  Right
1   15  500        7144       32989      33489      184        4000       1  Right
13  1   100        7150       33489      33589      186        200        1  Left 
14  8   100        7172       33489      33590      186        700        1  Right
2   1   100        7155       33589      33689      187        100        1  Left 
13  0   100        7154       33589      33690      187        300        1  Right
15  8   100        7174       33590      33692      188        100        1  Right
2   1   100        7155       33689      33790      189        100        1  Left 
0   15  500        7210       33692      34193      191        1500       1  Right
2   12  500        7155       33790      34291      192        3500       1  Left 
13  8   500        7256       34193      34694      193        2500       1  Right
6   12  500        7363       34291      34792      194        1500       1  Right
1   0   100        7163       34694      34795      195        500        1  Left 
15  0   100        7189       34795      34895      197        300        1  Right
1   2   500        7176       34795      34896      197        500        1  Left 
3   9   500        7281       34895      34897      198        6000       1  Right
1   13  500        7178       34896      35297      199        1000       1  Left 
8   13  100        7225       35297      35397      201        500        1  Right
8   13  100        7227       35397      35497      202        500        1  Right
1   2   500        7179       35297      35797      201        500        1  Left 
2   0   100        7221       35797      35897      204        400        1  Right
8   10  500        7305       35497      35998      203        2000       1  Right
0   2   500        7247       35897      36398      205        2000       1  Right
15  0   100        7231       36398      36498      207        300        1  Right
0   15  500        7252       36498      36998      208        1500       1  Right
0   11  100        7277       36998      37098      209        400        1  Right
15  1   100        7279       37098      37198      210        800        1  Right
0   7   100        7300       37098      37199      210        100        1  Right
7   2   100        7338       37199      37200      212        500        1  Right
1   15  500        7305       37198      37600      211        4000       1  Right
0   8   500        7350       37200      37701      213        1000       1  Right
15  0   100        7333       37701      37801      215        300        1  Right
1   12  500        7412       37600      38101      214        3000       1  Right
0   15  500        7354       37801      38302      216        1500       1  Right
7   8   100        7430       38302      38402      218        100        1  Right
0   1   500        7365       38302      38802      218        2500       1  Left 
12  1   100        7381       38802      38902      220        600        1  Right
2   7   500        7379       38802      38903      220        2500       1  Right
1   15  500        7417       38902      39004      221        4000       1  Right
0   3   500        7399       38903      39404      222        1000       1  Right
15  0   100        7388       39404      39504      224        300        1  Right
1   10  500        7440       39004      39505      223        2500       1  Right
0   13  100        7404       39504      39605      225        300        1  Right
15  1   100        7390       39505      39606      226        800        1  Right
8   0   100        7408       39605      39706      227        200        1  Right
10  1   100        7399       39606      39707      228        500        1  Right
3   0   100        7431       39706      39807      229        200        1  Right
8   7   500        7451       39706      40207      229        500        1  Right
6   13  500        7441       39707      40208      230        2500       1  Left 
4   8   100        7438       40207      40308      232        300        1  Right
15  4   100        7453       40308      40309      234        400        1  Right
6   12  500        7463       40208      40609      233        1500       1  Right
3   14  500        7450       40208      40610      233        2500       1  Left 
12  2   100        7458       40610      40710      237        700        1  Left 
13  1   100        7489       40710      40810      238        200        1  Left 
8   4   500        7474       40309      40811      235        1500       1  Right
4   3   100        7442       40811      40812      240        100        1  Right
0   13  100        7473       40811      40813      240        1300       1  Left 
3   7   100        7463       40813      40913      242        300        1  Right
5   8   100        7481       40813      40914      242        500        1  Right
2   0   100        7474       40913      41014      243        400        1  Right
6   8   100        7483       40914      41015      244        600        1  Right
0   2   500        7500       41014      41515      245        2000       1  Right
10  0   100        7483       41515      41516      247        600        1  Right
5   3   100        7485       41515      41517      247        700        1  Left 
10  8   100        7485       41516      41617      248        400        1  Right
7   3   500        7486       41517      42018      249        1500       1  Right
2   12  500        7484       41617      42118      250        3500       1  Left 
6   3   100        7487       42118      42218      252        600        1  Left 
10  1   100        7492       42218      42318      253        500        1  Right
8   0   500        7485       42018      42319      251        1000       1  Right
0   8   100        7544       42319      42320      254        200        1  Right
4   15  500        7494       42318      42520      254        6000       1  Left 
7   3   100        7494       42520      42620      257        300        1  Right
2   0   100        7538       42620      42720      257        400        1  Right
7   1   100        7540       42720      42820      258        600        1  Left 
13  0   100        7547       42820      42920      259        300        1  Right
8   6   500        7509       42520      43021      257        3000       1  Right
0   2   500        7564       42920      43421      260        2000       1  Right
2   0   100        7591       43421      43521      262        400        1  Right
8   5   500        7512       43021      43522      262        2500       1  Right
8   4   100        7512       43522      43622      265        300        1  Right
8   5   100        7512       43622      43722      266        500        1  Right
8   6   100        7512       43722      43822      267        600        1  Right
8   7   100        7512       43822      43922      268        100        1  Right
12  6   100        7516       43822      43923      268        300        1  Right
7   8   100        7548       43922      44023      268        100        1  Right
3   4   500        7536       43622      44123      265        500        1  Right
8   13  100        7512       44023      44124      271        1100       1  Left 
1   13  500        7515       44124      44624      273        1000       1  Left 
3   5   500        7537       44124      44625      272        4500       1  Right
12  5   100        7541       44625      44725      274        200        1  Right
3   6   500        7538       44625      45125      274        3000       1  Left 
3   4   100        7547       45125      45225      276        100        1  Right
1   10  500        7538       45125      45625      276        2500       1  Right
6   8   100        7550       45625      45725      278        600        1  Right
0   13  500        7578       45225      45726      277        1500       1  Right
5   8   100        7552       45725      45826      279        500        1  Right
0   7   100        7579       45726      45827      280        100        1  Right
8   10  100        7612       45826      45926      281        400        1  Right
3   5   100        7547       45826      45927      281        700        1  Left 
4   8   100        7554       45926      46027      283        300        1  Right
3   6   100        7547       45927      46028      284        600        1  Left 
0   11  100        7603       46027      46127      285        400        1  Right
4   1   100        7561       46028      46129      286        400        1  Left 
13  8   100        7571       46129      46229      288        500        1  Right
5   12  500        7572       45927      46428      284        1000       1  Right
10  6   100        7590       46428      46528      290        200        1  Right
1   7   500        7586       46229      46730      289        3000       1  Left 
5   1   100        7577       46730      46830      292        400        1  Right
7   8   100        7640       46730      46830      290        100        1  Right
4   3   100        7592       46730      46831      292        100        1  Right
10  1   100        7591       46830      46931      293        500        1  Right
6   1   100        7606       46931      47031      295        300        1  Right
0   2   500        7617       46831      47332      294        2000       1  Right
10  0   100        7595       47332      47432      297        600        1  Right
1   4   500        7596       47332      47833      297        2000       1  Left 
10  8   500        7674       47432      47933      296        2000       1  Right
5   3   100        7598       47833      47934      299        700        1  Left 
6   3   100        7606       47934      48034      301        600        1  Left 
13  0   100        7609       48034      48134      302        300        1  Right
3   7   100        7640       48134      48234      301        300        1  Right
11  2   100        7642       48234      48334      302        800        1  Right
11  8   100        7718       48334      48434      303        200        1  Right
1   5   500        7619       48034      48535      302        2000       1  Right
0   13  500        7642       48334      48835      303        1500       1  Right
7   0   100        7644       48835      48935      306        100        1  Right
2   0   100        7650       48935      49035      307        400        1  Right
1   10  500        7634       48535      49036      305        2500       1  Right
2   11  500        7673       49035      49536      308        4000       1  Right
1   6   500        7647       49036      49537      309        1500       1  Right
8   10  100        7661       49536      49637      310        400        1  Right
0   2   500        7677       49536      50037      310        2000       1  Right
4   1   100        7639       50037      50137      313        400        1  Left 
0   15  100        7712       50037      50138      313        300        1  Right
4   1   100        7652       50137      50238      314        400        1  Left 
7   1   100        7653       50238      50338      316        600        1  Left 
4   0   100        7654       50338      50438      317        100        1  Right
7   8   100        7727       50338      50438      316        100        1  Right
5   1   100        7658       50338      50439      317        400        1  Right
10  8   100        7761       50438      50538      317        400        1  Right
5   1   100        7671       50439      50540      319        400        1  Right
13  1   100        7676       50540      50640      321        200        1  Left 
6   1   100        7702       50640      50740      322        300        1  Right
6   1   100        7715       50740      50840      323        300        1  Right
0   3   500        7723       50438      50939      318        1000       1  Right
5   0   100        7673       50939      51039      325        700        1  Right
1   4   500        7670       50939      51439      325        2000       1  Left 
1   4   500        7683       51439      51939      327        2000       1  Left 
15  4   100        7705       51939      52039      328        400        1  Right
2   0   100        7714       52039      52139      329        400        1  Right
1   5   500        7694       51939      52439      328        2000       1  Right
0   2   500        7740       52139      52440      329        2000       1  Right
1   7   500        7699       52439      52740      331        5000       1  Right
15  6   100        7706       52740      52840      333        500        1  Right
15  6   100        7720       52840      52940      334        500        1  Right
1   13  500        7703       52740      53240      333        1000       1  Left 
8   7   500        7708       52740      53242      333        500        1  Right
8   10  100        7748       53242      53342      336        400        1  Right
0   8   100        7763       53342      53442      337        200        1  Right
8   7   100        7787       53442      53542      338        100        1  Right
8   7   100        7789       53542      53642      339        100        1  Right
1   5   500        7714       53240      53741      336        2000       1  Right
12  5   100        7792       53741      53841      341        200        1  Right
0   13  500        7789       53442      53944      338        1500       1  Right
8   11  500        7827       53642      54143      340        1000       1  Right
1   6   500        7743       53741      54242      341        1500       1  Right
15  2   100        7790       54143      54244      344        700        1  Right
1   6   500        7756       54242      54743      345        1500       1  Right
0   2   500        7806       54244      54745      346        2000       1  Right
7   6   100        7764       54743      54844      347        700        1  Right
4   1   100        7729       54745      54846      348        400        1  Left 
6   0   100        7717       54844      54945      350        800        1  Right
0   10  100        7816       54945      55045      351        600        1  Right
15  6   100        7851       55045      55145      352        500        1  Right
0   9   100        7881       55145      55146      353        1000       1  Right
0   9   100        7905       55146      55147      354        1000       1  Right
1   4   500        7762       54846      55149      350        2000       1  Left 
4   15  500        7746       55149      55649      356        2000       1  Right
13  0   100        7758       55649      55650      357        300        1  Right
7   1   100        7765       55649      55651      357        1000       1  Right
7   0   100        7769       55651      55751      359        100        1  Right
2   0   100        7780       55751      55851      360        400        1  Right
3   0   100        7807       55851      55951      361        200        1  Right
13  0   100        7836       55951      56051      362        300        1  Right
6   15  500        7771       55651      56152      359        2500       1  Right
5   1   100        7789       56152      56252      364        400        1  Right
7   8   500        7798       55751      56253      360        500        1  Right
6   12  500        7804       56252      56753      365        1500       1  Right
2   15  500        7821       56253      56754      366        3500       1  Right
6   1   100        7824       56753      56853      367        300        1  Right
4   8   100        7824       56754      56855      368        300        1  Right
2   1   100        7828       56853      56954      369        100        1  Left 
8   3   100        7828       56855      56956      370        400        1  Right
13  1   100        7838       56954      57055      371        200        1  Left 
5   12  500        7823       56753      57254      367        1000       1  Right
8   4   500        7860       56956      57458      372        1500       1  Right
6   10  500        7867       57254      57755      374        1000       1  Right
5   8   100        7872       57755      57855      376        500        1  Right
6   8   100        7917       57855      57955      377        600        1  Right
1   7   500        7823       57458      57959      375        3000       1  Left 
4   3   100        7892       57959      58059      379        100        1  Right
13  4   100        7893       58059      58159      380        200        1  Right
1   5   500        7826       57959      58459      379        2000       1  Right
8   0   500        7899       57959      58461      379        1000       1  Right
1   2   500        7853       58459      58960      382        500        1  Left 
8   5   500        7903       58461      58962      383        2500       1  Right
5   3   100        7937       58962      59062      385        900        1  Right
6   3   100        7965       59062      59162      386        1000       1  Right
1   13  500        7865       58960      59461      384        1000       1  Left 
6   15  500        8010       59162      59663      387        2500       1  Right
4   13  500        7924       59461      59962      388        1000       1  Right
1   6   500        7870       59663      60164      389        1500       1  Right
12  1   100        7873       60164      60264      391        600        1  Right
12  1   100        7873       60264      60364      392        600        1  Right
2   1   100        7875       60364      60464      393        100        1  Left 
8   6   500        7943       60364      60865      393        3000       1  Right
10  1   100        7895       60865      60866      395        500        1  Right
12  2   100        7932       60865      60867      395        900        1  Right
8   4   100        8041       60867      60967      397        300        1  Right
13  4   100        8145       60967      61067      396        200        1  Right
1   12  500        7904       60867      61367      397        3000       1  Right
1   12  500        7907       61367      61867      400        3000       1  Right
11  1   100        7926       61867      61967      401        700        1  Right
12  0   100        7951       61967      62067      402        500        1  Right
1   10  500        7936       61967      62068      402        2500       1  Right
2   12  500        7960       62067      62169      403        4500       1  Right
0   10  100        7943       62169      62269      405        600        1  Right
9   2   100        7948       62169      62270      405        200        1  Left 
0   8   100        7956       62269      62370      406        200        1  Right
1   2   500        7951       62270      62771      407        500        1  Left 
0   12  500        7987       62370      62871      408        2500       1  Right
2   1   100        7968       62771      62872      409        100        1  Left 
11  0   100        8007       62871      62972      410        400        1  Right
10  1   100        7975       62872      62973      411        500        1  Right
11  8   100        8009       62972      63073      412        200        1  Right
0   3   500        8099       62972      63473      412        1000       1  Right
2   9   500        7989       62973      63474      413        1000       1  Left 
6   7   500        8026       63073      63574      414        3500       1  Right
1   11  500        7962       63574      64074      417        3500       1  Right
11  1   100        8016       64074      64174      418        700        1  Right
1   10  500        8016       64174      64674      419        2500       1  Right
9   8   100        8040       64674      64774      420        800        1  Right
8   5   100        8041       64774      64874      421        500        1  Right
8   6   100        8041       64874      64974      422        600        1  Right
8   7   100        8041       64974      65074      423        100        1  Right
15  1   100        8043       64974      65075      423        800        1  Right
7   1   100        8049       65075      65175      425        600        1  Left 
11  6   100        8087       65075      65176      425        400        1  Right
7   8   100        8058       65175      65276      426        100        1  Right
15  2   100        8107       65276      65277      428        700        1  Right
15  2   100        8170       65277      65278      427        700        1  Right
1   11  500        8052       65176      65479      427        3500       1  Right
10  0   100        8059       65479      65579      431        600        1  Right
13  6   100        8146       65479      65580      429        500        1  Left 
8   11  100        8100       65579      65680      432        200        1  Right
8   11  100        8101       65680      65780      434        200        1  Right
0   10  500        8105       65580      66081      433        5000       1  Left 
6   8   100        8060       66081      66181      436        600        1  Right
5   8   100        8062       66181      66281      437        500        1  Right
13  6   100        8180       66181      66282      435        500        1  Left 
4   8   100        8064       66281      66283      438        300        1  Right
13  2   100        8210       66282      66283      437        100        1  Right
1   15  500        8069       66282      66684      439        4000       1  Right
11  1   100        8088       66684      66685      441        700        1  Right
2   15  500        8138       66684      67086      439        3500       1  Right
11  0   100        8092       67086      67186      443        400        1  Right
1   7   500        8095       67186      67686      444        3000       1  Left 
11  8   500        8121       67186      67687      444        1000       1  Right
0   7   100        8118       67686      67787      445        100        1  Right
3   0   100        8128       67787      67887      445        200        1  Right
1   11  500        8126       67687      68188      444        3500       1  Right
3   8   500        8140       67887      68388      446        2000       1  Right
7   1   100        8139       68388      68488      448        600        1  Left 
0   13  100        8159       68488      68588      449        300        1  Right
9   1   100        8249       68488      68589      448        100        1  Right
6   15  500        8153       68188      68689      447        2500       1  Right
10  0   100        8158       68689      68789      452        600        1  Right
3   4   500        8175       68588      69090      450        500        1  Right
8   9   500        8160       68789      69290      453        4000       1  Right
4   13  500        8176       69090      69591      454        1000       1  Right
1   7   500        8185       69290      69791      455        5000       1  Right
8   0   100        8196       69791      69891      457        200        1  Right
2   15  500        8201       69791      70292      457        4500       1  Left 
12  0   100        8204       70292      70392      459        500        1  Right
1   2   500        8213       70292      70793      459        500        1  Left 
0   10  500        8204       70392      70893      460        3000       1  Right
1   3   100        8215       70793      70894      461        300        1  Left 
0   14  100        8207       70893      70994      462        900        1  Right
1   8   100        8219       70994      71094      464        700        1  Left 
15  6   100        8230       70994      71095      463        500        1  Right
7   0   100        8233       71094      71194      464        100        1  Right
14  2   100        8228       71094      71195      464        300        1  Left 
5   15  500        8301       71095      71597      465        2000       1  Right
6   13  500        8221       71195      71598      468        2500       1  Left 
3   5   500        8224       71597      72000      469        4500       1  Right
2   13  500        8231       71598      72099      469        500        1  Right
10  1   100        8250       72000      72100      470        500        1  Right
2   3   100        8250       72099      72101      471        200        1  Right
0   12  500        8240       72000      72402      470        2500       1  Right
0   7   100        8252       72402      72502      474        100        1  Right
1   10  500        8291       72100      72503      472        2500       1  Right
2   8   100        8254       72502      72603      475        600        1  Right
15  5   100        8255       72503      72604      476        400        1  Right
13  6   100        8251       72604      72704      478        1100       1  Right
1   9   500        8295       72503      72705      476        500        1  Right
2   14  500        8254       72704      72906      479        6500       1  Right
12  0   100        8290       72906      73006      481        500        1  Right
15  5   100        8506       73006      73106      482        400        1  Right
3   6   500        8259       72906      73406      481        3000       1  Left 
0   1   100        8260       73406      73506      484        500        1  Left 
14  8   100        8301       73406      73507      484        700        1  Right
0   1   100        8260       73506      73607      485        500        1  Left 
6   11  500        8369       73507      74008      486        2000       1  Right
0   7   500        8284       73607      74108      487        500        1  Right
8   1   500        8290       74008      74509      488        4500       1  Right
2   1   100        8363       74509      74609      490        100        1  Left 
8   0   500        8290       74509      75009      490        1000       1  Right
6   13  500        8440       74609      75110      491        2500       1  Left 
0   12  500        8326       75009      75510      492        2500       1  Right
8   2   500        8311       75510      76010      494        3000       1  Right
6   15  500        8532       75510      76011      494        2500       1  Right
7   0   100        8335       76010      76111      495        100        1  Right
1   2   500        8384       76010      76511      495        500        1  Left 
8   14  500        8347       76011      76512      496        3500       1  Right
0   7   500        8386       76111      76612      497        500        1  Right
1   9   500        8414       76511      77012      498        500        1  Right
5   15  500        8552       76512      77013      499        2000       1  Right
10  0   100        8343       77013      77113      502        600        1  Right
9   0   100        8359       77113      77213      503        600        1  Left 
9   8   100        8361       77213      77313      504        800        1  Right
12  0   100        8363       77313      77413      505        500        1  Right
9   1   100        8368       77313      77414      505        100        1  Right
9   6   100        8461       77414      77514      507        200        1  Right
0   10  500        8389       77413      77914      506        3000       1  Right
8   1   100        8386       77914      78014      509        700        1  Left 
8   2   100        8386       78014      78015      510        600        1  Right
11  1   100        8402       78014      78016      510        700        1  Right
8   14  100        8386       78016      78116      512        700        1  Right
2   1   100        8406       78016      78117      512        100        1  Left 
8   11  100        8386       78116      78118      513        200        1  Right
11  8   100        8414       78118      78119      515        200        1  Right
0   12  500        8399       78117      78420      514        5500       1  Left 
1   8   100        8424       78420      78520      517        900        1  Right
2   8   100        8425       78520      78620      518        1000       1  Left 
14  8   100        8428       78620      78720      519        700        1  Right
14  8   100        8435       78720      78820      520        700        1  Right
0   3   500        8423       78420      78920      517        1000       1  Right
8   9   100        8492       78820      78920      521        800        1  Right
0   11  100        8424       78920      79020      522        400        1  Right
10  0   100        8452       79020      79120      523        600        1  Right
1   2   500        8427       78620      79121      519        500        1  Left 
12  0   100        8461       79120      79221      524        500        1  Right
7   1   100        8440       79221      79321      526        1000       1  Right
2   3   500        8526       79121      79622      525        1000       1  Right
1   11  500        8440       79321      79822      527        3500       1  Right
10  1   100        8454       79822      79922      529        500        1  Right
9   1   100        8462       79922      80022      530        100        1  Right
13  1   100        8463       80022      80122      531        200        1  Left 
3   1   100        8466       80122      80222      532        300        1  Left 
0   12  500        8497       79822      80323      529        2500       1  Right
9   0   100        8466       80323      80423      534        1000       1  Right
8   9   100        8493       80423      80523      535        800        1  Right
1   13  500        8489       80222      80723      533        1000       1  Left 
9   8   500        8503       80523      80724      536        4000       1  Right
1   7   500        8495       80723      80725      537        3000       1  Left 
8   14  500        8532       80724      81026      538        3500       1  Right
11  1   100        8495       81026      81126      540        700        1  Right
3   2   500        8507       80725      81226      539        1000       1  Right
3   2   100        8517       81226      81326      542        200        1  Right
13  2   100        8527       81326      81426      543        100        1  Right
0   8   500        8513       81026      81528      540        1000       1  Right
1   10  500        8498       81126      81627      541        2500       1  Right
12  0   100        8531       81528      81628      545        500        1  Right
0   5   100        8514       81628      81728      547        700        1  Right
2   13  500        8548       81426      81927      544        500        1  Right
13  2   100        8570       81927      82027      549        100        1  Right
1   9   500        8510       81627      82129      546        500        1  Right
0   12  500        8567       81728      82229      548        2500       1  Right
10  4   100        8587       82229      82329      552        700        1  Right
6   13  500        8554       82129      82630      551        2500       1  Left 
3   1   100        8557       82630      82730      554        300        1  Left 
4   10  500        8613       82329      82830      553        3500       1  Right
5   2   100        8578       82730      82831      555        500        1  Left 
1   11  500        8531       82831      83331      557        3500       1  Right
2   13  500        8591       82831      83332      557        500        1  Right
1   0   500        8543       83331      83832      558        5500       1  Right
1   0   500        8556       83832      84332      560        2500       1  Left 
7   0   100        8561       84332      84432      561        100        1  Right
8   1   100        8583       84332      84433      561        900        1  Right
0   11  100        8567       84433      84533      563        400        1  Right
14  1   100        8591       84433      84534      563        200        1  Right
11  0   100        8607       84533      84634      564        400        1  Right
12  0   100        8612       84634      84734      566        500        1  Right
0   8   100        8614       84734      84834      567        200        1  Right
2   5   500        8609       84534      85035      565        2500       1  Left 
13  6   100        8610       85035      85135      569        500        1  Left 
0   7   500        8618       84834      85335      568        500        1  Right
13  5   100        8635       85335      85435      569        1000       1  Right
1   14  500        8612       85135      85636      570        1000       1  Right
0   1   100        8621       85636      85637      573        500        1  Left 
8   9   100        8684       85636      85638      571        800        1  Right
15  1   100        8622       85638      85738      575        800        1  Right
15  1   100        8622       85738      85838      576        800        1  Right
1   8   500        8634       85838      86338      575        3500       1  Left 
14  0   100        8635       86338      86438      576        700        1  Left 
14  8   100        8637       86438      86538      577        700        1  Right
7   0   100        8675       86438      86539      577        100        1  Right
5   8   100        8654       86538      86638      578        500        1  Right
14  1   100        8644       86538      86639      578        200        1  Right
0   12  500        8648       86638      87139      580        2500       1  Right
5   13  500        8671       86639      87140      581        3000       1  Left 
14  6   100        8693       87140      87240      583        100        1  Right
0   11  500        8651       87139      87640      582        2000       1  Right
1   15  500        8648       87640      88140      585        4000       1  Right
1   15  500        8651       88140      88640      586        4000       1  Right
15  2   100        8671       88640      88740      587        700        1  Right
15  0   100        8690       88740      88840      588        300        1  Right
1   14  500        8665       88640      89140      587        1000       1  Right
2   15  500        8702       88840      89341      589        3500       1  Right
7   1   100        8677       89341      89342      591        600        1  Left 
9   8   100        8692       89341      89343      591        800        1  Right
7   4   100        8783       89342      89443      591        200        1  Right
14  1   100        8694       89343      89444      593        200        1  Right
9   1   100        8756       89444      89544      594        100        1  Right
0   15  500        8711       89443      89944      594        1500       1  Right
14  0   100        8698       89944      90044      597        700        1  Left 
11  0   100        8700       90044      90144      598        400        1  Right
8   14  100        8713       90144      90145      599        700        1  Right
0   9   100        8726       90144      90146      598        600        1  Left 
8   14  100        8715       90145      90246      600        700        1  Right
12  0   100        8724       90246      90346      602        500        1  Right
1   14  500        8717       90246      90746      602        1000       1  Right
0   11  500        8741       90346      90847      602        2000       1  Right
6   9   500        8733       90746      90848      603        1000       1  Right
8   5   500        8803       90847      90948      604        2500       1  Right
1   7   500        8735       90847      90949      604        3000       1  Left 
14  8   500        8749       90948      90950      606        3500       1  Right
4   7   500        8814       90949      90950      607        1000       1  Right
1   3   500        8751       90949      90951      607        1500       1  Left 
0   12  500        8760       90950      91451      608        2500       1  Right
1   9   500        8802       90951      91452      609        500        1  Right
3   15  100        8785       91451      91552      610        500        1  Right
11  1   100        8782       91452      91553      611        700        1  Right
12  0   100        8795       91553      91653      613        500        1  Right
9   1   100        8854       91553      91654      613        100        1  Right
0   10  100        8798       91653      91754      614        600        1  Right
13  5   100        8886       91654      91755      615        600        1  Left 
0   4   100        8816       91754      91855      616        100        1  Right
1   11  500        8818       91755      92256      617        3500       1  Right
10  4   100        8839       92256      92257      619        900        1  Left 
10  6   100        8840       92257      92357      620        200        1  Right
1   3   100        8896       92257      92358      620        300        1  Left 
10  6   100        8849       92357      92458      621        200        1  Right
0   12  500        8831       92256      92657      619        2500       1  Right
11  0   100        8861       92657      92658      624        400        1  Right
12  1   100        8865       92657      92659      624        600        1  Right
0   9   100        8869       92659      92660      626        1000       1  Right
2   4   500        8902       92358      92662      622        1500       1  Right
5   1   100        8902       92660      92761      627        400        1  Right
0   11  500        8904       92660      92762      627        2000       1  Right
4   10  500        8865       92761      92863      629        4500       1  Left 
4   2   100        8866       92863      92963      631        300        1  Right
0   15  500        8964       92762      93263      630        1500       1  Right
1   9   500        8902       92863      93363      631        500        1  Right
12  15  100        8975       93263      93363      633        200        1  Right
4   8   100        8939       93263      93364      633        300        1  Right
6   10  500        8875       92863      93365      631        1000       1  Right
3   1   100        8909       93363      93465      634        300        1  Left 
10  2   100        8894       93465      93565      637        600        1  Left 
6   13  500        8904       93565      94065      638        2500       1  Left 
10  6   100        8971       94065      94165      639        200        1  Right
1   0   500        8910       94065      94565      639        2500       1  Left 
6   14  500        8997       94165      94666      640        500        1  Right
5   13  500        8922       94565      95066      641        5000       1  Right
2   10  500        8930       95066      95566      643        3000       1  Left 
8   0   500        8941       95066      95567      643        1000       1  Right
15  0   100        8943       95567      95667      645        300        1  Right
1   12  500        8935       95566      96067      644        3000       1  Right
8   4   500        8975       95667      96168      646        1500       1  Right
8   4   100        9025       96168      96268      648        300        1  Right
7   4   100        9035       96268      96368      649        200        1  Right
1   5   500        8938       96067      96568      647        2000       1  Right
9   0   100        8957       96568      96569      651        600        1  Left 
8   14  100        9025       96568      96570      651        700        1  Right
11  0   100        8962       96570      96670      653        400        1  Right
1   13  500        9006       96569      97070      652        1000       1  Left 
6   10  500        9119       96570      97072      653        1000       1  Right
11  1   100        8964       97070      97171      655        900        1  Left 
13  1   100        8977       97171      97271      657        200        1  Left 
5   0   100        8991       97171      97272      657        700        1  Right
13  1   100        8977       97271      97372      658        200        1  Left 
5   8   100        8993       97272      97373      659        500        1  Right
0   1   100        8997       97372      97473      660        500        1  Left 
7   6   100        9036       97373      97474      661        700        1  Right
15  0   100        8997       97474      97574      663        300        1  Right
0   8   100        9009       97574      97674      664        200        1  Right
1   13  500        9012       97473      97974      662        1000       1  Left 
5   1   100        9000       97974      98074      666        400        1  Right
13  2   100        9029       97974      98075      666        100        1  Right
0   15  500        9018       97674      98175      665        1500       1  Right
15  0   100        9040       98175      98275      669        300        1  Right
4   8   100        9048       98275      98375      670        300        1  Right
4   8   100        9053       98375      98475      671        300        1  Right
2   13  500        9050       98075      98575      668        500        1  Right
1   11  500        9018       98074      98576      667        3500       1  Right
4   7   500        9066       98475      98977      672        1000       1  Right
1   5   500        9036       98576      99077      674        2000       1  Right
13  0   100        9048       98977      99078      675        300        1  Right
5   6   100        9097       99077      99177      676        100        1  Right
14  1   100        9048       99077      99178      676        200        1  Right
11  4   100        9069       99078      99180      677        500        1  Right
5   1   100        9098       99178      99279      679        400        1  Right
10  1   100        9147       99279      99379      680        500        1  Right
15  3   500        9082       99180      99681      680        2500       1  Right
14  8   100        9061       99681      99682      683        700        1  Right
8   5   100        9107       99682      99782      684        500        1  Right
8   5   100        9109       99782      99882      685        500        1  Right
0   9   500        9020       99681      100082     683        3000       1  Left 
0   14  100        9028       100082     100182     687        700        1  Left 
0   15  500        9061       100182     100682     688        1500       1  Right
1   14  500        9069       100182     100683     688        1000       1  Right
7   2   100        9102       100683     100684     690        1100       1  Left 
0   13  500        9079       100682     101084     689        1500       1  Right
15  0   100        9083       101084     101184     692        300        1  Right
1   5   500        9136       100684     101185     690        2000       1  Right
3   6   100        9117       101185     101285     694        600        1  Left 
4   11  500        9090       101184     101685     693        2500       1  Right
1   10  500        9188       101285     101786     694        2500       1  Right
0   15  500        9114       101685     102186     696        1500       1  Right
9   0   100        9088       102186     102286     698        600        1  Left 
14  0   100        9096       102286     102386     699        700        1  Left 
5   0   100        9102       102386     102486     700        900        1  Left 
0   7   100        9114       102486     102586     701        100        1  Right
15  12  500        9116       102186     102687     698        1000       1  Right
0   14  500        9122       102586     103087     702        3500       1  Left 
0   6   100        9122       103087     103088     704        800        1  Left 
5   8   500        9128       102687     103089     702        2500       1  Right
12  6   100        9146       103089     103189     705        300        1  Right
7   6   100        9163       103189     103190     706        700        1  Right
7   6   100        9192       103190     103191     707        700        1  Right
0   9   500        9139       103088     103391     704        3000       1  Left 
3   15  100        9121       103391     103491     710        500        1  Right
15  0   100        9140       103491     103591     710        300        1  Right
2   7   500        9145       103591     104091     711        2500       1  Right
14  0   100        9154       104091     104092     712        700        1  Left 
14  1   100        9206       104092     104192     713        200        1  Right
9   1   100        9207       104192     104292     714        100        1  Right
4   1   100        9217       104292     104392     715        400        1  Left 
6   7   500        9184       104091     104493     712        3500       1  Right
6   2   100        9186       104493     104593     717        400        1  Left 
0   15  500        9161       104493     104993     717        1500       1  Right
2   6   500        9232       104593     105094     716        2000       1  Left 
10  2   100        9241       105094     105194     718        600        1  Left 
8   4   500        9168       104993     105494     719        1500       1  Right
6   10  500        9248       105194     105695     719        1000       1  Right
6   8   100        9278       105695     105696     721        600        1  Right
0   14  500        9180       105494     105697     722        3500       1  Left 
0   14  100        9180       105697     105698     725        700        1  Left 
8   6   500        9304       105696     105899     722        3000       1  Right
15  0   100        9182       105899     105999     727        300        1  Right
1   14  500        9227       105698     106199     725        1000       1  Right
0   15  500        9203       105999     106500     728        1500       1  Right
12  15  100        9228       106500     106600     728        200        1  Right
2   10  500        9277       106199     106700     727        3000       1  Left 
15  1   100        9220       106700     106800     732        800        1  Right
1   15  500        9246       106800     107300     731        4000       1  Right
14  0   100        9250       107300     107301     732        900        1  Right
1   4   500        9248       107300     107302     732        2000       1  Left 
0   14  500        9276       107301     107403     733        4500       1  Right
4   0   100        9290       107403     107503     735        100        1  Right
1   9   500        9253       107302     107803     734        500        1  Right
6   7   500        9310       107403     107905     735        3500       1  Right
0   13  500        9332       107503     108004     735        1500       1  Right
15  1   100        9273       107905     108006     738        800        1  Right
4   8   100        9292       108004     108105     739        300        1  Right
6   8   100        9349       108105     108205     740        600        1  Right
6   8   100        9350       108205     108305     741        600        1  Right
5   8   100        9351       108305     108405     742        500        1  Right
1   0   500        9291       108105     108605     741        2500       1  Left 
4   1   100        9299       108605     108705     745        400        1  Left 
5   10  500        9375       108405     108906     743        500        1  Right
1   15  500        9299       108705     109206     746        4000       1  Left 
13  0   100        9301       109206     109306     748        300        1  Right
14  0   100        9308       109306     109406     749        700        1  Left 
14  1   100        9310       109406     109506     750        200        1  Right
11  4   100        9321       109406     109507     750        500        1  Right
9   0   100        9316       109507     109607     752        600        1  Left 
11  6   100        9322       109507     109608     752        400        1  Right
15  1   100        9324       109607     109708     753        800        1  Left 
10  6   100        9329       109608     109709     753        200        1  Right
0   5   100        9332       109709     109809     755        700        1  Right
8   5   100        9333       109809     109909     756        500        1  Right
8   6   100        9333       109909     110009     757        600        1  Right
10  5   100        9354       110009     110109     758        100        1  Right
1   4   500        9331       109708     110209     754        2000       1  Left 
8   0   500        9343       110009     110510     758        1000       1  Right
6   5   500        9369       110109     110610     759        500        1  Right
1   14  500        9332       110209     110710     760        1000       1  Right
4   11  500        9342       110510     111011     761        2500       1  Right
1   15  500        9350       111011     111511     764        4000       1  Right
7   1   100        9355       111511     111611     765        600        1  Left 
4   6   100        9361       111611     111711     766        700        1  Left 
4   1   100        9362       111711     111712     767        400        1  Left 
0   9   500        9367       111711     112113     767        5000       1  Right
14  4   100        9365       112113     112213     769        600        1  Left 
4   0   100        9366       112213     112313     770        100        1  Right
11  2   100        9366       112213     112314     770        800        1  Left 
13  0   100        9380       112313     112414     771        300        1  Right
5   1   100        9392       112314     112415     772        400        1  Right
8   4   100        9382       112414     112416     773        300        1  Right
15  3   100        9389       112415     112417     774        1100       1  Left 
8   4   100        9384       112416     112517     775        300        1  Right
15  8   100        9393       112517     112617     777        100        1  Right
1   4   500        9395       112517     113018     777        2000       1  Left 
15  3   100        9394       113018     113118     779        500        1  Right
0   1   100        9397       113118     113218     780        500        1  Left 
