
536
C:/Users/nxconrad/Desktop/REU 2.0/Benchmark Data/16-core/7/flow_freqmine100#2.txt
810
[3, 15, 6, 14, 10, 0, 12, 9, 2, 7, 8, 4, 1, 13, 5, 11]
10  1   100        6420       6422       6522       0          800        1  Right
10  0   100        6422       6522       6622       1          100        1  Right
12  0   100        6439       6622       6722       1          100        1  Right
2   15  500        6428       6522       7023       0          4500       1  Left 
0   3   500        6423       7023       7523       3          2500       1  Right
1   11  500        6440       7023       7524       3          1500       1  Right
6   2   500        6435       7523       8024       4          3000       1  Right
1   5   500        6460       7524       8025       5          1000       1  Right
3   0   100        6455       8024       8125       6          500        1  Right
11  1   100        6477       8025       8126       7          300        1  Right
2   6   100        6460       8125       8127       8          600        1  Right
15  8   100        6469       8126       8128       9          700        1  Left 
7   8   100        6567       8128       8228       10         100        1  Right
0   12  500        6475       8127       8628       10         500        1  Right
1   10  500        6461       8128       8629       11         4000       1  Left 
12  0   100        6513       8628       8729       13         100        1  Right
11  3   100        6551       8629       8729       13         100        1  Left 
1   5   100        6468       8629       8730       14         200        1  Right
8   15  500        6520       8729       9230       15         4500       1  Right
1   11  500        6513       8730       9231       16         1500       1  Right
0   9   100        6526       9230       9331       16         200        1  Right
0   7   100        6527       9331       9431       18         400        1  Right
6   1   500        6485       9231       9732       18         3000       1  Left 
10  1   100        6513       9732       9832       21         800        1  Left 
8   7   500        6588       9431       9931       19         500        1  Right
0   12  500        6549       9431       9932       19         500        1  Right
9   3   100        6564       9932       10032      23         700        1  Right
5   1   500        6529       9832       10334      21         1000       1  Right
0   8   500        6588       10032      10533      24         2500       1  Right
3   13  500        6537       10334      10835      25         1500       1  Left 
1   10  500        6554       10533      11034      26         4000       1  Right
10  8   100        6595       11034      11134      28         600        1  Right
12  1   100        6596       11134      11234      29         600        1  Right
10  3   100        6643       11134      11235      28         400        1  Right
1   2   100        6612       11234      11335      30         400        1  Right
7   1   100        6613       11335      11435      32         300        1  Right
3   9   500        6600       11235      11736      31         3500       1  Right
2   0   500        6614       11736      11737      34         1500       1  Right
8   10  500        6621       11736      11738      33         5000       1  Left 
1   0   100        6617       11738      11838      36         700        1  Right
1   12  500        6627       11838      12338      36         3000       1  Right
2   1   500        6633       12338      12838      37         2000       1  Right
0   1   500        6638       12838      13338      38         3500       1  Right
15  1   100        6639       13338      13438      39         500        1  Left 
8   0   100        6648       13338      13439      39         500        1  Right
9   1   100        6640       13439      13539      41         500        1  Right
12  0   100        6660       13439      13540      41         100        1  Right
0   6   100        6672       13540      13640      43         300        1  Right
1   7   500        6664       13539      14040      42         1500       1  Right
6   2   500        6677       13640      14141      44         3000       1  Right
1   15  500        6665       14040      14541      45         2500       1  Left 
0   12  500        6696       14141      14642      46         500        1  Right
0   13  100        6696       14642      14643      48         800        1  Left 
15  0   100        6703       14643      14743      49         400        1  Right
1   9   500        6687       14541      14943      47         2500       1  Right
2   1   100        6692       14943      15043      51         400        1  Right
0   3   500        6752       14743      15244      49         2500       1  Right
1   2   500        6713       15043      15544      52         2000       1  Right
6   1   100        6705       15544      15644      54         600        1  Left 
8   0   500        6709       15544      16045      54         2500       1  Right
1   15  500        6738       15644      16145      54         2500       1  Left 
7   0   100        6710       16045      16146      56         400        1  Right
15  8   100        6705       16145      16246      57         700        1  Left 
15  1   100        6712       16246      16346      59         500        1  Left 
8   7   100        6757       16246      16347      58         100        1  Right
13  2   100        6725       16346      16348      59         1100       1  Left 
7   1   100        6721       16347      16349      60         300        1  Right
2   13  500        6746       16348      16849      61         5500       1  Left 
7   0   100        6723       16849      16949      63         400        1  Right
9   0   100        6733       16949      17049      64         200        1  Right
12  0   100        6738       17049      17149      65         100        1  Right
0   8   100        6761       17149      17249      66         500        1  Right
7   8   100        6765       17249      17349      67         100        1  Right
1   6   500        6746       16849      17350      63         3000       1  Left 
12  1   100        6740       17350      17450      69         600        1  Right
15  6   100        6763       17350      17451      69         100        1  Right
9   1   100        6744       17450      17551      70         500        1  Right
9   0   100        6746       17551      17651      72         200        1  Right
6   2   500        6747       17551      18052      72         5000       1  Left 
8   13  100        6757       18052      18152      74         300        1  Right
2   6   100        6790       18052      18153      74         600        1  Right
15  1   100        6764       18152      18253      75         500        1  Left 
8   12  100        6757       18153      18254      76         400        1  Right
15  0   100        6768       18253      18354      77         400        1  Right
8   11  100        6757       18254      18355      78         500        1  Right
3   0   100        6786       18354      18455      79         500        1  Right
2   5   100        6815       18455      18456      81         1000       1  Left 
1   7   500        6767       18355      18757      80         1500       1  Right
8   10  100        6757       18757      18857      83         600        1  Right
3   11  500        6838       18456      18957      82         500        1  Left 
8   9   100        6757       18857      18958      84         300        1  Right
9   8   100        6780       18958      18959      86         300        1  Right
1   12  500        6774       18957      19359      85         5000       1  Left 
10  8   100        6782       19359      19459      88         600        1  Right
11  8   100        6784       19459      19559      89         500        1  Right
12  8   100        6786       19559      19659      90         400        1  Right
13  8   100        6788       19659      19759      91         300        1  Right
3   10  500        6935       19459      19960      89         2000       1  Right
1   9   500        6790       19759      20260      92         2500       1  Right
13  8   100        6796       20260      20360      94         300        1  Right
7   1   100        6818       20360      20460      95         300        1  Right
3   14  500        6943       19960      20461      93         1500       1  Right
12  4   100        6821       20460      20561      96         500        1  Right
1   15  500        6792       20461      20962      97         2500       1  Left 
4   12  500        6847       20561      21062      98         2500       1  Right
8   15  100        6829       21062      21162      100        700        1  Left 
8   15  100        6837       21162      21262      101        700        1  Left 
9   1   100        6846       21262      21362      102        500        1  Right
5   2   500        6846       21362      21862      103        3000       1  Right
10  2   100        7037       21862      21962      103        400        1  Right
1   7   500        6864       21862      22362      104        1500       1  Right
1   0   100        6870       22362      22462      106        700        1  Right
15  8   500        6875       22462      22962      107        3500       1  Left 
1   9   500        6892       22962      23462      108        2500       1  Right
0   1   500        6896       23462      23962      109        3500       1  Right
14  8   100        6908       23962      24062      110        700        1  Right
3   4   100        6998       23962      24063      110        500        1  Left 
7   8   100        6910       24062      24163      111        100        1  Right
14  3   100        6912       24063      24164      112        300        1  Right
1   0   100        6929       24163      24264      113        700        1  Right
3   5   100        6998       24164      24265      114        200        1  Left 
7   3   100        6962       24265      24365      116        900        1  Right
3   6   100        6998       24365      24465      117        200        1  Right
2   5   100        7066       24465      24466      117        1000       1  Left 
8   13  500        6934       24264      24666      115        1500       1  Right
8   7   500        6935       24666      25166      120        500        1  Right
0   1   500        6950       24666      25167      120        4500       1  Left 
9   8   100        6938       25166      25267      121        300        1  Right
1   0   100        6972       25167      25268      122        900        1  Left 
8   14  500        6954       25268      25768      124        3500       1  Right
1   0   100        7014       25768      25868      125        900        1  Left 
8   9   500        6959       25768      26268      125        1500       1  Right
1   14  500        7027       25868      26369      125        3500       1  Left 
0   8   500        6971       26268      26769      127        2500       1  Right
0   10  100        6974       26769      26869      129        100        1  Right
1   13  500        7058       26369      26870      127        500        1  Right
4   8   100        6975       26769      26871      129        100        1  Right
9   3   100        6984       26869      26970      130        700        1  Right
8   4   500        7011       26871      27372      132        500        1  Right
0   1   500        6993       26970      27373      133        4500       1  Left 
12  4   100        7073       27372      27374      133        500        1  Right
14  1   100        7006       27373      27472      135        700        1  Left 
0   10  100        6998       27373      27473      135        100        1  Right
4   3   100        7008       27472      27573      137        500        1  Left 
0   15  100        7011       27473      27574      138        400        1  Right
13  1   100        7032       27573      27673      138        100        1  Right
5   3   100        7015       27573      27674      139        200        1  Left 
8   0   100        7028       27574      27676      139        500        1  Right
6   3   100        7023       27674      27775      141        200        1  Right
14  1   100        7048       27676      27777      142        900        1  Right
3   7   100        7054       27777      27877      144        700        1  Left 
0   12  100        7067       27777      27878      144        100        1  Right
14  1   100        7061       27878      27978      146        900        1  Right
14  0   100        7063       27978      28078      147        200        1  Right
6   15  500        7065       27775      28276      143        500        1  Right
4   12  500        7099       27978      28480      147        2500       1  Right
1   14  500        7069       28276      28777      149        3500       1  Left 
2   10  500        7073       28480      28981      150        2000       1  Right
1   14  500        7082       28777      29278      151        3500       1  Left 
12  6   100        7074       29278      29378      153        400        1  Right
6   2   500        7077       29378      29878      154        3000       1  Right
0   3   500        7078       29878      30378      155        2500       1  Right
5   2   500        7097       29878      30379      155        3000       1  Right
0   15  100        7086       30378      30479      156        400        1  Right
13  0   100        7086       30479      30579      158        800        1  Right
13  8   100        7088       30579      30679      159        300        1  Right
12  6   100        7097       30579      30680      159        400        1  Right
0   1   500        7093       30680      31180      161        3500       1  Right
13  1   100        7095       31180      31280      162        100        1  Right
15  1   100        7100       31280      31380      163        500        1  Left 
14  1   100        7104       31380      31480      164        700        1  Left 
15  1   100        7118       31480      31580      165        500        1  Left 
13  6   100        7149       31580      31680      166        500        1  Left 
8   0   500        7098       31180      31681      162        2500       1  Right
14  3   100        7158       31680      31781      167        300        1  Right
10  8   100        7119       31681      31782      168        600        1  Right
3   0   100        7107       31782      31882      170        500        1  Right
8   4   100        7130       31782      31882      170        100        1  Right
12  2   100        7128       31782      31883      170        200        1  Right
8   7   100        7130       31882      31982      171        100        1  Right
1   0   100        7121       31882      31983      171        900        1  Left 
7   8   100        7141       31982      32083      173        100        1  Right
9   8   100        7150       32083      32183      175        300        1  Right
4   8   100        7153       32183      32283      176        100        1  Right
6   12  500        7133       31983      32483      174        2000       1  Right
1   13  500        7121       31983      32484      174        500        1  Right
12  6   100        7186       32483      32584      178        400        1  Right
1   14  500        7125       32584      33084      180        3500       1  Left 
1   15  500        7127       33084      33584      181        2500       1  Left 
8   15  100        7130       33584      33684      182        700        1  Left 
8   14  100        7130       33684      33784      183        700        1  Right
8   9   100        7130       33784      33884      184        300        1  Right
1   15  500        7144       33684      34185      183        2500       1  Left 
0   1   500        7142       34185      34685      186        3500       1  Right
13  1   100        7150       34685      34785      187        100        1  Right
0   8   100        7155       34685      34786      187        500        1  Right
13  0   100        7154       34786      34886      189        800        1  Right
2   1   100        7155       34886      34986      190        400        1  Right
2   1   100        7155       34986      35086      191        400        1  Right
0   15  500        7210       34886      35387      190        2000       1  Right
1   0   100        7163       35387      35487      193        900        1  Left 
2   12  500        7155       35086      35587      192        1000       1  Right
14  8   100        7172       35487      35588      194        900        1  Left 
15  8   100        7174       35588      35688      196        700        1  Left 
6   12  500        7363       35588      36089      196        2000       1  Right
1   2   500        7176       35688      36189      197        2000       1  Right
15  0   100        7189       36089      36190      198        400        1  Right
2   0   100        7221       36190      36290      200        300        1  Right
15  0   100        7231       36290      36390      201        400        1  Right
1   13  500        7178       36189      36690      199        500        1  Right
3   9   500        7281       36390      36891      202        3500       1  Right
1   2   500        7179       36690      37191      203        2000       1  Right
8   13  100        7225       37191      37291      205        300        1  Right
8   13  100        7227       37291      37391      206        300        1  Right
0   2   500        7247       37191      37692      205        1500       1  Right
7   2   100        7338       37692      37792      208        100        1  Right
13  8   500        7256       37391      37892      207        1500       1  Right
0   15  500        7252       37692      38193      208        2000       1  Right
0   11  100        7277       38193      38293      211        600        1  Left 
15  1   100        7279       38293      38393      212        500        1  Left 
0   7   100        7300       38293      38394      212        400        1  Right
1   15  500        7305       38393      38894      213        2500       1  Left 
8   10  500        7305       38394      38895      214        3000       1  Right
15  0   100        7333       38895      38995      216        400        1  Right
2   7   500        7379       38895      39396      216        500        1  Right
0   8   500        7350       38995      39496      217        5500       1  Left 
0   15  500        7354       39496      39996      219        2000       1  Right
1   12  500        7412       39496      39997      219        3000       1  Right
15  0   100        7388       39996      40097      220        400        1  Right
7   8   100        7430       39997      40098      221        100        1  Right
4   8   100        7438       40098      40198      223        100        1  Right
0   1   500        7365       40097      40598      222        4500       1  Left 
12  1   100        7381       40598      40698      225        600        1  Right
12  2   100        7458       40698      40798      226        200        1  Right
5   8   100        7481       40698      40799      226        400        1  Right
0   3   500        7399       40598      41099      225        2500       1  Right
15  1   100        7390       41099      41199      229        500        1  Left 
8   0   100        7408       41099      41200      229        500        1  Right
10  1   100        7399       41199      41300      230        800        1  Left 
0   13  100        7404       41300      41400      232        800        1  Left 
8   7   500        7451       41200      41701      231        500        1  Right
1   15  500        7417       41400      41901      233        2500       1  Left 
3   0   100        7431       41901      42001      235        500        1  Right
13  1   100        7489       41901      42002      235        100        1  Right
4   3   100        7442       42001      42102      236        1100       1  Right
1   10  500        7440       42102      42103      238        4000       1  Right
6   13  500        7441       42102      42104      238        2500       1  Left 
2   0   100        7474       42103      42204      239        300        1  Right
0   13  100        7473       42204      42304      241        800        1  Right
10  0   100        7483       42304      42404      242        100        1  Right
3   14  500        7450       42104      42605      240        1500       1  Right
15  4   100        7453       42605      42705      244        600        1  Left 
3   7   100        7463       42705      42805      245        700        1  Left 
0   2   500        7500       42404      42905      243        1500       1  Right
5   3   100        7485       42805      42905      246        200        1  Left 
8   4   500        7474       42805      43306      246        500        1  Right
6   12  500        7463       42905      43406      247        2000       1  Right
7   3   500        7486       43306      43807      248        3500       1  Left 
2   12  500        7484       43406      43907      249        1000       1  Right
6   8   100        7483       43807      43908      250        800        1  Left 
10  8   100        7485       43908      44008      252        600        1  Right
6   3   100        7487       43908      44009      252        200        1  Right
10  1   100        7492       44009      44010      254        800        1  Left 
8   0   500        7485       44008      44410      253        2500       1  Right
4   15  500        7494       44010      44411      255        3000       1  Left 
8   6   500        7509       44410      44811      256        4000       1  Right
7   3   100        7494       44811      44911      258        700        1  Left 
2   0   100        7538       44811      44912      256        300        1  Right
8   5   500        7512       44911      45412      259        2000       1  Right
8   4   100        7512       45412      45413      261        100        1  Right
7   1   100        7540       45412      45414      259        1300       1  Left 
8   5   100        7512       45414      45514      263        400        1  Right
8   6   100        7512       45514      45515      264        800        1  Right
8   7   100        7512       45515      45615      265        100        1  Right
12  6   100        7516       45515      45616      265        400        1  Right
0   8   100        7544       45616      45716      265        500        1  Right
7   8   100        7548       45716      45816      266        100        1  Right
3   4   500        7536       45514      45916      262        2500       1  Left 
8   13  100        7512       45916      46016      270        300        1  Right
0   2   500        7564       45716      46218      266        1500       1  Right
6   8   100        7550       46218      46318      270        800        1  Right
3   5   500        7537       45916      46418      268        1000       1  Left 
1   13  500        7515       46016      46517      271        500        1  Right
3   6   500        7538       46418      46919      272        1000       1  Right
1   10  500        7538       46517      47018      273        4000       1  Right
12  5   100        7541       47018      47118      275        800        1  Right
13  0   100        7547       47118      47218      276        800        1  Right
3   4   100        7547       47218      47318      277        500        1  Left 
2   0   100        7591       47218      47319      277        300        1  Right
3   5   100        7547       47318      47419      278        200        1  Left 
3   6   100        7547       47419      47519      280        200        1  Right
10  6   100        7590       47519      47619      281        200        1  Right
0   13  500        7578       47319      47820      279        4000       1  Right
5   8   100        7552       47820      47920      283        400        1  Right
0   7   100        7579       47820      47921      283        400        1  Right
4   8   100        7554       47920      48021      284        100        1  Right
4   1   100        7561       48021      48121      286        100        1  Right
13  8   100        7571       48121      48221      287        300        1  Right
5   12  500        7572       47921      48422      285        4000       1  Left 
0   11  100        7603       48422      48522      289        600        1  Left 
1   7   500        7586       48221      48722      288        1500       1  Right
5   1   100        7577       48722      48822      291        200        1  Right
7   8   100        7640       48722      48823      291        100        1  Right
10  1   100        7591       48822      48923      292        800        1  Left 
0   2   500        7617       48522      49023      290        1500       1  Right
4   3   100        7592       48923      49024      294        500        1  Left 
10  0   100        7595       49023      49124      295        100        1  Right
5   3   100        7598       49024      49124      296        200        1  Left 
13  0   100        7609       49124      49224      297        800        1  Left 
8   10  100        7612       49224      49324      298        600        1  Right
3   7   100        7640       49324      49424      299        900        1  Right
11  2   100        7642       49424      49524      300        900        1  Left 
1   4   500        7596       49024      49525      296        500        1  Right
0   13  500        7642       49524      50025      301        4000       1  Left 
6   1   100        7606       50025      50125      303        600        1  Left 
7   0   100        7644       50025      50126      303        400        1  Right
6   3   100        7606       50125      50226      304        200        1  Right
2   0   100        7650       50126      50226      305        300        1  Right
1   5   500        7619       50125      50626      304        1000       1  Right
4   1   100        7639       50626      50726      307        100        1  Right
2   11  500        7673       50226      50727      306        4500       1  Left 
4   1   100        7652       50726      50827      308        100        1  Right
10  8   500        7674       50727      51228      309        3000       1  Right
1   10  500        7634       51228      51728      311        4000       1  Right
4   0   100        7654       51728      51828      312        600        1  Right
8   10  100        7661       51828      51928      313        600        1  Right
1   6   500        7647       51728      52228      312        3000       1  Left 
7   1   100        7653       52228      52328      315        300        1  Right
5   1   100        7658       52328      52428      316        200        1  Right
0   2   500        7677       51928      52429      314        1500       1  Right
0   15  100        7712       52429      52529      318        400        1  Right
11  8   100        7718       52529      52629      319        1100       1  Left 
7   8   100        7727       52629      52729      320        100        1  Right
1   4   500        7670       52428      52929      317        500        1  Right
5   1   100        7671       52929      53029      322        200        1  Right
13  1   100        7676       53029      53129      323        100        1  Right
0   3   500        7723       52629      53130      320        2500       1  Right
5   0   100        7673       53130      53230      325        700        1  Left 
2   0   100        7714       53230      53330      326        300        1  Right
1   4   500        7683       53129      53630      324        500        1  Right
0   2   500        7740       53330      53831      327        1500       1  Right
15  4   100        7705       53831      53931      329        1000       1  Right
15  6   100        7706       53931      54031      330        100        1  Right
10  8   100        7761       53931      54032      330        600        1  Right
1   5   500        7694       53630      54131      328        1000       1  Right
0   8   100        7763       54032      54132      332        500        1  Right
15  6   100        7720       54031      54133      331        100        1  Right
15  2   100        7790       54133      54233      335        700        1  Right
1   7   500        7699       54132      54633      334        1500       1  Right
6   1   100        7702       54633      54733      337        600        1  Left 
8   7   500        7708       54633      55134      337        500        1  Right
1   13  500        7703       54733      55234      338        500        1  Right
8   10  100        7748       55134      55235      339        600        1  Right
8   7   100        7787       55235      55335      341        100        1  Right
8   7   100        7789       55335      55435      342        100        1  Right
1   5   500        7714       55234      55436      340        1000       1  Right
8   11  500        7827       55435      55637      343        5500       1  Left 
6   1   100        7715       55637      55737      345        600        1  Left 
6   0   100        7717       55737      55837      346        300        1  Right
4   1   100        7729       55737      55838      346        100        1  Right
13  0   100        7758       55837      55938      347        800        1  Left 
1   6   500        7743       55938      56438      349        3000       1  Left 
4   15  500        7746       56438      56938      350        3000       1  Left 
1   6   500        7756       56938      57438      351        3000       1  Left 
7   6   100        7764       57438      57538      352        700        1  Right
1   4   500        7762       57438      57938      352        500        1  Right
7   1   100        7765       57938      58038      354        300        1  Right
6   15  500        7771       57538      58039      353        500        1  Right
5   1   100        7789       58038      58138      355        200        1  Right
7   0   100        7769       58038      58139      355        400        1  Right
15  6   100        7851       58039      58141      356        100        1  Right
8   3   100        7828       58138      58239      357        600        1  Left 
2   0   100        7780       58139      58240      358        300        1  Right
7   8   500        7798       58239      58740      360        500        1  Right
0   13  500        7789       58240      58741      361        4000       1  Left 
12  5   100        7792       58741      58841      363        800        1  Left 
1   7   500        7823       58740      59241      362        1500       1  Right
6   12  500        7804       58841      59242      364        2000       1  Right
2   15  500        7821       59241      59642      365        4500       1  Left 
4   8   100        7824       59642      59742      367        100        1  Right
6   1   100        7824       59642      59743      367        600        1  Left 
0   2   500        7806       59642      60142      367        1500       1  Right
3   0   100        7807       60142      60242      370        500        1  Right
1   5   500        7826       59743      60243      369        1000       1  Right
8   4   500        7860       59742      60244      368        500        1  Right
0   10  100        7816       60242      60344      371        100        1  Right
5   12  500        7823       60244      60745      373        4000       1  Right
6   10  500        7867       60344      60845      374        1000       1  Right
0   9   100        7881       60745      60845      375        200        1  Right
2   1   100        7828       60745      60846      375        400        1  Right
13  0   100        7836       60845      60946      376        800        1  Left 
0   9   100        7905       60946      61046      378        200        1  Right
1   2   500        7853       60846      61347      377        2000       1  Right
13  1   100        7838       61347      61348      380        100        1  Right
5   8   100        7872       61347      61349      380        1200       1  Left 
4   3   100        7892       61349      61449      382        1100       1  Right
5   3   100        7937       61449      61549      383        200        1  Left 
1   13  500        7865       61348      61849      381        500        1  Right
8   0   500        7899       61449      61950      383        2500       1  Right
1   6   500        7870       61849      62350      385        3000       1  Left 
12  1   100        7873       62350      62450      387        600        1  Right
12  1   100        7873       62450      62550      388        600        1  Right
2   1   100        7875       62550      62650      389        400        1  Right
13  4   100        7893       62650      62651      390        200        1  Right
8   5   500        7903       62650      62652      390        6000       1  Left 
4   13  500        7924       62651      62752      391        1000       1  Right
6   8   100        7917       62652      62753      392        800        1  Right
10  1   100        7895       62753      62853      394        800        1  Right
6   3   100        7965       62753      62854      394        200        1  Right
1   12  500        7904       62853      63354      395        3000       1  Right
6   15  500        8010       62854      63355      396        500        1  Right
1   12  500        7907       63354      63855      397        3000       1  Right
11  1   100        7926       63855      63955      399        300        1  Right
12  2   100        7932       63855      63956      399        200        1  Right
9   2   100        7948       63956      64056      401        100        1  Right
12  0   100        7951       63956      64057      401        100        1  Right
1   10  500        7936       63955      64456      400        4000       1  Left 
0   10  100        7943       64456      64556      404        100        1  Right
2   12  500        7960       64057      64558      403        1000       1  Right
8   6   500        7943       64456      64958      404        4000       1  Left 
11  0   100        8007       64958      65058      407        600        1  Left 
1   2   500        7951       64958      65458      407        2000       1  Right
0   8   100        7956       65458      65558      409        500        1  Right
8   4   100        8041       65558      65658      408        100        1  Right
1   11  500        7962       65458      65959      409        1500       1  Right
0   12  500        7987       65558      66059      410        500        1  Right
2   1   100        7968       65959      66060      412        400        1  Right
11  8   100        8009       66060      66160      414        500        1  Right
8   5   100        8041       66160      66260      413        400        1  Right
13  4   100        8145       66260      66360      410        200        1  Right
0   3   500        8099       66059      66560      411        2500       1  Right
2   9   500        7989       66060      66561      414        500        1  Right
10  1   100        7975       66560      66661      418        800        1  Left 
9   8   100        8040       66561      66662      417        300        1  Right
10  0   100        8059       66661      66761      418        100        1  Right
11  1   100        8016       66661      66762      420        300        1  Right
15  1   100        8043       66762      66862      421        500        1  Left 
6   7   500        8026       66761      67262      420        3500       1  Right
1   10  500        8016       67262      67762      425        4000       1  Right
8   6   100        8041       67762      67862      424        800        1  Right
8   7   100        8041       67862      67962      425        100        1  Right
1   11  500        8052       67762      68263      424        1500       1  Right
7   1   100        8049       68263      68363      427        300        1  Right
0   10  500        8105       67862      68364      425        500        1  Right
11  6   100        8087       68263      68365      427        300        1  Left 
7   8   100        8058       68363      68464      428        100        1  Right
6   8   100        8060       68464      68465      431        800        1  Right
1   15  500        8069       68365      68767      430        2500       1  Left 
5   8   100        8062       68767      68867      433        400        1  Right
15  2   100        8107       68767      68868      433        700        1  Right
11  1   100        8088       68867      68967      434        300        1  Right
4   8   100        8064       68867      68968      434        100        1  Right
2   15  500        8138       68868      69370      431        3500       1  Right
1   7   500        8095       68968      69469      437        1500       1  Right
11  0   100        8092       69370      69471      438        600        1  Left 
7   1   100        8139       69469      69570      435        300        1  Right
3   0   100        8128       69471      69572      436        500        1  Right
8   11  100        8100       69570      69671      441        500        1  Right
0   7   100        8118       69572      69673      442        400        1  Right
8   11  100        8101       69671      69771      443        500        1  Right
10  0   100        8158       69673      69774      440        100        1  Right
6   15  500        8153       69572      70073      438        500        1  Right
15  2   100        8170       70073      70173      443        700        1  Right
11  8   500        8121       69771      70273      445        2500       1  Right
2   15  500        8201       70173      70674      444        3500       1  Right
1   11  500        8126       70273      70675      446        1500       1  Right
3   8   500        8140       70674      71076      446        5000       1  Right
13  6   100        8146       71076      71176      448        500        1  Left 
0   13  100        8159       71176      71276      449        800        1  Left 
8   9   500        8160       71076      71577      448        1500       1  Right
0   10  500        8204       71276      71776      450        500        1  Right
3   4   500        8175       71276      71777      450        2500       1  Left 
8   0   100        8196       71776      71877      452        500        1  Right
12  0   100        8204       71877      71977      454        100        1  Right
0   14  100        8207       71977      72077      455        200        1  Right
7   0   100        8233       72077      72177      455        400        1  Right
3   5   500        8224       71777      72277      453        1000       1  Left 
4   13  500        8176       71777      72278      453        1000       1  Right
0   12  500        8240       72177      72679      456        500        1  Right
5   15  500        8301       72277      72778      457        1500       1  Left 
1   7   500        8185       72278      72779      459        1500       1  Right
12  0   100        8290       72679      72780      459        100        1  Right
13  6   100        8180       72778      72879      461        500        1  Left 
9   1   100        8249       72779      72880      461        500        1  Right
10  1   100        8250       72880      72881      464        800        1  Right
0   7   100        8252       72881      72981      465        400        1  Right
0   1   100        8260       72981      73081      466        700        1  Right
0   1   100        8260       73081      73181      467        700        1  Right
6   13  500        8221       72879      73281      464        2500       1  Left 
15  6   100        8230       73281      73381      469        100        1  Right
15  5   100        8255       73381      73481      470        300        1  Left 
8   1   500        8290       73181      73681      468        1000       1  Right
0   7   500        8284       73181      73682      468        2000       1  Right
13  2   100        8210       73682      73782      474        500        1  Right
6   11  500        8369       73481      73983      471        1500       1  Left 
13  6   100        8251       73983      74083      475        500        1  Left 
0   12  500        8326       73682      74184      473        500        1  Right
1   2   500        8213       73782      74283      475        2000       1  Right
14  2   100        8228       74283      74383      478        500        1  Right
3   6   500        8259       74083      74584      476        1000       1  Right
15  5   100        8506       74584      74684      480        300        1  Left 
2   13  500        8231       74383      74884      479        2500       1  Right
1   3   100        8215       74884      74984      483        400        1  Left 
8   0   500        8290       74884      75385      482        2500       1  Right
6   13  500        8440       74984      75485      483        2500       1  Left 
7   0   100        8335       75385      75485      484        400        1  Right
1   8   100        8219       75385      75486      485        200        1  Right
2   3   100        8250       75485      75586      485        800        1  Right
2   8   100        8254       75586      75686      487        200        1  Right
1   10  500        8291       75586      76087      487        4000       1  Left 
8   2   500        8311       75686      76088      488        1000       1  Right
1   9   500        8295       76087      76489      489        5500       1  Left 
2   14  500        8254       76489      76989      491        2500       1  Right
6   15  500        8532       76489      76990      491        500        1  Right
14  8   100        8301       76989      77090      492        700        1  Right
10  0   100        8343       77090      77190      494        100        1  Right
2   1   100        8363       77090      77191      494        400        1  Right
9   0   100        8359       77190      77291      495        200        1  Right
12  0   100        8363       77291      77391      497        100        1  Right
5   15  500        8552       76990      77491      493        1500       1  Left 
10  0   100        8452       77391      77491      498        100        1  Right
12  0   100        8461       77491      77591      499        100        1  Right
1   2   500        8384       77191      77693      496        2000       1  Right
8   14  500        8347       77693      78193      501        3500       1  Right
9   8   100        8361       78193      78293      502        300        1  Right
9   1   100        8368       78293      78393      503        500        1  Right
8   1   100        8386       78393      78493      504        200        1  Right
11  1   100        8402       78493      78593      505        300        1  Right
11  8   100        8414       78593      78693      506        500        1  Right
0   7   500        8386       78393      78893      504        2000       1  Right
8   2   100        8386       78893      78993      508        200        1  Right
8   14  100        8386       78993      79093      509        900        1  Left 
8   11  100        8386       79093      79193      510        500        1  Right
2   1   100        8406       79193      79293      511        400        1  Right
0   10  500        8389       78893      79394      508        500        1  Right
1   9   500        8414       79293      79794      512        2500       1  Right
1   8   100        8424       79794      79894      514        200        1  Right
0   12  500        8399       79394      79895      513        500        1  Right
2   8   100        8425       79894      79995      515        200        1  Right
0   3   500        8423       79895      80396      516        2500       1  Right
1   2   500        8427       79995      80496      517        2000       1  Right
0   11  100        8424       80396      80497      518        600        1  Left 
7   1   100        8440       80496      80597      519        300        1  Right
9   6   100        8461       80497      80598      520        500        1  Right
14  8   100        8428       80598      80698      522        700        1  Right
14  8   100        8435       80698      80798      523        700        1  Right
8   9   100        8492       80798      80898      524        300        1  Right
8   9   100        8493       80898      80998      525        300        1  Right
1   11  500        8440       80597      81098      521        1500       1  Right
10  1   100        8454       81098      81198      527        800        1  Left 
9   1   100        8462       81198      81298      528        500        1  Right
0   12  500        8497       80798      81300      524        500        1  Right
13  1   100        8463       81298      81399      529        100        1  Right
9   0   100        8466       81300      81401      530        200        1  Right
3   1   100        8466       81399      81500      531        400        1  Left 
12  0   100        8531       81401      81501      532        100        1  Right
9   8   500        8503       81401      81902      532        1500       1  Right
1   13  500        8489       81500      82002      533        500        1  Right
11  1   100        8495       82002      82102      536        300        1  Right
3   2   500        8507       81902      82403      535        4000       1  Right
3   2   100        8517       82403      82503      538        800        1  Right
1   7   500        8495       82102      82603      537        1500       1  Right
2   3   500        8526       82503      83004      539        4000       1  Right
1   10  500        8498       83004      83504      541        4000       1  Right
1   9   500        8510       83504      84004      542        2500       1  Right
0   8   500        8513       84004      84504      543        2500       1  Right
1   11  500        8531       84004      84505      543        1500       1  Right
3   1   100        8557       84505      84605      545        400        1  Left 
8   14  500        8532       84504      85005      544        3500       1  Right
0   5   100        8514       85005      85105      547        700        1  Left 
13  2   100        8527       85005      85106      547        500        1  Right
0   12  500        8567       85105      85606      548        500        1  Right
2   13  500        8548       85106      85607      549        2500       1  Right
0   11  100        8567       85606      85707      550        600        1  Left 
13  2   100        8570       85607      85708      551        500        1  Right
1   0   500        8543       85708      86208      553        3500       1  Right
6   13  500        8554       85708      86209      553        2500       1  Left 
13  6   100        8610       86209      86309      555        500        1  Left 
1   0   500        8556       86208      86709      554        3500       1  Right
7   0   100        8561       86709      86809      557        400        1  Right
8   1   100        8583       86709      86810      557        200        1  Right
5   2   100        8578       86809      86910      558        1000       1  Left 
10  4   100        8587       86910      86911      560        700        1  Right
14  1   100        8591       86910      86912      560        700        1  Left 
4   10  500        8613       86911      86913      561        3500       1  Right
1   14  500        8612       86912      86914      562        3500       1  Left 
0   8   100        8614       86913      87014      563        500        1  Right
11  0   100        8607       87014      87114      565        600        1  Left 
12  0   100        8612       87114      87214      566        100        1  Right
14  0   100        8635       87214      87314      565        200        1  Right
2   13  500        8591       87014      87514      565        2500       1  Right
2   5   500        8609       87514      88014      569        3000       1  Right
13  5   100        8635       88014      88114      568        100        1  Right
0   7   500        8618       88014      88514      570        2000       1  Right
1   8   500        8634       88014      88515      568        1000       1  Right
7   0   100        8675       88514      88516      570        400        1  Right
14  8   100        8637       88515      88517      571        900        1  Left 
0   1   100        8621       88517      88617      575        700        1  Right
15  1   100        8622       88617      88717      576        500        1  Left 
8   9   100        8684       88617      88717      574        300        1  Right
15  1   100        8622       88717      88817      577        500        1  Left 
14  1   100        8644       88817      88917      576        700        1  Left 
14  6   100        8693       88917      89017      577        100        1  Right
0   12  500        8648       88617      89118      574        500        1  Right
1   15  500        8648       88917      89418      577        2500       1  Left 
5   8   100        8654       89418      89518      580        400        1  Right
7   1   100        8677       89518      89618      581        300        1  Right
9   8   100        8692       89618      89718      582        300        1  Right
7   4   100        8783       89718      89818      581        200        1  Right
0   11  500        8651       89418      89918      580        3000       1  Left 
5   13  500        8671       89518      90019      581        500        1  Right
1   15  500        8651       89918      90419      585        5500       1  Right
1   14  500        8665       90419      90919      587        3500       1  Left 
15  2   100        8671       90919      91019      588        700        1  Right
15  0   100        8690       91019      91119      589        400        1  Right
14  1   100        8694       91119      91219      590        700        1  Left 
14  0   100        8698       91219      91319      591        200        1  Right
2   15  500        8702       91219      91720      591        4500       1  Left 
11  0   100        8700       91720      91820      593        600        1  Left 
9   1   100        8756       91720      91821      591        500        1  Right
11  1   100        8782       91821      91921      593        300        1  Right
9   1   100        8854       91921      92021      594        500        1  Right
0   15  500        8711       91820      92321      594        2000       1  Right
8   14  100        8713       92321      92421      598        700        1  Right
3   15  100        8785       92321      92422      596        100        1  Right
8   14  100        8715       92421      92522      599        700        1  Right
12  0   100        8724       92522      92622      601        100        1  Right
0   9   100        8726       92622      92722      602        200        1  Right
12  0   100        8795       92722      92822      601        100        1  Right
1   14  500        8717       92522      93022      601        3500       1  Left 
6   9   500        8733       93022      93522      603        2500       1  Right
1   7   500        8735       93022      93523      603        1500       1  Right
0   11  500        8741       93522      94023      604        3000       1  Left 
8   5   500        8803       93523      94024      605        2000       1  Right
0   12  500        8760       94023      94524      606        500        1  Right
14  8   500        8749       94024      94525      607        4500       1  Left 
0   10  100        8798       94524      94625      608        100        1  Right
4   7   500        8814       94525      95025      609        1000       1  Right
1   3   500        8751       94525      95026      609        2000       1  Left 
0   4   100        8816       95025      95126      611        600        1  Right
13  5   100        8886       95026      95127      612        100        1  Right
0   12  500        8831       95126      95626      613        500        1  Right
1   9   500        8802       95126      95627      613        2500       1  Right
11  0   100        8861       95626      95727      615        600        1  Left 
12  1   100        8865       95627      95728      616        600        1  Right
10  4   100        8839       95728      95828      618        700        1  Right
10  6   100        8840       95828      95928      619        200        1  Right
0   9   100        8869       95828      95929      619        200        1  Right
10  6   100        8849       95928      96028      620        200        1  Right
1   11  500        8818       95728      96228      618        1500       1  Right
1   3   100        8896       96228      96328      623        400        1  Left 
2   4   500        8902       95828      96330      619        1500       1  Right
5   1   100        8902       96328      96429      624        200        1  Right
0   11  500        8904       96328      96829      624        3000       1  Left 
1   9   500        8902       96429      96930      626        2500       1  Right
3   1   100        8909       96930      97030      628        400        1  Left 
0   15  500        8964       96829      97330      627        2000       1  Right
4   10  500        8865       97330      97830      630        3500       1  Right
4   2   100        8866       97830      97930      631        300        1  Right
6   10  500        8875       97830      98331      631        1000       1  Right
1   0   500        8910       97930      98431      632        3500       1  Right
10  2   100        8894       98431      98531      634        400        1  Right
4   8   100        8939       98431      98532      634        100        1  Right
6   13  500        8904       98331      98832      633        2500       1  Left 
2   10  500        8930       98531      99033      635        2000       1  Right
6   14  500        8997       98832      99332      637        500        1  Right
5   13  500        8922       98832      99333      637        500        1  Right
10  6   100        8971       99332      99432      639        200        1  Right
1   12  500        8935       99033      99535      638        3000       1  Right
6   10  500        9119       99432      99933      641        1000       1  Right
8   0   500        8941       99535      100035     642        2500       1  Right
1   5   500        8938       99535      100036     642        1000       1  Right
15  0   100        8943       100035     100136     644        400        1  Right
9   0   100        8957       100136     100236     646        200        1  Right
11  0   100        8962       100236     100336     647        600        1  Left 
12  15  100        8975       100336     100436     648        500        1  Right
8   4   500        8975       100035     100536     644        500        1  Right
5   0   100        8991       100436     100536     649        700        1  Left 
1   13  500        9006       100036     100537     645        500        1  Right
5   8   100        8993       100536     100538     650        1200       1  Left 
15  0   100        8997       100538     100638     652        400        1  Right
8   4   100        9025       100538     100639     652        100        1  Right
15  0   100        9040       100638     100739     653        400        1  Right
7   4   100        9035       100639     100740     654        200        1  Right
8   14  100        9025       100740     100840     656        700        1  Right
1   13  500        9012       100537     100939     651        500        1  Right
7   6   100        9036       100840     100940     657        700        1  Right
11  1   100        8964       100939     101040     658        300        1  Right
13  1   100        8977       101040     101140     660        100        1  Right
13  1   100        8977       101140     101240     661        100        1  Right
15  3   500        9082       100739     101241     655        500        1  Right
0   1   100        8997       101240     101341     662        700        1  Right
5   1   100        9000       101341     101441     664        200        1  Right
0   8   100        9009       101341     101442     664        500        1  Right
4   8   100        9048       101442     101542     666        100        1  Right
4   8   100        9053       101542     101642     667        100        1  Right
1   11  500        9018       101441     101942     665        1500       1  Right
0   15  500        9018       101442     101943     666        2000       1  Right
4   7   500        9066       101642     102143     668        1000       1  Right
1   5   500        9036       101942     102443     669        1000       1  Right
0   9   500        9020       101943     102444     670        1000       1  Right
5   6   100        9097       102443     102543     672        400        1  Left 
13  2   100        9029       102443     102544     672        500        1  Right
0   14  100        9028       102444     102546     673        200        1  Right
3   6   100        9117       102543     102644     674        200        1  Right
2   13  500        9050       102544     103045     675        2500       1  Right
0   15  500        9061       102644     103145     677        2000       1  Right
7   2   100        9102       103045     103145     678        100        1  Right
11  4   100        9069       103045     103146     678        400        1  Right
14  1   100        9048       103146     103246     680        700        1  Left 
13  0   100        9048       103246     103346     681        800        1  Right
14  8   100        9061       103346     103446     682        700        1  Right
15  0   100        9083       103446     103546     683        400        1  Right
9   0   100        9088       103546     103646     684        200        1  Right
14  0   100        9096       103646     103746     685        200        1  Right
4   11  500        9090       103346     103847     682        2000       1  Right
5   1   100        9098       103847     103947     687        200        1  Right
8   5   100        9107       103947     104047     688        400        1  Right
8   5   100        9109       104047     104147     689        400        1  Right
15  12  500        9116       103746     104247     686        2500       1  Right
8   4   500        9168       104147     104648     690        500        1  Right
1   14  500        9069       104247     104748     691        3500       1  Left 
0   13  500        9079       104748     105248     693        4000       1  Right
5   0   100        9102       105248     105348     694        700        1  Left 
0   15  500        9114       105348     105848     695        2000       1  Right
5   8   500        9128       105348     105849     695        2000       1  Right
3   15  100        9121       105848     105948     696        100        1  Right
0   7   100        9114       105848     105949     696        400        1  Right
1   5   500        9136       105849     106351     697        1000       1  Right
2   7   500        9145       105949     106449     699        500        1  Right
0   14  500        9122       105949     106450     699        1000       1  Right
6   7   500        9184       106449     106950     701        4500       1  Left 
0   6   100        9122       106950     107050     703        300        1  Right
10  1   100        9147       107050     107150     704        800        1  Left 
6   2   100        9186       107150     107250     705        1000       1  Left 
0   9   500        9139       107050     107550     704        1000       1  Right
1   10  500        9188       107250     107751     706        4000       1  Left 
15  0   100        9140       107751     107851     708        400        1  Right
12  6   100        9146       107851     107951     709        400        1  Right
14  0   100        9154       107951     108051     710        200        1  Right
7   6   100        9163       107951     108052     710        900        1  Left 
10  2   100        9241       108051     108053     709        400        1  Right
7   6   100        9192       108052     108054     712        900        1  Left 
0   15  500        9161       108054     108554     714        2000       1  Right
0   14  500        9180       108554     109054     715        1000       1  Right
2   6   500        9232       108554     109055     713        5000       1  Left 
0   14  100        9180       109054     109155     716        200        1  Right
8   6   500        9304       109055     109556     715        4000       1  Left 
15  0   100        9182       109556     109656     719        400        1  Right
0   15  500        9203       109656     110156     720        2000       1  Right
14  1   100        9206       110156     110256     721        700        1  Left 
9   1   100        9207       110256     110356     722        500        1  Right
12  15  100        9228       110256     110357     722        500        1  Right
4   1   100        9217       110356     110457     723        100        1  Right
15  1   100        9220       110457     110557     725        500        1  Left 
15  1   100        9273       110557     110657     724        500        1  Left 
6   10  500        9248       110357     110858     722        1000       1  Right
1   14  500        9227       110858     111358     728        3500       1  Left 
2   10  500        9277       110858     111359     726        2000       1  Right
14  0   100        9250       111359     111459     728        200        1  Right
1   15  500        9246       111358     111859     727        2500       1  Left 
0   14  500        9276       111459     111960     729        1000       1  Right
6   8   100        9278       111960     112060     731        800        1  Right
1   4   500        9248       111859     112360     730        500        1  Right
11  4   100        9321       112360     112460     733        400        1  Right
6   7   500        9310       112060     112561     732        3500       1  Right
11  6   100        9322       112561     112661     735        300        1  Left 
10  6   100        9329       112661     112761     736        200        1  Right
1   9   500        9253       112561     112762     735        2500       1  Right
0   13  500        9332       112761     112963     736        4000       1  Left 
4   0   100        9290       112963     113063     739        600        1  Right
1   0   500        9291       113063     113563     740        3500       1  Right
4   8   100        9292       113563     113663     741        100        1  Right
6   8   100        9349       113663     113664     741        800        1  Right
6   8   100        9350       113664     113665     742        800        1  Right
1   15  500        9299       113563     113866     741        2500       1  Left 
4   1   100        9299       113866     113966     745        100        1  Right
13  0   100        9301       113866     113967     745        800        1  Left 
14  0   100        9308       113967     114067     747        200        1  Right
9   0   100        9316       114067     114167     748        200        1  Right
0   5   100        9332       114167     114267     748        700        1  Left 
8   5   100        9333       114267     114268     749        1200       1  Left 
1   4   500        9331       113966     114368     745        500        1  Right
8   6   100        9333       114268     114369     750        800        1  Right
4   11  500        9342       114368     114869     751        2000       1  Right
8   0   500        9343       114369     114870     752        2500       1  Right
14  1   100        9310       114869     114970     754        700        1  Left 
15  1   100        9324       114970     115070     756        500        1  Left 
0   9   500        9367       114870     115371     754        1000       1  Right
1   14  500        9332       115070     115571     756        3500       1  Left 
4   6   100        9361       115571     115572     758        900        1  Right
14  4   100        9365       115572     115573     759        800        1  Right
8   4   100        9382       115573     115673     760        100        1  Right
8   4   100        9384       115673     115773     761        100        1  Right
1   15  500        9350       115571     115873     758        2500       1  Left 
5   8   100        9351       115873     115874     763        400        1  Right
11  2   100        9366       115873     115875     763        900        1  Left 
7   1   100        9355       115874     115975     764        300        1  Right
10  5   100        9354       115875     115976     765        600        1  Left 
4   1   100        9362       115975     116076     766        100        1  Right
4   0   100        9366       116076     116176     768        600        1  Right
13  0   100        9380       116176     116276     769        800        1  Right
6   5   500        9369       115976     116477     767        2000       1  Left 
1   4   500        9395       116276     116777     770        500        1  Right
5   10  500        9375       116477     116978     771        3000       1  Left 
15  3   100        9389       116978     117078     773        100        1  Right
5   1   100        9392       116978     117079     773        200        1  Right
15  8   100        9393       117078     117179     774        900        1  Right
15  3   100        9394       117179     117279     776        100        1  Right
0   1   100        9397       117179     117280     776        700        1  Right
