
567
C:/Users/nxconrad/Desktop/REU 2.0/Benchmark Data/16-core/7/flow_freqmine100#2.txt
810
[14, 13, 5, 12, 15, 6, 9, 10, 2, 7, 8, 1, 0, 11, 3, 4]
10  1   100        6420       6422       6522       0          400        1  Right
10  0   100        6422       6522       6622       1          500        1  Right
0   3   500        6423       6622       7122       1          1000       1  Right
2   15  500        6428       6622       7123       1          2000       1  Right
12  0   100        6439       7122       7223       2          700        1  Left 
6   2   500        6435       7123       7624       3          1500       1  Right
1   11  500        6440       7223       7724       4          1000       1  Right
2   6   100        6460       7624       7725       5          300        1  Right
3   0   100        6455       7724       7825       6          200        1  Right
1   5   500        6460       7725       8226       7          4500       1  Right
3   13  500        6537       7825       8326       7          1500       1  Left 
1   10  500        6461       8226       8727       9          2000       1  Right
0   12  500        6475       8326       8728       10         3500       1  Left 
15  8   100        6469       8727       8729       11         600        1  Right
1   5   100        6468       8728       8730       12         700        1  Left 
11  1   100        6477       8730       8830       14         200        1  Right
12  0   100        6513       8830       8831       15         700        1  Left 
8   15  500        6520       8729       9032       13         3000       1  Right
7   8   100        6567       9032       9132       16         100        1  Right
1   11  500        6513       8831       9332       16         1000       1  Right
11  3   100        6551       9332       9432       18         100        1  Right
6   1   500        6485       9332       9832       19         3000       1  Right
10  1   100        6513       9832       9833       21         400        1  Right
0   9   100        6526       9832       9834       20         1000       1  Left 
9   3   100        6564       9834       9934       22         800        1  Left 
1   10  500        6554       9833       10334      21         2000       1  Right
0   7   100        6527       10334      10434      24         300        1  Right
3   9   500        6600       9934       10435      23         4000       1  Left 
8   7   500        6588       10434      10935      25         500        1  Right
5   1   500        6529       10435      10936      26         3500       1  Left 
8   10  500        6621       10935      11436      26         1500       1  Right
0   12  500        6549       10936      11437      28         3500       1  Left 
1   2   100        6612       11436      11537      29         300        1  Right
0   8   500        6588       11537      12037      31         1000       1  Right
6   2   500        6677       11537      12038      30         1500       1  Right
12  1   100        6596       12037      12138      32         800        1  Left 
10  8   100        6595       12038      12139      33         300        1  Right
7   1   100        6613       12139      12140      35         200        1  Right
2   0   500        6614       12139      12541      35         6000       1  Left 
1   0   100        6617       12541      12641      37         100        1  Right
10  3   100        6643       12541      12642      36         900        1  Left 
2   1   500        6633       12641      13142      37         1500       1  Right
1   12  500        6627       13142      13642      39         4000       1  Right
0   1   500        6638       13642      14142      40         500        1  Right
15  1   100        6639       14142      14242      41         700        1  Right
9   1   100        6640       14242      14243      42         500        1  Right
0   6   100        6672       14242      14244      42         900        1  Left 
1   7   500        6664       14243      14744      43         1000       1  Right
0   12  500        6696       14244      14745      44         3500       1  Left 
0   13  100        6696       14745      14845      46         500        1  Left 
1   15  500        6665       14744      15245      45         3500       1  Right
0   3   500        6752       14845      15346      47         1000       1  Right
1   9   500        6687       15245      15746      48         2500       1  Right
8   0   100        6648       15746      15846      50         200        1  Right
12  0   100        6660       15846      15946      51         700        1  Left 
2   1   100        6692       15846      15947      51         300        1  Right
15  0   100        6703       15946      15948      52         800        1  Left 
6   1   100        6705       15947      15949      53         600        1  Right
15  8   100        6705       15949      16049      55         600        1  Right
8   0   500        6709       16049      16549      56         1000       1  Right
2   13  500        6746       16049      16550      56         3500       1  Right
7   0   100        6710       16549      16650      57         300        1  Right
15  1   100        6712       16650      16750      59         700        1  Right
1   2   500        6713       16750      17250      60         1500       1  Right
7   1   100        6721       17250      17350      61         200        1  Right
13  2   100        6725       17250      17351      61         700        1  Right
7   0   100        6723       17350      17451      62         300        1  Right
8   7   100        6757       17451      17452      64         100        1  Right
6   2   500        6747       17351      17753      63         1500       1  Right
1   15  500        6738       17451      17853      64         4500       1  Left 
9   0   100        6733       17853      17953      67         600        1  Right
12  0   100        6738       17953      17954      68         700        1  Left 
1   6   500        6746       17953      18355      68         3000       1  Right
12  1   100        6740       18355      18455      70         800        1  Right
9   1   100        6744       18455      18555      71         500        1  Right
15  6   100        6763       18455      18556      71         100        1  Right
9   0   100        6746       18555      18656      72         600        1  Right
8   13  100        6757       18656      18756      74         700        1  Left 
2   6   100        6790       18656      18757      74         300        1  Right
8   12  100        6757       18756      18857      75         900        1  Left 
8   11  100        6757       18857      18957      77         300        1  Right
2   5   100        6815       18857      18958      77         600        1  Right
0   8   100        6761       18957      19058      78         200        1  Right
7   8   100        6765       19058      19158      80         100        1  Right
5   2   500        6846       18958      19459      79         3000       1  Right
1   7   500        6767       19158      19659      81         1000       1  Right
8   10  100        6757       19659      19759      83         300        1  Right
15  1   100        6764       19659      19760      83         900        1  Left 
8   9   100        6757       19759      19860      84         400        1  Right
15  0   100        6768       19760      19861      85         800        1  Left 
9   8   100        6780       19860      19961      86         400        1  Right
10  8   100        6782       19961      20061      88         300        1  Right
10  2   100        7037       20061      20161      89         100        1  Right
1   12  500        6774       19861      20362      87         4000       1  Left 
11  8   100        6784       20362      20462      91         300        1  Right
3   0   100        6786       20462      20562      92         200        1  Right
4   12  500        6847       20362      20863      91         2000       1  Left 
1   9   500        6790       20462      20964      92         2500       1  Right
3   11  500        6838       20562      21063      93         500        1  Right
12  8   100        6786       20964      21065      95         700        1  Right
13  8   100        6788       21065      21165      97         700        1  Left 
12  4   100        6821       21165      21265      98         400        1  Left 
1   15  500        6792       21165      21665      98         3500       1  Right
13  8   100        6796       21665      21765      100        700        1  Left 
7   1   100        6818       21765      21865      101        200        1  Right
3   10  500        6935       21765      22266      101        4500       1  Left 
1   7   500        6864       21865      22366      102        1000       1  Right
8   15  100        6829       22366      22466      104        600        1  Right
1   0   100        6870       22366      22467      104        100        1  Right
8   15  100        6837       22466      22567      105        600        1  Right
9   1   100        6846       22567      22667      107        500        1  Right
3   14  500        6943       22266      22767      103        1000       1  Left 
3   4   100        6998       22767      22867      109        100        1  Right
3   5   100        6998       22867      22967      110        400        1  Left 
0   1   500        6896       22667      23167      108        500        1  Right
15  8   500        6875       22667      23168      108        3000       1  Right
14  8   100        6908       23168      23268      113        1000       1  Right
7   8   100        6910       23268      23368      114        100        1  Right
2   5   100        7066       23268      23368      114        600        1  Right
14  3   100        6912       23268      23369      114        200        1  Left 
0   1   500        6950       23167      23668      112        500        1  Right
8   13  500        6934       23368      23870      115        4500       1  Right
3   6   100        6998       23870      23970      118        700        1  Left 
1   9   500        6892       23870      24370      118        2500       1  Right
1   0   100        6929       24370      24470      120        100        1  Right
1   0   100        6972       24470      24570      121        100        1  Right
1   0   100        7014       24570      24670      122        100        1  Right
8   7   500        6935       24370      24871      120        500        1  Right
9   8   100        6938       24871      24971      124        400        1  Right
8   14  500        6954       24971      25471      125        3000       1  Left 
8   9   500        6959       25471      25971      126        2000       1  Right
1   14  500        7027       25471      25972      126        2500       1  Left 
7   3   100        6962       25972      26072      128        500        1  Right
9   3   100        6984       26072      26172      129        800        1  Left 
3   7   100        7054       26172      26173      130        1100       1  Left 
0   8   500        6971       26072      26473      129        1000       1  Right
0   10  100        6974       26473      26573      132        500        1  Right
4   8   100        6975       26573      26673      133        500        1  Right
4   3   100        7008       26673      26773      134        100        1  Right
0   1   500        6993       26673      27173      134        500        1  Right
8   4   500        7011       26773      27274      135        5500       1  Left 
0   10  100        6998       27274      27374      137        500        1  Right
5   3   100        7015       27274      27375      137        400        1  Left 
0   15  100        7011       27374      27475      138        800        1  Right
12  4   100        7073       27375      27476      139        400        1  Left 
6   3   100        7023       27475      27576      140        900        1  Right
14  1   100        7006       27576      27676      142        500        1  Left 
8   0   100        7028       27676      27776      143        200        1  Right
13  1   100        7032       27776      27876      144        600        1  Left 
14  1   100        7048       27876      27976      145        500        1  Left 
2   10  500        7073       27576      28076      142        500        1  Right
6   15  500        7065       27576      28077      142        500        1  Right
12  6   100        7074       28077      28177      148        200        1  Right
1   13  500        7058       27976      28478      146        3000       1  Left 
14  1   100        7061       28478      28578      150        500        1  Left 
6   2   500        7077       28177      28678      149        1500       1  Right
14  0   100        7063       28578      28679      151        400        1  Left 
12  6   100        7097       28678      28779      152        200        1  Right
1   14  500        7069       28679      29180      153        2500       1  Left 
5   2   500        7097       28779      29280      154        3000       1  Right
12  2   100        7128       29280      29380      154        500        1  Right
1   14  500        7082       29180      29681      155        2500       1  Left 
0   12  100        7067       29681      29781      158        700        1  Left 
0   3   500        7078       29781      30281      159        1000       1  Right
4   12  500        7099       29781      30282      159        2000       1  Left 
0   15  100        7086       30281      30382      160        800        1  Right
13  0   100        7086       30382      30482      162        500        1  Left 
13  8   100        7088       30482      30582      163        700        1  Left 
10  8   100        7119       30582      30682      164        300        1  Right
7   8   100        7141       30682      30782      163        100        1  Right
9   8   100        7150       30782      30882      164        400        1  Right
6   12  500        7133       30382      30883      160        1000       1  Right
4   8   100        7153       30883      30983      166        1100       1  Left 
0   1   500        7093       30582      31083      164        500        1  Right
13  1   100        7095       31083      31183      170        600        1  Left 
13  6   100        7149       31183      31283      169        400        1  Right
12  6   100        7186       31283      31383      170        200        1  Right
8   0   500        7098       31183      31683      171        1000       1  Right
15  1   100        7100       31683      31783      174        700        1  Right
3   0   100        7107       31683      31784      174        200        1  Right
14  1   100        7104       31783      31884      175        1100       1  Right
15  1   100        7118       31884      31984      177        700        1  Right
14  3   100        7158       31884      31985      175        200        1  Left 
1   0   100        7121       31984      32085      177        100        1  Right
8   4   100        7130       31985      32086      177        1100       1  Left 
8   7   100        7130       32086      32186      179        100        1  Right
0   1   500        7142       32085      32586      178        500        1  Right
1   13  500        7121       32586      33086      182        3000       1  Left 
1   14  500        7125       33086      33586      182        2500       1  Left 
1   15  500        7127       33586      34086      183        3500       1  Right
8   15  100        7130       34086      34186      184        600        1  Right
13  1   100        7150       34086      34187      184        600        1  Left 
8   14  100        7130       34187      34287      186        600        1  Left 
8   9   100        7130       34287      34288      187        400        1  Right
1   15  500        7144       34287      34689      187        4500       1  Left 
13  0   100        7154       34689      34789      189        500        1  Left 
2   1   100        7155       34689      34790      189        300        1  Right
2   1   100        7155       34790      34890      191        300        1  Right
0   8   100        7155       34890      34990      192        200        1  Right
1   0   100        7163       34990      35090      193        100        1  Right
3   9   500        7281       34789      35290      189        4000       1  Left 
1   2   500        7176       35090      35591      194        1500       1  Right
0   15  500        7210       35290      35791      195        4000       1  Left 
14  8   100        7172       35791      35891      197        600        1  Left 
2   12  500        7155       35791      36291      197        2500       1  Right
15  8   100        7174       36291      36391      199        600        1  Right
1   13  500        7178       35891      36392      198        3000       1  Left 
6   12  500        7363       36391      36892      199        1000       1  Right
1   2   500        7179       36392      36893      201        1500       1  Right
15  0   100        7189       36892      36993      202        800        1  Left 
2   0   100        7221       36993      37093      204        400        1  Right
8   13  100        7225       37093      37193      204        700        1  Left 
8   13  100        7227       37193      37293      205        700        1  Left 
15  0   100        7231       37293      37393      206        800        1  Right
0   2   500        7247       37393      37893      207        2000       1  Right
0   15  500        7252       37893      38393      208        4000       1  Right
7   2   100        7338       38393      38493      209        100        1  Right
13  8   500        7256       38393      38893      209        3500       1  Left 
0   11  100        7277       38893      38993      211        100        1  Right
15  1   100        7279       38893      38994      211        700        1  Right
0   7   100        7300       38994      39094      213        300        1  Right
1   15  500        7305       39094      39594      214        3500       1  Right
15  0   100        7333       39594      39694      215        800        1  Left 
15  0   100        7388       39694      39794      216        800        1  Left 
8   10  500        7305       39594      40094      215        1500       1  Right
1   12  500        7412       39794      40295      217        4000       1  Left 
2   7   500        7379       40094      40595      218        500        1  Right
0   8   500        7350       40295      40796      219        1000       1  Right
0   15  500        7354       40796      41296      221        4000       1  Right
7   8   100        7430       41296      41396      222        100        1  Right
4   8   100        7438       41396      41496      223        1100       1  Left 
5   8   100        7481       41496      41596      224        800        1  Right
0   1   500        7365       41296      41796      222        500        1  Right
12  1   100        7381       41796      41896      226        800        1  Right
15  1   100        7390       41896      41996      227        700        1  Right
10  1   100        7399       41996      42096      228        400        1  Right
15  4   100        7453       41996      42097      228        500        1  Left 
0   3   500        7399       41796      42297      226        1000       1  Right
0   13  100        7404       42297      42397      231        500        1  Left 
4   3   100        7442       42397      42497      232        100        1  Right
5   3   100        7485       42497      42597      233        400        1  Left 
1   15  500        7417       42097      42598      230        3500       1  Right
8   0   100        7408       42598      42698      235        200        1  Right
3   0   100        7431       42698      42798      236        200        1  Right
6   13  500        7441       42598      43099      235        2000       1  Right
1   10  500        7440       42698      43200      236        2000       1  Right
3   14  500        7450       42798      43299      237        1000       1  Left 
0   13  100        7473       43299      43399      240        500        1  Left 
13  1   100        7489       43399      43499      241        600        1  Left 
6   12  500        7463       43099      43600      238        1000       1  Right
12  2   100        7458       43600      43700      243        500        1  Right
8   7   500        7451       43200      43701      239        500        1  Right
2   0   100        7474       43700      43801      244        1200       1  Left 
3   7   100        7463       43801      43901      246        500        1  Right
2   12  500        7484       43801      44302      246        2500       1  Right
8   4   500        7474       43901      44402      247        2500       1  Right
6   8   100        7483       44402      44502      249        500        1  Right
10  0   100        7483       44502      44602      250        500        1  Right
10  8   100        7485       44602      44702      251        300        1  Right
4   15  500        7494       44402      44903      249        2500       1  Left 
8   0   500        7485       44702      44904      252        1000       1  Right
7   3   500        7486       44903      45105      253        5500       1  Left 
6   3   100        7487       45105      45205      255        700        1  Left 
10  1   100        7492       45105      45206      255        400        1  Right
7   3   100        7494       45206      45306      257        500        1  Right
0   2   500        7500       45306      45806      258        2000       1  Right
8   6   500        7509       45806      46306      259        2500       1  Right
8   5   500        7512       46306      46806      260        4000       1  Right
8   4   100        7512       46806      46906      261        500        1  Right
8   5   100        7512       46906      47006      262        800        1  Right
8   6   100        7512       47006      47106      263        500        1  Right
8   7   100        7512       47106      47206      264        100        1  Right
12  6   100        7516       47106      47207      264        200        1  Right
2   0   100        7538       47206      47307      265        400        1  Right
3   4   500        7536       46906      47407      262        500        1  Right
8   13  100        7512       47307      47408      267        900        1  Right
1   13  500        7515       47408      47908      269        3000       1  Left 
3   5   500        7537       47908      48408      270        2000       1  Left 
1   10  500        7538       47908      48409      270        2000       1  Right
7   1   100        7540       48409      48509      272        200        1  Right
0   8   100        7544       48509      48609      273        200        1  Right
7   8   100        7548       48609      48709      274        100        1  Right
3   6   500        7538       48408      48909      271        3500       1  Left 
12  5   100        7541       48909      49009      276        100        1  Right
3   4   100        7547       48909      49010      276        100        1  Right
3   5   100        7547       49010      49110      278        400        1  Left 
0   2   500        7564       48709      49210      275        2000       1  Right
3   6   100        7547       49110      49211      279        700        1  Left 
8   10  100        7612       49210      49311      280        300        1  Right
13  0   100        7547       49211      49312      281        500        1  Left 
6   8   100        7550       49311      49412      282        500        1  Right
5   8   100        7552       49412      49413      284        800        1  Right
10  6   100        7590       49413      49513      285        200        1  Right
0   13  500        7578       49312      49714      283        2500       1  Left 
4   8   100        7554       49714      49814      287        500        1  Right
5   12  500        7572       49413      49914      285        500        1  Right
4   1   100        7561       49814      49915      288        400        1  Right
13  8   100        7571       49914      50015      289        900        1  Right
4   3   100        7592       49915      50016      290        100        1  Right
5   1   100        7577       50015      50116      291        900        1  Right
0   7   100        7579       50116      50216      293        300        1  Right
5   3   100        7598       50116      50217      293        400        1  Left 
0   11  100        7603       50216      50316      294        100        1  Right
2   0   100        7591       50316      50317      296        1200       1  Left 
1   7   500        7586       50216      50318      294        1000       1  Right
7   8   100        7640       50318      50319      297        100        1  Right
0   2   500        7617       50317      50419      297        6000       1  Left 
10  1   100        7591       50419      50519      300        400        1  Right
6   1   100        7606       50519      50619      301        600        1  Right
0   13  500        7642       50419      50920      299        2500       1  Left 
10  0   100        7595       50920      51020      303        500        1  Right
6   3   100        7606       50920      51021      303        700        1  Left 
11  2   100        7642       51020      51121      303        500        1  Right
1   4   500        7596       51121      51621      306        2000       1  Right
10  8   500        7674       51121      51622      305        1500       1  Right
13  0   100        7609       51621      51623      307        500        1  Left 
1   5   500        7619       51622      52024      308        4500       1  Right
1   10  500        7634       52024      52524      309        2000       1  Right
4   1   100        7639       52524      52624      310        400        1  Right
8   10  100        7661       52524      52625      310        300        1  Right
1   6   500        7647       52624      53125      311        5000       1  Left 
3   7   100        7640       53125      53225      313        500        1  Right
7   0   100        7644       53225      53325      314        300        1  Right
2   0   100        7650       53325      53425      315        400        1  Right
4   1   100        7652       53425      53525      316        400        1  Right
7   1   100        7653       53525      53625      317        200        1  Right
4   0   100        7654       53525      53626      317        300        1  Right
5   1   100        7658       53625      53726      318        900        1  Right
1   4   500        7670       53726      54226      320        2000       1  Right
5   1   100        7671       54226      54326      321        700        1  Left 
5   0   100        7673       54326      54426      322        600        1  Left 
2   11  500        7673       54426      54926      323        2500       1  Right
13  1   100        7676       54926      55026      324        600        1  Left 
0   2   500        7677       55026      55526      325        2000       1  Right
1   4   500        7683       55526      56026      326        2000       1  Right
1   5   500        7694       56026      56526      327        3500       1  Left 
15  4   100        7705       56526      56626      328        500        1  Left 
15  6   100        7706       56626      56726      329        100        1  Right
0   15  100        7712       56726      56826      330        800        1  Left 
2   0   100        7714       56826      56827      331        1200       1  Left 
1   7   500        7699       56526      56927      328        1000       1  Right
15  6   100        7720       56827      56928      332        100        1  Right
0   3   500        7723       56827      57328      331        1000       1  Right
8   7   500        7708       56927      57428      333        500        1  Right
6   1   100        7702       57328      57429      335        1000       1  Left 
8   10  100        7748       57428      57529      334        300        1  Right
8   7   100        7787       57529      57629      336        100        1  Right
8   7   100        7789       57629      57729      337        100        1  Right
1   13  500        7703       57429      57930      337        3000       1  Left 
1   5   500        7714       57930      58430      341        3500       1  Left 
6   1   100        7715       58430      58530      342        600        1  Right
12  5   100        7792       58430      58531      340        100        1  Right
6   0   100        7717       58530      58631      343        700        1  Right
11  8   100        7718       58631      58731      345        300        1  Right
7   8   100        7727       58731      58831      344        100        1  Right
4   1   100        7729       58731      58832      344        400        1  Right
10  8   100        7761       58831      58833      345        300        1  Right
1   6   500        7743       58832      59234      346        5000       1  Left 
0   2   500        7740       59234      59734      348        2000       1  Right
4   15  500        7746       59234      59735      348        2500       1  Left 
13  0   100        7758       59735      59835      350        500        1  Left 
1   6   500        7756       59734      60235      349        3000       1  Right
7   6   100        7764       60235      60335      352        400        1  Right
1   4   500        7762       60235      60735      352        2000       1  Right
0   8   100        7763       60735      60835      354        200        1  Right
6   15  500        7771       60335      60836      353        500        1  Right
7   1   100        7765       60835      60936      355        200        1  Right
15  2   100        7790       60836      60936      356        400        1  Right
5   1   100        7789       60936      60937      357        900        1  Right
0   13  500        7789       60835      61237      355        2500       1  Left 
1   7   500        7823       60937      61437      358        1000       1  Right
6   12  500        7804       60937      61438      358        1000       1  Right
7   0   100        7769       61437      61538      360        300        1  Right
15  6   100        7851       61438      61538      360        100        1  Right
2   0   100        7780       61538      61638      362        400        1  Right
3   0   100        7807       61638      61738      363        200        1  Right
13  0   100        7836       61738      61739      363        500        1  Left 
5   12  500        7823       61438      61840      361        500        1  Right
7   8   500        7798       61638      61841      363        500        1  Right
2   15  500        7821       61638      61842      363        2000       1  Right
1   5   500        7826       61840      62142      365        3500       1  Left 
0   2   500        7806       62142      62642      369        2000       1  Right
0   10  100        7816       62642      62742      370        500        1  Right
4   8   100        7824       62742      62842      370        500        1  Right
6   1   100        7824       62842      62942      371        600        1  Right
8   11  500        7827       62942      63442      372        1500       1  Right
6   10  500        7867       62942      63443      372        1000       1  Right
8   3   100        7828       63442      63543      373        400        1  Right
2   1   100        7828       63543      63544      375        300        1  Right
0   9   100        7881       63543      63545      375        1000       1  Left 
4   3   100        7892       63545      63645      377        100        1  Right
0   9   100        7905       63645      63646      378        1000       1  Left 
1   2   500        7853       63544      63946      376        1500       1  Right
13  1   100        7838       63946      63947      380        600        1  Left 
5   8   100        7872       63946      63948      380        800        1  Right
6   8   100        7917       63948      64048      382        500        1  Right
1   13  500        7865       63947      64448      381        3000       1  Left 
8   4   500        7860       64448      64948      384        2500       1  Right
13  4   100        7893       64948      65048      385        200        1  Left 
1   6   500        7870       64948      65448      385        3000       1  Right
12  1   100        7873       65448      65548      387        800        1  Right
4   13  500        7924       65048      65549      386        1000       1  Left 
12  1   100        7873       65548      65649      388        800        1  Right
5   3   100        7937       65549      65650      389        400        1  Left 
2   1   100        7875       65649      65750      390        300        1  Right
6   3   100        7965       65650      65751      391        700        1  Left 
10  1   100        7895       65750      65851      392        400        1  Right
6   15  500        8010       65751      66252      393        500        1  Right
8   0   500        7899       65851      66352      394        1000       1  Right
12  2   100        7932       66252      66353      395        500        1  Right
9   2   100        7948       66353      66453      397        200        1  Right
8   5   500        7903       66352      66853      396        4000       1  Left 
6   7   500        8026       66453      66954      398        2000       1  Right
1   12  500        7904       66853      66955      399        4000       1  Left 
8   6   500        7943       66954      66956      400        2500       1  Right
1   12  500        7907       66955      67356      401        4000       1  Left 
11  1   100        7926       67356      67456      403        200        1  Right
8   4   100        8041       67456      67556      404        500        1  Right
8   5   100        8041       67556      67557      405        800        1  Left 
13  4   100        8145       67557      67657      406        200        1  Left 
2   12  500        7960       67356      67758      403        2500       1  Right
12  0   100        7951       67758      67858      408        700        1  Left 
11  0   100        8007       67858      67958      409        100        1  Right
1   10  500        7936       67758      68258      408        2000       1  Right
0   10  100        7943       68258      68358      411        500        1  Right
1   2   500        7951       68358      68858      412        1500       1  Right
0   8   100        7956       68858      68958      413        200        1  Right
8   6   100        8041       68958      69058      414        500        1  Right
8   7   100        8041       69058      69158      415        100        1  Right
1   11  500        7962       68958      69458      414        1000       1  Right
2   1   100        7968       69458      69558      417        300        1  Right
10  1   100        7975       69558      69658      418        400        1  Right
0   12  500        7987       69458      69959      417        3500       1  Left 
11  8   100        8009       69959      70059      420        300        1  Right
2   9   500        7989       69658      70159      419        1000       1  Right
11  1   100        8016       70059      70160      421        200        1  Right
9   8   100        8040       70159      70161      422        400        1  Right
15  1   100        8043       70160      70162      423        900        1  Left 
11  6   100        8087       70162      70262      425        800        1  Left 
13  6   100        8146       70262      70362      426        400        1  Right
13  6   100        8180       70362      70462      427        400        1  Right
1   10  500        8016       70162      70662      425        2000       1  Right
7   1   100        8049       70662      70762      429        200        1  Right
0   3   500        8099       70262      70763      426        1000       1  Right
15  2   100        8107       70662      70764      429        400        1  Right
7   8   100        8058       70762      70863      430        100        1  Right
15  2   100        8170       70764      70864      432        400        1  Right
6   8   100        8060       70864      70964      434        500        1  Right
5   8   100        8062       70964      71064      435        800        1  Right
4   8   100        8064       71064      71065      436        1100       1  Left 
1   11  500        8052       70763      71165      431        1000       1  Right
13  2   100        8210       71065      71166      437        700        1  Right
11  1   100        8088       71165      71266      438        200        1  Right
15  6   100        8230       71166      71267      438        100        1  Right
10  0   100        8059       71266      71367      440        500        1  Right
13  6   100        8251       71267      71368      440        400        1  Right
7   1   100        8139       71367      71467      442        200        1  Right
11  0   100        8092       71367      71468      442        100        1  Right
3   0   100        8128       71468      71568      445        200        1  Right
1   15  500        8069       71467      71968      444        3500       1  Right
1   7   500        8095       71968      71969      447        1000       1  Right
0   10  500        8105       71968      71970      447        5500       1  Left 
8   11  100        8100       71970      72070      449        300        1  Right
8   11  100        8101       72070      72170      450        300        1  Right
0   7   100        8118       72170      72270      451        300        1  Right
2   15  500        8138       71970      72471      449        2000       1  Right
11  8   500        8121       72270      72771      452        1500       1  Right
6   15  500        8153       72471      72972      453        500        1  Right
8   9   500        8160       72771      73271      454        2000       1  Right
1   11  500        8126       72771      73272      454        1000       1  Right
3   8   500        8140       73271      73772      456        6000       1  Left 
10  0   100        8158       73772      73872      458        500        1  Right
0   13  100        8159       73872      73972      459        1100       1  Right
3   4   500        8175       73772      74273      458        500        1  Right
2   15  500        8201       73972      74472      460        2000       1  Right
1   7   500        8185       73972      74473      460        1000       1  Right
8   0   100        8196       74473      74573      463        200        1  Right
4   13  500        8176       74273      74775      461        1000       1  Left 
5   15  500        8301       74472      74973      461        1000       1  Right
0   10  500        8204       74573      75074      464        2500       1  Right
0   14  100        8207       75074      75174      467        400        1  Left 
6   13  500        8221       74973      75474      466        2000       1  Right
12  0   100        8204       75474      75574      469        700        1  Left 
1   2   500        8213       75074      75576      467        1500       1  Right
7   0   100        8233       75576      75676      470        300        1  Right
3   5   500        8224       75574      75677      470        2000       1  Left 
0   12  500        8240       75676      75779      471        4500       1  Right
1   3   100        8215       75779      75879      474        300        1  Right
14  2   100        8228       75779      75880      473        800        1  Right
1   8   100        8219       75879      75980      475        100        1  Right
0   7   100        8252       75980      76080      476        300        1  Right
2   13  500        8231       75880      76381      475        3500       1  Right
9   1   100        8249       76381      76481      478        500        1  Right
15  5   100        8255       76381      76482      478        200        1  Right
10  1   100        8250       76481      76582      479        400        1  Right
0   1   100        8260       76582      76682      481        100        1  Right
0   1   100        8260       76682      76782      482        100        1  Right
3   6   500        8259       76482      76983      480        3500       1  Left 
2   3   100        8250       76983      76984      484        1000       1  Left 
0   7   500        8284       76782      77184      483        1500       1  Right
2   8   100        8254       77184      77284      486        200        1  Right
6   11  500        8369       76984      77485      484        4000       1  Left 
8   1   500        8290       77284      77785      487        500        1  Right
2   14  500        8254       77485      77986      488        4000       1  Right
12  0   100        8290       77986      78086      490        700        1  Left 
1   10  500        8291       77986      78487      490        2000       1  Right
0   12  500        8326       78086      78587      490        3500       1  Left 
1   9   500        8295       78487      78988      492        2500       1  Right
6   13  500        8440       78587      79088      492        2000       1  Right
15  5   100        8506       79088      79188      494        200        1  Right
8   0   500        8290       78988      79489      494        1000       1  Right
14  8   100        8301       79489      79589      497        600        1  Left 
6   15  500        8532       79188      79689      495        500        1  Right
8   2   500        8311       79589      80090      498        1000       1  Right
5   15  500        8552       79689      80190      498        1000       1  Right
7   0   100        8335       80090      80191      499        300        1  Right
10  0   100        8343       80191      80291      501        500        1  Right
8   14  500        8347       80291      80791      502        3000       1  Left 
9   0   100        8359       80791      80891      503        600        1  Right
9   8   100        8361       80891      80991      504        400        1  Right
12  0   100        8363       80891      80992      504        700        1  Left 
2   1   100        8363       80991      80993      505        300        1  Right
10  0   100        8452       80992      80994      506        1100       1  Left 
12  0   100        8461       80994      81094      508        700        1  Left 
1   2   500        8384       80993      81494      507        1500       1  Right
9   1   100        8368       81494      81594      510        500        1  Right
9   6   100        8461       81594      81694      511        100        1  Right
0   7   500        8386       81594      82094      511        1500       1  Right
8   1   100        8386       82094      82194      513        100        1  Right
8   2   100        8386       82194      82195      514        200        1  Right
0   10  500        8389       82094      82496      513        5500       1  Left 
8   14  100        8386       82496      82596      516        600        1  Left 
8   11  100        8386       82596      82696      517        300        1  Right
0   12  500        8399       82696      83196      518        3500       1  Left 
1   9   500        8414       82696      83197      518        2500       1  Right
8   9   100        8492       83197      83297      520        400        1  Right
8   9   100        8493       83297      83397      521        400        1  Right
0   3   500        8423       83196      83697      519        1000       1  Right
11  1   100        8402       83697      83797      523        200        1  Right
0   11  100        8424       83797      83897      524        100        1  Right
8   14  500        8532       83397      83898      522        5000       1  Right
2   1   100        8406       83898      83998      526        300        1  Right
7   1   100        8440       83998      84098      527        200        1  Right
10  1   100        8454       84098      84198      528        400        1  Right
9   1   100        8462       84198      84298      529        500        1  Right
0   12  500        8497       83898      84399      526        3500       1  Left 
11  8   100        8414       84399      84499      531        300        1  Right
10  4   100        8587       84399      84500      531        800        1  Left 
1   8   100        8424       84499      84600      532        100        1  Right
9   0   100        8466       84500      84601      533        1000       1  Left 
2   8   100        8425       84600      84701      534        200        1  Right
13  1   100        8463       84601      84702      535        600        1  Left 
12  0   100        8531       84702      84802      537        700        1  Left 
1   2   500        8427       84702      85202      537        1500       1  Right
14  8   100        8428       85202      85302      539        600        1  Left 
14  8   100        8435       85302      85402      540        600        1  Left 
1   11  500        8440       85402      85902      541        1000       1  Right
9   8   500        8503       85402      85903      541        2000       1  Right
3   1   100        8466       85902      86003      542        300        1  Right
1   13  500        8489       86003      86503      544        3000       1  Left 
11  1   100        8495       86503      86603      545        200        1  Right
3   2   500        8507       86503      87004      545        5000       1  Left 
1   7   500        8495       86603      87104      546        1000       1  Right
3   2   100        8517       87004      87105      547        1000       1  Left 
0   8   500        8513       87104      87605      548        1000       1  Right
2   3   500        8526       87105      87606      549        5000       1  Left 
0   5   100        8514       87606      87706      551        600        1  Left 
1   10  500        8498       87606      88106      551        2000       1  Right
0   12  500        8567       87706      88207      552        3500       1  Left 
1   9   500        8510       88106      88607      553        2500       1  Right
13  2   100        8527       88607      88707      555        700        1  Right
1   11  500        8531       88607      89108      555        1000       1  Right
2   13  500        8548       88707      89208      556        3500       1  Right
1   0   500        8543       89108      89609      557        500        1  Right
6   13  500        8554       89208      89709      558        2000       1  Right
13  2   100        8570       89709      89809      560        700        1  Right
5   2   100        8578       89809      89909      561        600        1  Right
1   0   500        8556       89609      90110      559        500        1  Right
3   1   100        8557       90110      90210      563        300        1  Right
7   0   100        8561       90210      90310      564        300        1  Right
2   13  500        8591       89909      90410      562        3500       1  Right
8   1   100        8583       90310      90410      565        100        1  Right
0   11  100        8567       90310      90411      565        100        1  Right
14  1   100        8591       90410      90511      566        1100       1  Right
11  0   100        8607       90411      90512      567        100        1  Right
2   5   500        8609       90511      91012      568        3000       1  Right
1   14  500        8612       90512      91013      569        2500       1  Left 
8   9   100        8684       91012      91112      570        400        1  Right
13  6   100        8610       91012      91113      570        400        1  Right
13  5   100        8635       91113      91213      573        100        1  Right
4   10  500        8613       91112      91613      572        4000       1  Right
12  0   100        8612       91613      91713      575        700        1  Left 
0   8   100        8614       91713      91813      576        200        1  Right
0   7   500        8618       91813      92313      577        1500       1  Right
0   1   100        8621       92313      92413      578        100        1  Right
15  1   100        8622       92413      92513      579        700        1  Right
14  0   100        8635       92413      92514      579        400        1  Left 
15  1   100        8622       92513      92515      580        700        1  Right
15  2   100        8671       92515      92516      582        400        1  Right
0   12  500        8648       92514      92817      581        3500       1  Left 
1   8   500        8634       92515      92917      582        500        1  Right
14  8   100        8637       92917      93017      585        1000       1  Right
14  1   100        8644       93017      93117      586        1100       1  Right
0   11  500        8651       92817      93318      584        500        1  Right
1   15  500        8648       93117      93618      587        3500       1  Right
1   15  500        8651       93618      94118      589        3500       1  Right
5   8   100        8654       94118      94119      590        800        1  Right
9   8   100        8692       94119      94219      591        400        1  Right
1   14  500        8665       94118      94520      590        2500       1  Left 
5   13  500        8671       94119      94620      591        500        1  Right
7   0   100        8675       94520      94620      593        300        1  Right
2   15  500        8702       94219      94720      592        2000       1  Right
7   1   100        8677       94620      94721      594        200        1  Right
15  0   100        8690       94720      94821      595        800        1  Left 
14  6   100        8693       94821      94921      597        500        1  Right
7   4   100        8783       94821      94922      593        600        1  Right
14  1   100        8694       94922      95022      599        500        1  Left 
14  0   100        8698       95022      95122      600        400        1  Left 
9   1   100        8756       95022      95123      596        500        1  Right
11  0   100        8700       95122      95223      601        100        1  Right
8   14  100        8713       95123      95224      602        1000       1  Right
11  1   100        8782       95223      95324      599        200        1  Right
8   14  100        8715       95224      95325      604        1000       1  Right
0   15  500        8711       95325      95825      606        4000       1  Right
1   14  500        8717       95825      95826      607        2500       1  Left 
8   5   500        8803       95825      95827      603        4000       1  Right
12  0   100        8724       95827      95927      609        700        1  Left 
0   9   100        8726       95927      96027      609        1000       1  Left 
3   15  100        8785       96027      96127      607        600        1  Left 
13  5   100        8886       96127      96227      606        100        1  Right
1   7   500        8735       95827      96328      605        1000       1  Right
0   11  500        8741       96027      96527      607        500        1  Right
6   9   500        8733       96027      96528      607        500        1  Right
14  8   500        8749       96527      97028      611        3000       1  Left 
1   3   500        8751       97028      97029      613        1500       1  Right
4   7   500        8814       97028      97030      613        5000       1  Left 
0   12  500        8760       97030      97530      615        3500       1  Left 
1   9   500        8802       97030      97531      615        2500       1  Right
12  0   100        8795       97530      97631      616        700        1  Left 
9   1   100        8854       97531      97632      615        500        1  Right
11  0   100        8861       97631      97732      616        100        1  Right
12  1   100        8865       97632      97733      617        800        1  Right
0   10  100        8798       97733      97833      621        500        1  Right
0   4   100        8816       97833      97933      622        300        1  Right
5   1   100        8902       97833      97934      620        900        1  Right
10  4   100        8839       97934      98034      622        800        1  Left 
10  6   100        8840       98034      98134      623        200        1  Right
10  6   100        8849       98134      98234      624        200        1  Right
1   11  500        8818       97934      98434      624        1000       1  Right
1   3   100        8896       98434      98534      626        300        1  Right
3   1   100        8909       98534      98634      627        300        1  Right
4   10  500        8865       98234      98735      625        4000       1  Left 
0   12  500        8831       98735      99235      629        3500       1  Left 
6   10  500        8875       98735      99236      629        1000       1  Right
4   2   100        8866       99235      99336      630        700        1  Right
0   9   100        8869       99336      99436      632        600        1  Right
10  2   100        8894       99436      99536      633        100        1  Right
6   13  500        8904       99236      99737      631        2000       1  Right
0   11  500        8904       99436      99938      633        500        1  Right
1   9   500        8902       99536      100037     634        2500       1  Right
10  6   100        8971       100037     100137     637        200        1  Right
5   13  500        8922       99737      100238     635        500        1  Right
2   4   500        8902       100037     100538     637        3500       1  Right
6   14  500        8997       100238     100739     639        2500       1  Right
2   10  500        8930       100538     101038     640        500        1  Right
1   0   500        8910       100538     101039     640        500        1  Right
4   8   100        8939       101038     101139     642        1100       1  Left 
1   12  500        8935       101139     101639     644        4000       1  Right
1   5   500        8938       101639     102139     645        3500       1  Left 
6   10  500        9119       101639     102140     644        1000       1  Right
8   0   500        8941       102139     102640     646        1000       1  Right
15  0   100        8943       102640     102740     648        800        1  Right
9   0   100        8957       102740     102840     649        600        1  Right
11  0   100        8962       102840     102940     650        100        1  Right
11  1   100        8964       102940     102941     651        200        1  Right
8   4   500        8975       102840     103242     650        5500       1  Left 
0   15  500        8964       103242     103742     653        4000       1  Right
12  15  100        8975       103742     103842     654        100        1  Right
13  1   100        8977       103742     103843     654        600        1  Left 
13  1   100        8977       103843     103943     656        600        1  Left 
5   0   100        8991       103943     104043     657        600        1  Left 
5   8   100        8993       104043     104143     658        800        1  Right
0   1   100        8997       104043     104144     658        100        1  Right
8   4   100        9025       104143     104244     659        1100       1  Left 
15  0   100        8997       104244     104344     661        800        1  Right
5   1   100        9000       104344     104444     662        700        1  Left 
1   13  500        9006       104444     104944     663        3000       1  Left 
0   8   100        9009       104944     105044     664        200        1  Right
13  2   100        9029       104944     105045     664        700        1  Right
8   14  100        9025       105044     105145     665        600        1  Left 
1   13  500        9012       105145     105645     667        3000       1  Left 
0   15  500        9018       105645     106145     668        4000       1  Right
7   4   100        9035       106145     106245     668        1000       1  Left 
7   6   100        9036       106245     106345     669        400        1  Right
4   8   100        9048       106345     106346     670        1100       1  Left 
1   11  500        9018       106145     106546     669        1000       1  Right
14  1   100        9048       106546     106646     672        500        1  Left 
4   8   100        9053       106646     106746     673        500        1  Right
14  8   100        9061       106746     106747     674        600        1  Left 
2   13  500        9050       106346     106748     671        3500       1  Right
5   6   100        9097       106748     106848     676        300        1  Right
4   7   500        9066       106747     107248     675        3000       1  Right
11  4   100        9069       107248     107348     678        200        1  Right
0   9   500        9020       107248     107748     679        3000       1  Right
0   14  100        9028       107748     107749     681        1200       1  Right
4   11  500        9090       107348     107750     679        1000       1  Right
1   5   500        9036       107749     108250     681        4500       1  Right
15  0   100        9040       108250     108350     683        800        1  Right
13  0   100        9048       108350     108351     684        500        1  Left 
5   1   100        9098       108350     108352     684        900        1  Right
0   15  500        9061       108352     108852     686        4000       1  Right
7   2   100        9102       108852     108952     687        100        1  Right
8   5   100        9107       108952     108953     688        800        1  Right
8   5   100        9109       108953     108954     689        800        1  Right
1   14  500        9069       108852     109154     687        2500       1  Left 
0   13  500        9079       109154     109155     691        2500       1  Left 
1   5   500        9136       109154     109156     690        4500       1  Right
10  1   100        9147       109156     109256     692        400        1  Right
15  3   500        9082       109156     109656     693        3000       1  Left 
15  0   100        9083       109656     109756     695        800        1  Left 
1   10  500        9188       109256     109757     693        2000       1  Right
9   0   100        9088       109756     109857     696        1000       1  Left 
14  0   100        9096       109857     109957     698        400        1  Left 
5   0   100        9102       109957     110057     699        600        1  Left 
3   6   100        9117       110057     110157     700        900        1  Right
15  12  500        9116       109857     110358     698        500        1  Right
5   8   500        9128       110157     110658     701        4000       1  Left 
0   15  500        9114       110658     111158     703        4000       1  Right
0   7   100        9114       111158     111258     704        300        1  Right
3   15  100        9121       111158     111259     704        600        1  Left 
2   7   500        9145       111258     111759     704        500        1  Right
0   14  500        9122       111259     111760     706        2000       1  Left 
15  0   100        9140       111760     111860     707        800        1  Left 
14  0   100        9154       111860     111960     708        400        1  Left 
6   7   500        9184       111759     112260     706        2000       1  Right
6   2   100        9186       112260     112360     710        300        1  Right
10  2   100        9241       112360     112460     711        100        1  Right
8   4   500        9168       111960     112461     709        2500       1  Right
15  0   100        9182       112461     112561     713        800        1  Left 
14  1   100        9206       112561     112661     714        500        1  Left 
14  0   100        9250       112661     112761     715        400        1  Left 
6   10  500        9248       112460     112961     712        1000       1  Right
0   6   100        9122       112961     113061     718        700        1  Right
12  6   100        9146       113061     113161     718        200        1  Right
0   9   500        9139       113061     113561     718        3000       1  Right
0   15  500        9161       113561     114061     720        4000       1  Right
7   6   100        9163       114061     114161     721        400        1  Right
7   6   100        9192       114161     114261     722        400        1  Right
9   1   100        9207       114261     114361     723        500        1  Right
0   14  500        9180       114061     114562     721        2000       1  Left 
0   14  100        9180       114562     114662     725        400        1  Left 
2   6   500        9232       114361     114862     724        1500       1  Right
0   15  500        9203       114662     115163     726        4000       1  Left 
4   1   100        9217       115163     115263     728        400        1  Right
12  15  100        9228       115163     115264     728        100        1  Right
2   10  500        9277       114862     115363     727        500        1  Right
6   8   100        9278       115363     115463     731        500        1  Right
1   14  500        9227       115263     115765     729        2500       1  Left 
15  1   100        9220       115765     115766     733        900        1  Left 
8   6   500        9304       115463     115767     732        2500       1  Right
1   15  500        9246       115766     115768     734        4500       1  Left 
6   7   500        9310       115767     115867     735        2000       1  Right
1   4   500        9248       115768     116269     736        2000       1  Right
1   9   500        9253       116269     116769     738        2500       1  Right
0   14  500        9276       116269     116770     738        2000       1  Left 
15  1   100        9273       116769     116870     739        700        1  Right
4   0   100        9290       116770     116871     740        300        1  Right
4   8   100        9292       116871     116971     742        1100       1  Left 
11  4   100        9321       116971     117071     743        200        1  Right
6   8   100        9349       116971     117072     742        500        1  Right
11  6   100        9322       117072     117172     745        800        1  Left 
10  6   100        9329       117172     117272     746        200        1  Right
1   0   500        9291       116871     117371     742        500        1  Right
6   8   100        9350       117272     117373     746        500        1  Right
4   1   100        9299       117371     117472     748        400        1  Right
5   8   100        9351       117373     117473     748        800        1  Right
13  0   100        9301       117472     117572     750        500        1  Left 
14  0   100        9308       117572     117672     752        400        1  Left 
1   15  500        9299       117473     117974     751        3500       1  Right
0   13  500        9332       117672     118173     752        2500       1  Left 
14  1   100        9310       118173     118273     755        500        1  Left 
5   10  500        9375       117974     118475     753        2500       1  Right
1   4   500        9331       118273     118774     755        2000       1  Right
9   0   100        9316       118774     118874     758        600        1  Right
15  1   100        9324       118874     118974     759        700        1  Right
0   5   100        9332       118974     119074     759        1000       1  Right
4   11  500        9342       118774     119075     757        1000       1  Right
1   14  500        9332       119074     119375     760        5500       1  Right
8   5   100        9333       119375     119475     762        800        1  Right
14  4   100        9365       119375     119476     762        100        1  Left 
8   6   100        9333       119475     119477     763        500        1  Right
1   15  500        9350       119476     119878     764        4500       1  Left 
10  5   100        9354       119878     119978     766        500        1  Right
4   6   100        9361       119978     120078     767        600        1  Left 
11  2   100        9366       120078     120079     768        1100       1  Left 
8   0   500        9343       119878     120279     766        1000       1  Right
7   1   100        9355       120279     120379     770        200        1  Right
4   1   100        9362       120379     120479     771        400        1  Right
4   0   100        9366       120479     120579     772        300        1  Right
6   5   500        9369       120079     120580     769        1500       1  Right
15  3   100        9389       120580     120680     774        600        1  Left 
0   9   500        9367       120579     121080     773        3000       1  Right
13  0   100        9380       121080     121081     776        500        1  Left 
5   1   100        9392       121080     121082     776        900        1  Right
8   4   100        9382       121082     121182     778        500        1  Right
8   4   100        9384       121182     121282     779        500        1  Right
15  8   100        9393       121282     121382     780        600        1  Right
1   4   500        9395       121282     121783     780        2000       1  Right
15  3   100        9394       121783     121883     782        600        1  Left 
0   1   100        9397       121783     121884     782        100        1  Right
