
581
C:/Users/nxconrad/Desktop/REU 2.0/Benchmark Data/16-core/7/flow_freqmine100#2.txt
810
[8, 3, 0, 11, 15, 13, 9, 6, 14, 2, 4, 1, 12, 5, 10, 7]
10  1   100        6420       6422       6522       0          300        1  Right
10  0   100        6422       6522       6622       1          400        1  Left 
2   15  500        6428       6522       7023       0          2500       1  Right
0   3   500        6423       6622       7123       1          500        1  Right
12  0   100        6439       7123       7223       3          600        1  Left 
6   2   500        6435       7023       7524       2          1000       1  Right
2   6   100        6460       7524       7624       5          200        1  Right
1   11  500        6440       7223       7724       4          4000       1  Left 
3   0   100        6455       7724       7824       7          100        1  Right
15  8   100        6469       7824       7924       8          400        1  Right
1   5   500        6460       7724       8225       7          1000       1  Right
8   15  500        6520       7924       8425       9          2000       1  Right
7   8   100        6567       8425       8525       10         100        1  Left 
1   10  500        6461       8225       8726       10         1500       1  Right
1   5   100        6468       8726       8826       13         200        1  Right
3   13  500        6537       8425       8926       10         2000       1  Right
11  1   100        6477       8926       8927       15         800        1  Right
0   12  500        6475       8926       9327       15         3000       1  Left 
12  0   100        6513       9327       9427       17         600        1  Left 
6   1   500        6485       8927       9428       16         2000       1  Right
0   9   100        6526       9427       9528       17         400        1  Right
10  1   100        6513       9428       9529       19         300        1  Right
0   7   100        6527       9528       9629       19         300        1  Left 
1   11  500        6513       9529       9630       21         4000       1  Right
0   12  500        6549       9629       9730       21         3000       1  Left 
11  3   100        6551       9730       9830       23         200        1  Right
9   3   100        6564       9830       9930       24         500        1  Right
5   1   500        6529       9730       10230      23         1000       1  Right
8   7   500        6588       9730       10232      23         500        1  Left 
3   9   500        6600       9930       10431      25         2500       1  Right
1   10  500        6554       10230      10731      26         1500       1  Right
12  1   100        6596       10731      10831      29         100        1  Right
1   2   100        6612       10831      10931      30         200        1  Right
0   8   500        6588       10431      10932      28         1000       1  Right
7   1   100        6613       10931      11032      31         400        1  Right
10  8   100        6595       11032      11132      33         200        1  Left 
6   2   500        6677       10931      11432      30         1000       1  Right
8   10  500        6621       11132      11633      33         1000       1  Left 
10  3   100        6643       11633      11733      35         300        1  Left 
2   0   500        6614       11432      11933      35         3500       1  Right
1   0   100        6617       11933      12033      38         700        1  Left 
8   0   100        6648       12033      12133      38         200        1  Right
1   12  500        6627       12033      12533      38         500        1  Right
12  0   100        6660       12533      12633      40         600        1  Left 
2   1   500        6633       12533      13033      40         1000       1  Right
0   1   500        6638       13033      13533      42         3500       1  Left 
15  1   100        6639       13533      13633      43         700        1  Right
9   1   100        6640       13633      13733      44         500        1  Right
15  0   100        6703       13633      13734      44         200        1  Right
0   6   100        6672       13734      13834      46         500        1  Right
15  8   100        6705       13834      13934      47         400        1  Right
1   7   500        6664       13733      14234      45         2000       1  Right
8   0   500        6709       13934      14435      48         1000       1  Right
1   15  500        6665       14234      14436      49         3500       1  Right
0   12  500        6696       14435      14637      50         3000       1  Left 
0   13  100        6696       14637      14737      52         300        1  Right
8   7   100        6757       14637      14738      52         100        1  Left 
1   9   500        6687       14436      14937      51         2500       1  Right
2   1   100        6692       14937      15037      55         200        1  Right
6   1   100        6705       15037      15137      56         400        1  Right
15  1   100        6712       15137      15237      57         700        1  Right
0   3   500        6752       14737      15239      53         500        1  Right
7   0   100        6710       15239      15339      59         300        1  Left 
0   8   100        6761       15339      15439      60         200        1  Right
1   2   500        6713       15237      15738      58         1000       1  Right
7   1   100        6721       15738      15838      62         400        1  Right
13  2   100        6725       15738      15839      62         400        1  Right
7   0   100        6723       15838      15939      63         300        1  Left 
7   8   100        6765       15939      16039      65         100        1  Left 
1   15  500        6738       15839      16340      64         3500       1  Right
9   0   100        6733       16340      16440      67         400        1  Right
12  0   100        6738       16440      16540      68         600        1  Left 
1   6   500        6746       16340      16841      67         2000       1  Right
12  1   100        6740       16841      16941      70         100        1  Right
2   13  500        6746       16841      17342      70         2000       1  Right
1   7   500        6767       16941      17442      71         2000       1  Right
8   13  100        6757       17342      17442      72         500        1  Right
9   1   100        6744       17442      17443      73         1100       1  Left 
9   0   100        6746       17443      17543      74         400        1  Right
8   12  100        6757       17443      17544      74         400        1  Left 
8   11  100        6757       17544      17644      76         300        1  Right
6   2   500        6747       17342      17744      72         1000       1  Right
8   10  100        6757       17644      17744      77         200        1  Left 
8   9   100        6757       17744      17844      78         600        1  Right
15  6   100        6763       17844      17944      79         300        1  Right
9   8   100        6780       17944      18044      80         600        1  Right
2   6   100        6790       17944      18045      80         200        1  Right
1   12  500        6774       17544      18046      76         500        1  Right
10  8   100        6782       18044      18146      81         200        1  Left 
15  1   100        6764       18046      18147      83         700        1  Right
11  8   100        6784       18146      18247      84         300        1  Right
15  0   100        6768       18247      18347      86         200        1  Right
12  8   100        6786       18247      18348      86         400        1  Left 
3   0   100        6786       18347      18448      87         100        1  Right
13  8   100        6788       18448      18548      89         500        1  Right
1   9   500        6790       18147      18648      85         2500       1  Right
13  8   100        6796       18548      18649      90         500        1  Right
2   5   100        6815       18648      18749      91         400        1  Right
3   11  500        6838       18649      19150      92         1000       1  Right
1   15  500        6792       18749      19250      93         3500       1  Right
12  4   100        6821       19250      19350      95         200        1  Right
3   10  500        6935       19150      19651      94         1500       1  Left 
8   15  100        6829       19651      19751      97         400        1  Right
5   2   500        6846       19350      19851      96         2000       1  Right
8   15  100        6837       19751      19852      98         400        1  Right
7   1   100        6818       19851      19952      99         400        1  Right
9   1   100        6846       19952      20052      101        500        1  Right
15  8   500        6875       19852      20353      100        2000       1  Right
14  8   100        6908       20353      20453      103        800        1  Right
4   12  500        6847       20052      20553      102        1000       1  Right
14  3   100        6912       20453      20553      104        700        1  Right
7   8   100        6910       20453      20554      104        100        1  Left 
7   3   100        6962       20554      20654      106        200        1  Left 
0   1   500        6896       20553      21054      105        4500       1  Right
1   7   500        6864       21054      21554      108        2000       1  Right
8   13  500        6934       21054      21555      108        2500       1  Right
10  2   100        7037       21554      21556      108        500        1  Right
3   14  500        6943       21555      21956      110        3500       1  Right
8   7   500        6935       21555      21957      110        500        1  Left 
1   0   100        6870       21956      22057      112        900        1  Right
1   9   500        6892       22057      22557      114        2500       1  Right
1   0   100        6929       22557      22657      115        700        1  Left 
9   8   100        6938       22657      22757      116        600        1  Right
0   1   500        6950       22757      23257      117        3500       1  Left 
8   14  500        6954       23257      23757      118        4000       1  Right
8   9   500        6959       23757      24257      119        3000       1  Right
0   8   500        6971       24257      24757      120        1000       1  Right
1   0   100        6972       24757      24857      121        700        1  Left 
0   10  100        6974       24857      24957      122        400        1  Left 
4   8   100        6975       24957      25057      123        600        1  Left 
9   3   100        6984       24957      25058      123        500        1  Right
0   1   500        6993       25058      25558      125        3500       1  Left 
0   10  100        6998       25558      25658      126        400        1  Left 
14  1   100        7006       25558      25659      126        300        1  Right
0   15  100        7011       25658      25759      127        200        1  Right
3   4   100        6998       25659      25760      128        700        1  Left 
3   5   100        6998       25760      25761      130        400        1  Left 
1   0   100        7014       25760      25762      130        900        1  Right
3   6   100        6998       25762      25862      132        600        1  Right
8   4   500        7011       25762      26263      132        3000       1  Left 
4   3   100        7008       26263      26363      134        700        1  Left 
5   3   100        7015       26363      26463      135        400        1  Left 
6   3   100        7023       26463      26563      135        600        1  Right
8   0   100        7028       26563      26663      136        200        1  Right
3   7   100        7054       26663      26763      137        200        1  Left 
0   12  100        7067       26763      26764      138        600        1  Left 
1   14  500        7027       26363      26765      134        1500       1  Right
2   5   100        7066       26765      26865      140        400        1  Right
12  4   100        7073       26865      26965      141        200        1  Right
6   15  500        7065       26563      26966      136        1500       1  Right
0   3   500        7078       26764      27265      139        500        1  Right
0   15  100        7086       27265      27365      144        200        1  Right
2   10  500        7073       26965      27466      142        2500       1  Right
13  1   100        7032       27466      27566      146        600        1  Right
14  1   100        7048       27566      27567      147        300        1  Right
12  6   100        7074       27566      27568      147        1100       1  Left 
14  1   100        7061       27567      27569      148        300        1  Right
12  6   100        7097       27568      27570      149        1100       1  Left 
1   13  500        7058       27570      28070      151        3000       1  Right
14  0   100        7063       28070      28170      152        600        1  Right
13  0   100        7086       28170      28270      153        300        1  Right
13  8   100        7088       28270      28370      154        500        1  Right
4   12  500        7099       28070      28571      152        1000       1  Right
6   2   500        7077       28170      28671      153        1000       1  Right
8   0   500        7098       28370      28871      155        1000       1  Right
3   0   100        7107       28871      28971      158        100        1  Right
10  8   100        7119       28871      28972      158        200        1  Left 
1   14  500        7069       28671      28973      157        1500       1  Right
6   12  500        7133       28972      28974      159        5500       1  Left 
7   8   100        7141       28974      29074      161        100        1  Left 
1   14  500        7082       28973      29174      161        1500       1  Right
9   8   100        7150       29074      29175      162        600        1  Right
5   2   500        7097       29174      29675      164        2000       1  Right
0   1   500        7093       29675      30175      166        3500       1  Left 
13  1   100        7095       30175      30275      167        600        1  Right
15  1   100        7100       30275      30375      168        700        1  Right
14  1   100        7104       30375      30475      169        300        1  Right
13  6   100        7149       30375      30476      168        200        1  Right
15  1   100        7118       30475      30576      170        900        1  Left 
1   0   100        7121       30576      30676      172        700        1  Left 
1   13  500        7121       30676      31176      173        3000       1  Right
1   14  500        7125       31176      31676      173        1500       1  Right
1   15  500        7127       31676      32176      174        3500       1  Right
12  2   100        7128       32176      32276      175        300        1  Right
14  3   100        7158       32176      32277      175        700        1  Right
8   4   100        7130       32276      32377      176        600        1  Left 
8   7   100        7130       32377      32477      178        100        1  Left 
0   1   500        7142       32377      32878      178        4500       1  Right
8   15  100        7130       32878      32978      180        400        1  Right
13  1   100        7150       32878      32979      180        600        1  Right
8   14  100        7130       32979      33079      182        800        1  Right
2   1   100        7155       32979      33080      182        200        1  Right
8   9   100        7130       33079      33180      183        600        1  Right
2   1   100        7155       33080      33181      184        200        1  Right
13  0   100        7154       33180      33281      185        300        1  Right
4   8   100        7153       33181      33282      186        600        1  Left 
3   9   500        7281       33281      33782      186        2500       1  Right
2   12  500        7155       33282      33783      188        1500       1  Right
0   8   100        7155       33782      33883      189        200        1  Right
1   15  500        7144       33783      34284      190        3500       1  Right
1   0   100        7163       34284      34384      192        700        1  Left 
14  8   100        7172       34384      34484      193        800        1  Right
15  8   100        7174       34484      34584      194        400        1  Right
12  6   100        7186       34584      34585      195        1100       1  Left 
15  0   100        7189       34585      34685      196        200        1  Right
1   2   500        7176       34384      34786      193        1000       1  Right
0   15  500        7210       34685      35186      197        1000       1  Right
1   13  500        7178       34786      35287      198        3000       1  Right
8   13  100        7225       35287      35387      199        500        1  Right
8   13  100        7227       35387      35487      200        500        1  Right
1   2   500        7179       35287      35787      200        1000       1  Right
13  8   500        7256       35487      35988      201        2500       1  Right
6   12  500        7363       35787      36288      202        2500       1  Right
2   0   100        7221       36288      36388      205        700        1  Right
15  0   100        7231       36388      36488      205        200        1  Right
8   10  500        7305       35988      36489      203        1000       1  Left 
0   2   500        7247       36488      36989      206        3500       1  Right
7   2   100        7338       36989      37089      208        600        1  Right
0   15  500        7252       36989      37489      208        1000       1  Right
0   11  100        7277       37489      37589      210        100        1  Right
15  1   100        7279       37489      37590      210        700        1  Right
0   7   100        7300       37589      37690      211        300        1  Left 
1   15  500        7305       37590      38091      212        3500       1  Right
0   8   500        7350       37690      38191      213        1000       1  Right
15  0   100        7333       38191      38291      215        200        1  Right
2   7   500        7379       38091      38592      214        3000       1  Right
7   8   100        7430       38592      38692      217        100        1  Left 
0   15  500        7354       38291      38792      216        1000       1  Right
15  0   100        7388       38792      38892      219        200        1  Right
8   0   100        7408       38892      38992      220        200        1  Right
3   0   100        7431       38992      39092      221        100        1  Right
1   12  500        7412       38592      39093      217        500        1  Right
8   7   500        7451       38992      39494      221        500        1  Left 
3   14  500        7450       39092      39495      222        3500       1  Right
4   8   100        7438       39494      39496      224        600        1  Left 
2   0   100        7474       39495      39595      225        700        1  Right
3   7   100        7463       39496      39597      226        200        1  Left 
5   8   100        7481       39597      39697      228        300        1  Left 
0   1   500        7365       39595      40096      227        4500       1  Right
12  1   100        7381       40096      40196      230        100        1  Right
15  1   100        7390       40196      40296      231        700        1  Right
10  1   100        7399       40296      40396      232        300        1  Right
15  4   100        7453       40296      40397      232        600        1  Right
0   3   500        7399       40096      40597      230        500        1  Right
10  0   100        7483       40597      40697      235        400        1  Left 
1   15  500        7417       40397      40898      234        3500       1  Right
0   13  100        7404       40898      40998      237        300        1  Right
1   10  500        7440       40898      41399      237        1500       1  Right
6   13  500        7441       40998      41499      238        1000       1  Right
4   3   100        7442       41399      41500      239        700        1  Left 
0   13  100        7473       41499      41600      240        300        1  Right
5   3   100        7485       41500      41600      241        400        1  Left 
12  2   100        7458       41500      41601      241        300        1  Right
7   3   500        7486       41600      42101      242        1000       1  Left 
6   12  500        7463       41601      42102      243        2500       1  Right
8   4   500        7474       42102      42103      245        3000       1  Left 
0   2   500        7500       42102      42104      245        3500       1  Right
6   8   100        7483       42104      42204      247        700        1  Right
10  8   100        7485       42204      42304      248        200        1  Left 
6   3   100        7487       42204      42305      248        600        1  Right
2   12  500        7484       42104      42605      247        1500       1  Right
13  1   100        7489       42605      42705      251        600        1  Right
10  1   100        7492       42705      42805      252        300        1  Right
8   0   500        7485       42305      42806      250        1000       1  Right
7   3   100        7494       42806      42906      254        200        1  Left 
7   1   100        7540       42906      42907      254        400        1  Right
0   8   100        7544       42906      42908      254        200        1  Right
7   8   100        7548       42908      43008      256        100        1  Left 
4   15  500        7494       42705      43108      252        3000       1  Right
8   6   500        7509       43108      43608      259        3500       1  Right
2   0   100        7538       43608      43708      259        700        1  Right
13  0   100        7547       43708      43808      260        300        1  Right
8   5   500        7512       43608      44108      260        1500       1  Left 
8   4   100        7512       44108      44109      263        600        1  Left 
8   5   100        7512       44109      44209      264        300        1  Left 
0   2   500        7564       43808      44210      261        3500       1  Right
2   0   100        7591       44210      44211      265        700        1  Right
3   4   500        7536       44209      44611      264        3500       1  Left 
8   6   100        7512       44611      44711      268        700        1  Right
8   7   100        7512       44711      44811      269        100        1  Left 
12  6   100        7516       44711      44812      269        500        1  Right
8   13  100        7512       44811      44912      270        500        1  Right
1   13  500        7515       44912      45412      272        3000       1  Right
3   5   500        7537       44912      45413      271        2000       1  Left 
0   13  500        7578       45412      45414      272        1500       1  Right
3   6   500        7538       45413      45415      273        5000       1  Left 
3   4   100        7547       45415      45515      275        900        1  Right
6   8   100        7550       45515      45615      276        700        1  Right
0   7   100        7579       45615      45715      277        300        1  Left 
0   11  100        7603       45715      45815      278        100        1  Right
1   10  500        7538       45415      45915      275        1500       1  Right
12  5   100        7541       45915      46015      280        100        1  Right
8   10  100        7612       45915      46016      280        200        1  Left 
3   5   100        7547       46016      46116      282        400        1  Left 
5   8   100        7552       46116      46216      283        300        1  Left 
0   2   500        7617       45815      46217      279        3500       1  Right
4   8   100        7554       46216      46218      284        600        1  Left 
3   6   100        7547       46217      46318      285        600        1  Right
4   1   100        7561       46218      46319      286        100        1  Right
13  8   100        7571       46318      46418      287        500        1  Right
5   12  500        7572       46218      46419      286        500        1  Right
1   7   500        7586       46418      46619      289        6000       1  Left 
5   1   100        7577       46619      46719      291        200        1  Right
10  6   100        7590       46619      46720      291        900        1  Left 
7   8   100        7640       46720      46820      292        100        1  Left 
11  2   100        7642       46720      46821      292        600        1  Right
3   7   100        7640       46820      46921      293        200        1  Left 
1   4   500        7596       46719      47220      292        500        1  Right
10  1   100        7591       47220      47320      297        300        1  Right
0   13  500        7642       46821      47323      294        1500       1  Right
4   3   100        7592       47320      47324      298        700        1  Left 
5   3   100        7598       47324      47424      300        400        1  Left 
0   2   500        7677       47323      47727      298        3500       1  Right
10  0   100        7595       47727      47827      302        400        1  Left 
1   5   500        7619       47424      47925      301        1000       1  Right
13  0   100        7609       47827      47928      303        300        1  Right
6   1   100        7606       47925      48025      304        400        1  Right
0   15  100        7712       47928      48029      304        200        1  Right
4   1   100        7639       48025      48126      305        100        1  Right
6   3   100        7606       48029      48130      307        600        1  Right
4   1   100        7652       48126      48227      307        100        1  Right
10  8   500        7674       47827      48328      302        1000       1  Left 
0   3   500        7723       48130      48632      307        500        1  Right
7   0   100        7644       48632      48732      311        300        1  Left 
1   10  500        7634       48328      48829      310        1500       1  Right
2   0   100        7650       48732      48833      312        700        1  Right
7   1   100        7653       48829      48930      313        400        1  Right
4   0   100        7654       48833      48931      314        800        1  Right
8   10  100        7661       48930      49027      315        200        1  Left 
5   1   100        7658       48930      49028      315        200        1  Right
5   1   100        7671       49028      49128      318        200        1  Right
5   0   100        7673       49128      49228      319        500        1  Left 
2   11  500        7673       48931      49433      316        3000       1  Right
11  8   100        7718       49433      49533      321        300        1  Right
7   8   100        7727       49533      49633      321        100        1  Left 
10  8   100        7761       49633      49733      322        200        1  Left 
1   6   500        7647       49433      49933      321        2000       1  Right
2   0   100        7714       49933      50033      325        700        1  Right
1   4   500        7670       49933      50433      325        500        1  Right
0   2   500        7740       50033      50534      325        3500       1  Right
0   8   100        7763       50534      50634      327        200        1  Right
1   4   500        7683       50433      50934      327        500        1  Right
13  1   100        7676       50934      51034      330        600        1  Right
15  4   100        7705       51034      51134      331        600        1  Right
15  6   100        7706       51134      51234      332        300        1  Right
15  6   100        7720       51234      51334      333        300        1  Right
15  2   100        7790       51334      51434      333        500        1  Right
1   5   500        7694       51034      51534      331        1000       1  Right
1   7   500        7699       51534      52034      336        2000       1  Right
6   1   100        7702       52034      52134      337        400        1  Right
8   7   500        7708       52034      52535      337        500        1  Left 
1   13  500        7703       52134      52635      338        3000       1  Right
8   10  100        7748       52535      52636      338        200        1  Left 
8   7   100        7787       52636      52736      340        100        1  Left 
8   7   100        7789       52736      52836      341        100        1  Left 
0   13  500        7789       52635      53135      339        1500       1  Right
1   5   500        7714       52635      53136      340        1000       1  Right
12  5   100        7792       53136      53236      344        100        1  Right
0   2   500        7806       53135      53636      343        3500       1  Right
6   1   100        7715       53636      53736      347        400        1  Right
0   10  100        7816       53636      53737      346        400        1  Left 
4   1   100        7729       53736      53837      347        100        1  Right
6   0   100        7717       53737      53838      349        500        1  Right
13  0   100        7758       53838      53938      350        300        1  Right
1   6   500        7743       53838      54338      350        2000       1  Right
8   11  500        7827       53938      54439      350        1500       1  Right
8   3   100        7828       54439      54539      352        100        1  Right
4   15  500        7746       54338      54839      352        3000       1  Right
0   9   100        7881       54839      54939      354        400        1  Right
0   9   100        7905       54939      55039      355        400        1  Right
1   6   500        7756       54839      55339      355        2000       1  Right
7   6   100        7764       55339      55439      358        800        1  Left 
1   4   500        7762       55339      55839      358        500        1  Right
7   1   100        7765       55839      55939      360        400        1  Right
6   15  500        7771       55439      55940      359        1500       1  Right
5   1   100        7789       55939      56039      361        200        1  Right
7   0   100        7769       55939      56040      361        300        1  Left 
15  6   100        7851       55940      56042      361        300        1  Right
2   0   100        7780       56040      56141      364        900        1  Left 
3   0   100        7807       56141      56241      366        100        1  Right
13  0   100        7836       56241      56341      366        300        1  Right
7   8   500        7798       56141      56641      366        500        1  Left 
6   12  500        7804       56141      56642      366        2500       1  Right
2   15  500        7821       56642      57142      370        2500       1  Right
1   7   500        7823       56642      57143      369        2000       1  Right
4   8   100        7824       57142      57243      370        1000       1  Right
6   1   100        7824       57243      57343      372        400        1  Right
2   1   100        7828       57343      57344      373        200        1  Right
5   12  500        7823       57143      57545      371        500        1  Right
6   10  500        7867       57343      57746      373        4500       1  Left 
1   5   500        7826       57545      58046      375        1000       1  Right
8   4   500        7860       57746      58247      376        5000       1  Right
13  1   100        7838       58247      58347      378        600        1  Right
5   8   100        7872       58247      58348      378        300        1  Left 
1   2   500        7853       58347      58848      379        1000       1  Right
8   0   500        7899       58348      58849      380        1000       1  Right
1   13  500        7865       58848      59349      381        3000       1  Right
8   5   500        7903       58849      59350      382        1500       1  Left 
1   6   500        7870       59349      59850      383        2000       1  Right
12  1   100        7873       59850      59950      385        100        1  Right
4   3   100        7892       59850      59951      385        900        1  Right
12  1   100        7873       59950      60051      386        100        1  Right
5   3   100        7937       59951      60051      386        400        1  Left 
13  4   100        7893       59951      60052      387        500        1  Right
6   8   100        7917       60052      60152      389        700        1  Right
1   12  500        7904       60051      60552      388        500        1  Right
4   13  500        7924       60152      60653      389        2500       1  Right
1   12  500        7907       60552      61053      391        500        1  Right
2   1   100        7875       61053      61153      393        200        1  Right
8   6   500        7943       60653      61154      391        3500       1  Right
10  1   100        7895       61153      61254      394        300        1  Right
6   3   100        7965       61154      61255      394        600        1  Right
12  2   100        7932       61254      61355      395        300        1  Right
11  1   100        7926       61355      61455      397        800        1  Left 
6   15  500        8010       61255      61756      396        1500       1  Right
9   2   100        7948       61756      61856      399        300        1  Right
1   10  500        7936       61455      61956      398        1500       1  Right
6   7   500        8026       61856      62357      400        4000       1  Left 
1   2   500        7951       61956      62457      401        1000       1  Right
0   10  100        7943       62357      62458      402        400        1  Left 
0   8   100        7956       62458      62558      404        200        1  Right
2   12  500        7960       62457      62958      403        1500       1  Right
12  0   100        7951       62958      62959      406        600        1  Left 
1   11  500        7962       62958      62960      406        4000       1  Right
0   12  500        7987       62959      63060      407        3000       1  Left 
2   1   100        7968       62960      63061      408        200        1  Right
11  0   100        8007       63060      63161      409        100        1  Right
10  1   100        7975       63061      63162      410        300        1  Right
11  8   100        8009       63161      63261      411        300        1  Right
2   9   500        7989       63061      63562      410        1500       1  Right
1   10  500        8016       63162      63664      412        1500       1  Right
0   3   500        8099       63261      63762      413        500        1  Right
11  1   100        8016       63664      63765      415        800        1  Right
10  0   100        8059       63762      63863      416        400        1  Left 
15  1   100        8043       63765      63866      417        700        1  Right
0   10  500        8105       63863      64364      418        2000       1  Left 
1   11  500        8052       63866      64367      419        4000       1  Right
9   8   100        8040       64367      64467      421        600        1  Right
7   1   100        8049       64367      64468      421        400        1  Right
8   4   100        8041       64467      64568      422        1000       1  Right
8   5   100        8041       64568      64668      424        300        1  Left 
7   8   100        8058       64668      64768      425        100        1  Left 
1   15  500        8069       64568      65069      424        3500       1  Right
8   6   100        8041       65069      65169      427        700        1  Right
8   7   100        8041       65169      65269      428        100        1  Left 
11  6   100        8087       65169      65270      428        400        1  Right
6   8   100        8060       65270      65370      430        700        1  Right
8   11  100        8100       65370      65371      431        300        1  Right
15  2   100        8107       65370      65372      431        500        1  Right
8   11  100        8101       65371      65373      432        300        1  Right
1   7   500        8095       65269      65572      429        2000       1  Right
5   8   100        8062       65572      65672      435        300        1  Left 
4   8   100        8064       65672      65772      436        600        1  Left 
2   15  500        8138       65372      65773      433        2500       1  Right
11  1   100        8088       65772      65774      437        800        1  Left 
13  4   100        8145       65773      65777      438        500        1  Right
7   1   100        8139       65774      65874      439        400        1  Right
11  0   100        8092       65774      65875      439        100        1  Right
13  6   100        8146       65777      65879      440        200        1  Right
0   7   100        8118       65875      65976      442        300        1  Left 
3   0   100        8128       65976      66076      444        100        1  Right
10  0   100        8158       66076      66176      445        400        1  Left 
1   11  500        8126       65879      66380      443        4000       1  Right
11  8   500        8121       66380      66880      447        1500       1  Right
1   7   500        8185       66380      66880      447        2000       1  Right
6   15  500        8153       66380      66881      447        1500       1  Right
0   13  100        8159       66881      66981      449        300        1  Right
9   1   100        8249       66881      66982      448        500        1  Right
15  2   100        8170       66982      67082      451        500        1  Right
10  1   100        8250       66982      67083      450        300        1  Right
3   8   500        8140       66880      67381      448        500        1  Right
4   13  500        8176       67082      67584      452        2500       1  Right
13  6   100        8180       67584      67684      455        200        1  Right
0   10  500        8204       67381      67882      454        2000       1  Left 
2   15  500        8201       67684      68185      456        2500       1  Right
0   14  100        8207       68185      68186      458        600        1  Right
3   4   500        8175       67882      68284      457        3500       1  Left 
13  2   100        8210       68186      68287      459        400        1  Right
3   5   500        8224       68284      68785      459        2000       1  Left 
6   13  500        8221       68287      68787      461        1000       1  Right
1   2   500        8213       68287      68788      461        1000       1  Right
15  6   100        8230       68787      68887      462        300        1  Right
14  2   100        8228       68788      68889      463        100        1  Right
13  6   100        8251       68887      68988      464        200        1  Right
0   12  500        8240       68785      69287      461        3000       1  Left 
1   3   100        8215       69287      69387      468        600        1  Left 
1   8   100        8219       69387      69487      469        500        1  Left 
2   13  500        8231       68988      69489      466        2000       1  Right
0   7   100        8252       69487      69588      469        300        1  Left 
1   10  500        8291       69487      69988      469        1500       1  Right
6   11  500        8369       69489      69990      470        2000       1  Right
2   3   100        8250       69988      70089      472        800        1  Left 
2   8   100        8254       70089      70189      474        700        1  Left 
15  5   100        8255       70189      70289      475        700        1  Left 
0   1   100        8260       70289      70389      476        700        1  Left 
0   1   100        8260       70389      70489      477        700        1  Left 
6   13  500        8440       69990      70491      472        1000       1  Right
2   14  500        8254       70189      70690      475        500        1  Right
0   7   500        8284       70489      70990      478        1500       1  Left 
5   15  500        8301       70690      71191      480        4500       1  Right
8   9   500        8160       71191      71691      483        3000       1  Right
8   0   100        8196       71691      71791      484        200        1  Right
12  0   100        8204       71791      71891      485        600        1  Left 
7   0   100        8233       71891      71991      485        300        1  Left 
12  0   100        8290       71991      72091      486        600        1  Left 
1   9   500        8295       71691      72192      483        2500       1  Right
0   12  500        8326       72091      72592      487        3000       1  Left 
6   15  500        8532       72192      72693      486        1500       1  Right
8   1   500        8290       72592      73093      489        2500       1  Left 
14  8   100        8301       73093      73094      491        800        1  Left 
3   6   500        8259       72693      73095      490        3000       1  Right
2   1   100        8363       73094      73195      492        200        1  Right
15  5   100        8506       73195      73295      493        900        1  Right
8   0   500        8290       73095      73596      493        1000       1  Right
7   0   100        8335       73596      73696      496        300        1  Left 
5   15  500        8552       73295      73697      493        4500       1  Right
10  0   100        8343       73696      73698      497        400        1  Left 
9   0   100        8359       73698      73798      499        400        1  Right
8   2   500        8311       73698      74198      499        3500       1  Left 
8   14  500        8347       74198      74698      501        4000       1  Right
1   2   500        8384       74198      74699      501        1000       1  Right
9   8   100        8361       74698      74799      502        600        1  Right
12  0   100        8363       74799      74899      504        600        1  Left 
9   1   100        8368       74799      74900      504        500        1  Right
0   7   500        8386       74899      75400      505        1500       1  Left 
1   9   500        8414       74900      75401      506        2500       1  Right
9   6   100        8461       75401      75501      507        100        1  Right
0   10  500        8389       75400      75901      507        2000       1  Left 
8   1   100        8386       75901      76001      510        500        1  Left 
8   2   100        8386       76001      76101      511        700        1  Left 
8   14  100        8386       76101      76201      512        800        1  Right
8   11  100        8386       76201      76301      513        300        1  Right
11  1   100        8402       76301      76302      514        800        1  Right
2   1   100        8406       76302      76402      515        200        1  Right
0   12  500        8399       76301      76702      514        3000       1  Left 
11  8   100        8414       76702      76802      517        300        1  Right
7   1   100        8440       76702      76803      516        400        1  Right
1   8   100        8424       76803      76903      518        500        1  Left 
2   8   100        8425       76903      77003      519        700        1  Left 
0   3   500        8423       76802      77303      518        500        1  Right
0   11  100        8424       77303      77403      521        100        1  Right
14  8   100        8428       77403      77503      522        800        1  Right
1   2   500        8427       77003      77504      520        1000       1  Right
14  8   100        8435       77503      77604      523        800        1  Right
10  0   100        8452       77604      77704      525        400        1  Left 
12  0   100        8461       77704      77705      526        600        1  Left 
1   11  500        8440       77604      77706      525        4000       1  Right
0   12  500        8497       77705      77907      527        3000       1  Left 
1   13  500        8489       77706      78207      528        3000       1  Right
10  1   100        8454       78207      78307      530        300        1  Right
8   9   100        8492       78207      78308      530        600        1  Right
8   9   100        8493       78308      78408      532        600        1  Right
1   7   500        8495       78307      78808      531        2000       1  Right
2   3   500        8526       78408      78909      532        4000       1  Right
1   10  500        8498       78808      79309      534        1500       1  Right
10  4   100        8587       79309      79409      535        400        1  Right
8   14  500        8532       78909      79410      534        4000       1  Right
4   10  500        8613       79409      79910      536        2000       1  Right
2   13  500        8548       79410      79911      537        2000       1  Right
9   1   100        8462       79911      80011      540        500        1  Right
13  1   100        8463       80011      80111      541        600        1  Right
9   0   100        8466       80111      80211      542        400        1  Right
3   1   100        8466       80111      80212      542        600        1  Left 
11  1   100        8495       80212      80312      544        800        1  Left 
6   13  500        8554       80211      80712      542        1000       1  Right
3   2   500        8507       80312      80813      545        4000       1  Left 
9   8   500        8503       80813      81313      547        3000       1  Right
1   9   500        8510       81313      81813      548        2500       1  Right
0   8   500        8513       81313      81814      548        1000       1  Right
0   5   100        8514       81814      81815      550        500        1  Left 
12  0   100        8531       81815      81816      550        600        1  Left 
1   11  500        8531       81813      81817      548        4000       1  Right
0   12  500        8567       81816      82018      551        3000       1  Left 
2   13  500        8591       81817      82318      552        2000       1  Right
1   0   500        8543       82018      82519      553        3500       1  Left 
3   2   100        8517       82519      82619      556        800        1  Right
13  2   100        8527       82619      82719      556        400        1  Right
13  2   100        8570       82719      82819      557        400        1  Right
13  6   100        8610       82819      82919      558        200        1  Right
1   0   500        8556       82619      83120      556        3500       1  Left 
3   1   100        8557       83120      83220      560        600        1  Left 
0   11  100        8567       83120      83221      560        100        1  Right
5   2   100        8578       83220      83321      561        400        1  Right
7   0   100        8561       83221      83322      562        300        1  Left 
11  0   100        8607       83322      83422      564        100        1  Right
0   8   100        8614       83422      83522      565        200        1  Right
2   5   500        8609       83321      83822      563        2000       1  Right
0   7   500        8618       83522      84023      566        1500       1  Left 
12  0   100        8612       84023      84123      568        600        1  Left 
13  5   100        8635       84123      84223      569        800        1  Left 
1   14  500        8612       83822      84323      567        1500       1  Right
8   1   100        8583       84323      84423      571        500        1  Left 
14  1   100        8591       84423      84523      572        300        1  Right
8   9   100        8684       84423      84524      572        600        1  Right
0   1   100        8621       84524      84624      574        700        1  Left 
15  1   100        8622       84624      84625      575        700        1  Right
15  1   100        8622       84625      84626      576        700        1  Right
15  2   100        8671       84626      84726      577        500        1  Right
0   12  500        8648       84624      84927      575        3000       1  Left 
14  0   100        8635       84927      85027      579        600        1  Right
1   8   500        8634       84927      85427      579        2500       1  Left 
14  8   100        8637       85427      85527      581        800        1  Left 
0   11  500        8651       85027      85528      580        500        1  Right
5   8   100        8654       85527      85627      582        300        1  Left 
14  1   100        8644       85527      85628      582        300        1  Right
14  6   100        8693       85628      85728      585        100        1  Right
5   13  500        8671       85627      86128      584        4000       1  Left 
7   0   100        8675       86128      86228      587        300        1  Left 
1   15  500        8648       86128      86628      587        3500       1  Right
1   15  500        8651       86628      87128      589        3500       1  Right
15  0   100        8690       87128      87228      590        200        1  Right
9   8   100        8692       87228      87328      591        600        1  Right
1   14  500        8665       87128      87628      590        1500       1  Right
7   1   100        8677       87628      87728      593        400        1  Right
7   4   100        8783       87728      87828      593        500        1  Right
2   15  500        8702       87628      88129      593        2500       1  Right
14  1   100        8694       88129      88229      596        300        1  Right
8   14  100        8713       88229      88329      597        800        1  Left 
8   14  100        8715       88329      88429      598        800        1  Left 
0   15  500        8711       88129      88630      596        1000       1  Right
0   9   100        8726       88630      88730      599        400        1  Right
8   5   500        8803       88429      88929      598        1500       1  Left 
1   14  500        8717       88429      88930      599        1500       1  Right
0   11  500        8741       88730      89230      600        500        1  Right
6   9   500        8733       88730      89232      600        500        1  Right
3   15  100        8785       89230      89330      603        300        1  Right
14  0   100        8698       89330      89430      606        600        1  Right
1   7   500        8735       88930      89432      602        2000       1  Right
11  0   100        8700       89430      89531      607        100        1  Right
14  8   500        8749       89432      89933      607        4000       1  Left 
12  0   100        8724       89933      90033      610        600        1  Left 
9   1   100        8756       89933      90034      609        500        1  Right
11  1   100        8782       90034      90035      611        800        1  Right
9   1   100        8854       90035      90135      611        500        1  Right
0   12  500        8760       90033      90435      610        3000       1  Left 
1   3   500        8751       90435      90935      614        3000       1  Left 
12  0   100        8795       90935      91035      615        600        1  Left 
0   10  100        8798       91035      91135      616        400        1  Left 
11  0   100        8861       91135      91235      616        100        1  Right
13  5   100        8886       91235      91236      617        800        1  Left 
1   9   500        8802       90935      91337      615        2500       1  Right
4   7   500        8814       91337      91837      620        2500       1  Right
0   4   100        8816       91837      91937      621        800        1  Right
12  1   100        8865       91837      91938      620        100        1  Right
10  4   100        8839       91937      91939      621        1200       1  Left 
5   1   100        8902       91938      91940      622        200        1  Right
10  6   100        8840       91939      92040      623        900        1  Left 
2   4   500        8902       91939      92440      623        500        1  Right
1   11  500        8818       92040      92541      626        4000       1  Left 
0   12  500        8831       92541      93041      627        3000       1  Left 
10  6   100        8849       93041      93141      628        700        1  Right
0   9   100        8869       93041      93142      628        400        1  Right
4   10  500        8865       93141      93642      629        2000       1  Right
0   11  500        8904       93142      93643      630        500        1  Right
1   3   100        8896       93642      93742      631        600        1  Left 
4   2   100        8866       93642      93743      631        100        1  Right
3   1   100        8909       93742      93842      633        600        1  Left 
0   15  500        8964       93643      94145      630        1000       1  Right
6   10  500        8875       93842      94343      635        3500       1  Right
10  2   100        8894       94343      94443      637        500        1  Right
6   13  500        8904       94343      94844      637        1000       1  Right
2   10  500        8930       94443      94944      636        2500       1  Right
6   14  500        8997       94844      95345      637        500        1  Right
1   9   500        8902       94944      95445      640        5500       1  Left 
1   0   500        8910       95445      95945      642        3500       1  Left 
5   13  500        8922       95945      96445      643        4000       1  Right
8   0   500        8941       95945      96446      641        1000       1  Right
4   8   100        8939       96446      96546      643        1000       1  Right
15  0   100        8943       96546      96646      644        200        1  Right
9   0   100        8957       96646      96746      645        400        1  Right
11  0   100        8962       96746      96846      646        100        1  Right
1   12  500        8935       96445      96946      642        500        1  Right
10  6   100        8971       96846      96947      647        900        1  Left 
1   5   500        8938       96946      97447      648        1000       1  Right
8   4   500        8975       96947      97448      649        5000       1  Right
11  1   100        8964       97448      97449      651        800        1  Right
5   0   100        8991       97448      97450      651        500        1  Left 
12  15  100        8975       97449      97550      652        800        1  Right
5   8   100        8993       97450      97551      653        300        1  Left 
15  0   100        8997       97550      97650      654        200        1  Right
13  1   100        8977       97550      97651      654        600        1  Right
15  0   100        9040       97650      97751      656        200        1  Right
13  1   100        8977       97651      97752      657        600        1  Right
15  3   500        9082       97751      98252      658        1500       1  Right
1   13  500        9006       97752      98253      659        3000       1  Right
0   1   100        8997       98253      98353      661        700        1  Left 
13  2   100        9029       98253      98354      661        400        1  Right
0   8   100        9009       98353      98453      662        200        1  Right
5   1   100        9000       98353      98454      662        200        1  Right
0   15  500        9018       98453      98954      664        1000       1  Right
1   13  500        9012       98454      98955      665        3000       1  Right
1   11  500        9018       98955      99455      667        4000       1  Right
8   4   100        9025       99455      99555      668        600        1  Left 
8   14  100        9025       99555      99655      669        800        1  Left 
7   4   100        9035       99655      99755      670        500        1  Right
7   6   100        9036       99755      99855      671        800        1  Right
0   9   500        9020       99455      99955      668        2000       1  Right
0   14  100        9028       99955      100055     673        600        1  Right
13  0   100        9048       100055     100155     674        300        1  Right
4   8   100        9048       100155     100255     675        1000       1  Right
1   5   500        9036       99855      100356     672        1000       1  Right
4   8   100        9053       100356     100357     677        600        1  Left 
0   15  500        9061       100255     100656     676        1000       1  Right
2   13  500        9050       100255     100657     676        2000       1  Right
15  0   100        9083       100656     100756     679        200        1  Right
4   7   500        9066       100357     100859     678        2500       1  Right
14  1   100        9048       100859     100959     682        300        1  Right
8   5   100        9107       100859     100960     682        300        1  Left 
8   5   100        9109       100960     101060     684        300        1  Left 
0   13  500        9079       100756     101257     681        1500       1  Right
9   0   100        9088       101257     101357     686        400        1  Right
5   6   100        9097       101357     101358     687        1000       1  Left 
1   14  500        9069       100959     101362     683        1500       1  Right
14  8   100        9061       101362     101462     689        800        1  Left 
5   1   100        9098       101462     101562     690        200        1  Right
7   2   100        9102       101562     101662     691        600        1  Right
3   6   100        9117       101662     101762     692        1000       1  Left 
0   15  500        9114       101358     101859     688        1000       1  Right
0   7   100        9114       101859     101959     694        300        1  Left 
3   15  100        9121       101959     102059     695        300        1  Right
6   10  500        9119       101762     102263     693        3500       1  Right
11  4   100        9069       102263     102363     697        700        1  Right
1   5   500        9136       102263     102764     697        1000       1  Right
4   11  500        9090       102363     102864     698        3500       1  Right
10  1   100        9147       102764     102865     699        300        1  Right
14  0   100        9096       102864     102965     700        600        1  Right
2   7   500        9145       102865     103366     701        3000       1  Right
0   14  500        9122       102965     103466     702        3000       1  Right
0   6   100        9122       103466     103566     704        500        1  Right
8   4   500        9168       103366     103867     703        3000       1  Left 
12  6   100        9146       103867     103967     706        500        1  Right
0   9   500        9139       103566     104067     705        2000       1  Right
7   6   100        9163       103967     104068     707        800        1  Right
0   15  500        9161       104067     104568     708        1000       1  Right
6   7   500        9184       104068     104569     709        4000       1  Right
5   0   100        9102       104569     104570     711        500        1  Left 
15  12  500        9116       104569     104971     711        4000       1  Right
5   8   500        9128       104570     105071     712        1500       1  Left 
6   2   100        9186       104971     105071     713        200        1  Right
15  0   100        9140       104971     105072     713        200        1  Right
14  0   100        9154       105072     105172     715        600        1  Right
1   10  500        9188       105071     105572     714        1500       1  Right
10  2   100        9241       105572     105672     717        500        1  Right
0   14  500        9180       105172     105673     716        3000       1  Right
0   14  100        9180       105673     105773     719        600        1  Right
15  0   100        9182       105773     105873     720        200        1  Right
7   6   100        9192       105773     105874     720        800        1  Right
14  1   100        9206       105874     105974     722        300        1  Right
9   1   100        9207       105974     106074     723        500        1  Right
4   1   100        9217       106074     106174     724        100        1  Right
0   15  500        9203       105873     106374     721        1000       1  Right
15  1   100        9220       106374     106474     726        900        1  Left 
12  15  100        9228       106474     106574     727        800        1  Left 
2   6   500        9232       106074     106576     724        1000       1  Right
15  1   100        9273       106574     106675     728        900        1  Left 
1   14  500        9227       106675     107175     730        1500       1  Right
6   10  500        9248       106675     107176     730        4500       1  Left 
1   15  500        9246       107176     107676     732        3500       1  Right
14  0   100        9250       107676     107776     733        600        1  Right
1   4   500        9248       107676     108176     733        500        1  Right
0   14  500        9276       107776     108277     734        3000       1  Right
6   8   100        9278       108277     108377     736        700        1  Right
2   10  500        9277       108176     108677     735        2500       1  Right
8   6   500        9304       108377     108878     737        3500       1  Right
1   9   500        9253       108878     109378     739        2500       1  Right
0   13  500        9332       108878     109379     738        1500       1  Right
6   7   500        9310       109378     109879     740        4000       1  Right
4   0   100        9290       109879     109979     742        800        1  Right
11  4   100        9321       109979     109980     743        700        1  Right
11  6   100        9322       109980     110080     744        400        1  Right
11  2   100        9366       110080     110081     744        600        1  Right
1   0   500        9291       109979     110281     743        3500       1  Left 
4   8   100        9292       110281     110381     747        600        1  Left 
13  0   100        9301       110281     110382     747        300        1  Right
4   1   100        9299       110381     110482     748        100        1  Right
14  0   100        9308       110382     110483     749        600        1  Right
0   5   100        9332       110483     110583     750        500        1  Left 
8   5   100        9333       110583     110683     751        300        1  Left 
1   15  500        9299       110483     110983     751        3500       1  Right
14  1   100        9310       110983     111083     754        300        1  Right
9   0   100        9316       110983     111084     754        400        1  Right
10  6   100        9329       111083     111184     754        700        1  Right
10  5   100        9354       111184     111284     756        100        1  Right
0   9   500        9367       111084     111585     755        2000       1  Right
1   4   500        9331       111184     111685     756        500        1  Right
8   6   100        9333       111585     111686     758        700        1  Right
1   14  500        9332       111685     112186     759        1500       1  Right
8   0   500        9343       111686     112187     760        1000       1  Right
15  1   100        9324       112186     112287     762        700        1  Right
7   1   100        9355       112287     112387     763        400        1  Right
4   11  500        9342       112287     112787     763        3500       1  Right
6   8   100        9349       112787     112887     765        700        1  Right
14  4   100        9365       112787     112888     765        200        1  Right
6   8   100        9350       112887     112988     766        700        1  Right
5   8   100        9351       112988     113088     768        300        1  Left 
1   15  500        9350       112988     113488     768        3500       1  Right
4   6   100        9361       113488     113588     770        300        1  Right
5   10  500        9375       113088     113589     769        500        1  Right
15  3   100        9389       113488     113590     770        300        1  Right
4   1   100        9362       113588     113689     771        100        1  Right
6   5   500        9369       113590     114091     773        5000       1  Left 
4   0   100        9366       114091     114191     775        800        1  Right
5   1   100        9392       114091     114192     775        200        1  Right
13  0   100        9380       114191     114292     776        300        1  Right
8   4   100        9382       114192     114293     777        600        1  Left 
8   4   100        9384       114293     114393     779        600        1  Left 
15  8   100        9393       114393     114493     780        400        1  Right
15  3   100        9394       114493     114593     781        300        1  Right
1   4   500        9395       114393     114894     780        500        1  Right
0   1   100        9397       114894     114994     783        700        1  Left 
